Xiaomi 0.993232488632
bounds: (492,315),(565,315),(565,401),(492,401)
Samsung Group 0.977487683296
bounds: (755,367),(901,367),(901,418),(755,418)
South Indian Bank 0.938356935978
bounds: (452,188),(597,188),(597,275),(452,275)
South Indian Bank 0.900090098381
bounds: (861,280),(939,280),(939,340),(861,340)
South Indian Bank 0.836944043636
bounds: (80,2),(327,2),(327,115),(80,115)
South Indian Bank 0.797332763672
bounds: (897,199),(964,199),(964,258),(897,258)
Bell Canada 0.582037985325
bounds: (0,248),(132,248),(132,354),(0,354)
UK Power Networks 0.578693270683
bounds: (111,109),(333,109),(333,230),(111,230)
