77.60910051882 12.973062889663 484966745887619
77.579155080093 12.968907309708 337998521073977
77.580747138781 12.973098764208 973166190098268
77.579488176925 12.969259307732 480070543304960
77.59765595418 12.980439580186 852838582110976
77.567378055556 12.956966388889 327175932164213
77.580769937558 12.971866498713 284476549997732
77.615980555556 12.973430555556 129062809244273
77.610756826506 12.982847725022 478872646648126
77.579414248539 12.96923353338 640179044046540
77.59451441474 12.987585668464 214049646820046
77.580330642013 12.973357765016 152508373552614
