alcons
FREE PARKING FOR
PANTALOONS
CUSTOMERSI
ex
RAIMAMONDS
PRISES
BUY 2
GET 1
FREE
ON WIDE BANGE
OF BRANDS
 0.0 bounds: (25,84),(665,84),(665,365),(25,365)
alcons 0.0 bounds: (35,84),(156,111),(146,155),(25,128)
FREE 0.0 bounds: (607,239),(624,237),(625,246),(608,248)
PARKING 0.0 bounds: (626,237),(652,234),(653,243),(627,246)
FOR 0.0 bounds: (654,234),(664,233),(665,243),(655,244)
PANTALOONS 0.0 bounds: (615,248),(658,244),(659,253),(616,257)
CUSTOMERSI 0.0 bounds: (613,258),(658,254),(659,263),(614,267)
ex 0.0 bounds: (141,269),(158,269),(158,279),(141,279)
RAIMAMONDS 0.0 bounds: (510,272),(575,275),(574,287),(509,284)
PRISES 0.0 bounds: (587,297),(616,296),(616,303),(587,304)
BUY 0.0 bounds: (133,299),(154,299),(154,308),(133,308)
2 0.0 bounds: (160,299),(165,299),(165,308),(160,308)
GET 0.0 bounds: (134,312),(154,312),(154,321),(134,321)
1 0.0 bounds: (161,312),(163,312),(163,321),(161,321)
FREE 0.0 bounds: (134,324),(165,323),(165,333),(134,334)
ON 0.0 bounds: (128,354),(136,354),(136,358),(128,358)
WIDE 0.0 bounds: (139,353),(153,353),(153,358),(139,358)
BANGE 0.0 bounds: (156,353),(173,353),(173,357),(156,357)
OF 0.0 bounds: (136,360),(145,360),(145,365),(136,365)
BRANDS 0.0 bounds: (147,359),(166,359),(166,365),(147,365)
