AHAVEER AN
M
ies cot
POONAM
in W OCH GHALI ASLYM FANCY SON
AMMIE
OEY ATHA
MAYAS
 0.0 bounds: (30,22),(1021,22),(1021,328),(30,328)
AHAVEER 0.0 bounds: (48,155),(78,175),(72,183),(42,163)
AN 0.0 bounds: (83,178),(92,184),(87,192),(77,186)
M 0.0 bounds: (36,149),(48,158),(43,165),(31,156)
ies 0.0 bounds: (93,176),(80,167),(85,159),(98,169)
cot 0.0 bounds: (79,166),(69,159),(74,152),(84,159)
POONAM 0.0 bounds: (844,187),(943,113),(971,149),(872,224)
in 0.0 bounds: (888,217),(904,208),(911,220),(895,229)
W 0.0 bounds: (906,208),(912,205),(918,216),(912,219)
OCH 0.0 bounds: (925,198),(936,192),(943,203),(931,209)
GHALI 0.0 bounds: (938,189),(955,180),(961,192),(945,201)
ASLYM 0.0 bounds: (961,176),(983,164),(990,177),(968,189)
FANCY 0.0 bounds: (985,163),(1002,154),(1008,166),(992,175)
SON 0.0 bounds: (1003,152),(1013,146),(1020,158),(1010,164)
AMMIE 0.0 bounds: (766,22),(782,270),(732,274),(716,25)
OEY 0.0 bounds: (320,266),(321,292),(314,292),(313,266)
ATHA 0.0 bounds: (322,309),(323,328),(316,328),(315,309)
MAYAS 0.0 bounds: (203,220),(201,306),(184,306),(186,220)
