RBANMS ALUMNI ASSOCIA
PRESENTS
FAMI
DAY
FAIE
NOV- 4TH & STH
SAM P
AFun Day For The Students, Staft, Amni
VENUE RANMS Ground
FLEA MARKET
FOOD STALLS
FUr
PRE-IYERITY COLLESE
 0.0 bounds: (574,128),(1024,128),(1024,438),(574,438)
RBANMS 0.0 bounds: (884,158),(927,149),(928,155),(885,164)
ALUMNI 0.0 bounds: (931,147),(969,139),(971,147),(933,155)
ASSOCIA 0.0 bounds: (973,138),(1021,128),(1023,138),(975,148)
PRESENTS 0.0 bounds: (943,159),(981,150),(983,157),(945,166)
FAMI 0.0 bounds: (922,177),(1018,161),(1022,189),(927,205)
DAY 0.0 bounds: (852,202),(1015,183),(1023,255),(860,274)
FAIE 0.0 bounds: (917,255),(1020,245),(1024,279),(921,290)
NOV- 0.0 bounds: (939,291),(959,290),(959,296),(939,297)
4TH 0.0 bounds: (963,290),(977,289),(977,296),(963,297)
& 0.0 bounds: (979,288),(987,287),(988,295),(980,296)
STH 0.0 bounds: (989,287),(1003,286),(1003,292),(989,293)
SAM 0.0 bounds: (954,296),(968,295),(969,302),(955,303)
P 0.0 bounds: (980,294),(983,294),(983,300),(981,300)
AFun 0.0 bounds: (890,315),(905,314),(905,319),(890,320)
Day 0.0 bounds: (907,313),(917,312),(918,318),(908,319)
For 0.0 bounds: (919,312),(927,311),(927,316),(919,317)
The 0.0 bounds: (930,312),(939,311),(939,314),(930,315)
Students, 0.0 bounds: (942,310),(968,308),(968,313),(942,315)
Staft, 0.0 bounds: (971,308),(986,307),(986,311),(971,312)
Amni 0.0 bounds: (988,306),(1009,304),(1009,308),(988,310)
VENUE 0.0 bounds: (936,322),(954,320),(954,325),(936,327)
RANMS 0.0 bounds: (960,320),(985,318),(985,322),(960,324)
Ground 0.0 bounds: (988,317),(1010,315),(1010,319),(988,321)
FLEA 0.0 bounds: (777,353),(792,352),(792,357),(777,358)
MARKET 0.0 bounds: (796,351),(823,349),(823,353),(796,355)
FOOD 0.0 bounds: (886,344),(908,342),(909,348),(887,350)
STALLS 0.0 bounds: (911,343),(939,340),(939,344),(911,347)
FUr 0.0 bounds: (1009,334),(1023,333),(1023,338),(1009,339)
PRE-IYERITY 0.0 bounds: (574,430),(615,429),(615,437),(574,438)
COLLESE 0.0 bounds: (620,430),(639,430),(639,437),(620,437)
