Er Majestic
నంది ఇం
MAHA
and 79 bu
CEMENT
BUILD IT STRONG
MALUS COACHING
CLASSES
 0.0 bounds: (79,390),(970,390),(970,766),(79,766)
Er 0.0 bounds: (247,396),(276,397),(276,405),(247,404)
Majestic 0.0 bounds: (279,399),(296,399),(296,404),(279,404)
నంది 0.0 bounds: (881,393),(893,393),(893,401),(881,401)
ఇం 0.0 bounds: (929,391),(945,390),(945,397),(929,398)
MAHA 0.0 bounds: (83,439),(151,440),(151,458),(83,457)
and 0.0 bounds: (888,425),(929,424),(929,432),(888,433)
79 0.0 bounds: (942,425),(951,425),(951,432),(942,432)
bu 0.0 bounds: (958,425),(970,425),(970,432),(958,432)
CEMENT 0.0 bounds: (85,455),(141,455),(141,468),(85,468)
BUILD 0.0 bounds: (79,470),(101,470),(101,478),(79,478)
IT 0.0 bounds: (104,471),(109,471),(109,478),(104,478)
STRONG 0.0 bounds: (116,471),(143,472),(143,480),(116,479)
MALUS 0.0 bounds: (104,744),(138,740),(139,752),(105,756)
COACHING 0.0 bounds: (142,740),(189,735),(190,747),(143,752)
CLASSES 0.0 bounds: (123,755),(171,749),(172,759),(124,766)
