No pre-EMI tor 2 yeas
Assured rental for the next 2 years
3 BHK home RsS s ts
Call: 88804 65000
sesta
ENTRY
>>
Sioma
Mel
 0.0 bounds: (295,4),(997,4),(997,312),(295,312)
No 0.0 bounds: (901,6),(913,6),(913,15),(901,15)
pre-EMI 0.0 bounds: (915,7),(943,7),(943,16),(915,16)
tor 0.0 bounds: (945,5),(954,5),(954,14),(945,14)
2 0.0 bounds: (957,8),(961,8),(961,14),(957,14)
yeas 0.0 bounds: (963,4),(982,4),(982,16),(963,16)
Assured 0.0 bounds: (875,17),(906,17),(906,28),(875,28)
rental 0.0 bounds: (908,17),(930,17),(930,29),(908,29)
for 0.0 bounds: (932,18),(942,18),(942,29),(932,29)
the 0.0 bounds: (944,18),(954,18),(954,29),(944,29)
next 0.0 bounds: (956,18),(970,18),(970,29),(956,29)
2 0.0 bounds: (972,18),(978,18),(978,29),(972,29)
years 0.0 bounds: (980,18),(994,18),(994,29),(980,29)
3 0.0 bounds: (893,39),(899,39),(899,45),(893,45)
BHK 0.0 bounds: (901,39),(910,39),(910,44),(901,44)
home 0.0 bounds: (913,39),(930,39),(930,45),(913,45)
RsS 0.0 bounds: (932,38),(955,38),(955,45),(932,45)
s 0.0 bounds: (959,37),(972,37),(972,46),(959,46)
ts 0.0 bounds: (974,36),(997,36),(997,46),(974,46)
Call: 0.0 bounds: (848,73),(878,72),(878,86),(849,87)
88804 0.0 bounds: (883,71),(922,70),(923,85),(884,86)
65000 0.0 bounds: (925,69),(962,68),(963,84),(926,85)
sesta 0.0 bounds: (317,265),(296,267),(296,266),(317,264)
ENTRY 0.0 bounds: (861,256),(883,254),(884,264),(862,266)
>> 0.0 bounds: (864,274),(888,271),(890,288),(866,291)
Sioma 0.0 bounds: (867,295),(889,292),(890,299),(868,302)
Mel 0.0 bounds: (875,305),(888,303),(889,310),(876,312)
