SHINDE
Rey-Bun
AKSHMI BHAVAN
COMPUTERIED
EYETESTING
CONTACT LENits
Meb: 042590
0UTICALS &
A CONTACTLON CIND
BUY
GET
LAKSHMI
3HAVAN
SULTAN
REN
 0.0 bounds: (-1,145),(1022,145),(1022,718),(-1,718)
SHINDE 0.0 bounds: (240,150),(315,145),(317,175),(242,180)
Rey-Bun 0.0 bounds: (254,192),(294,185),(298,205),(257,212)
AKSHMI 0.0 bounds: (16,192),(100,229),(84,267),(-1,230)
BHAVAN 0.0 bounds: (100,237),(180,272),(169,297),(89,263)
COMPUTERIED 0.0 bounds: (249,259),(301,257),(301,265),(249,267)
EYETESTING 0.0 bounds: (251,268),(299,265),(299,274),(251,277)
CONTACT 0.0 bounds: (253,319),(277,318),(277,325),(253,326)
LENits 0.0 bounds: (280,319),(302,318),(302,324),(280,325)
Meb: 0.0 bounds: (251,328),(265,327),(266,335),(252,336)
042590 0.0 bounds: (267,327),(301,325),(301,333),(268,335)
0UTICALS 0.0 bounds: (100,318),(139,322),(138,330),(99,326)
& 0.0 bounds: (141,322),(150,323),(149,332),(140,331)
A 0.0 bounds: (147,325),(153,325),(152,334),(146,334)
CONTACTLON 0.0 bounds: (155,325),(196,328),(195,338),(154,335)
CIND 0.0 bounds: (208,329),(228,331),(227,340),(207,339)
BUY 0.0 bounds: (151,330),(194,341),(189,359),(146,348)
GET 0.0 bounds: (136,350),(194,357),(192,371),(134,364)
LAKSHMI 0.0 bounds: (179,423),(230,420),(231,431),(180,434)
3HAVAN 0.0 bounds: (167,443),(216,440),(217,455),(168,458)
SULTAN 0.0 bounds: (459,467),(514,461),(515,475),(461,481)
REN 0.0 bounds: (989,708),(1022,708),(1022,718),(989,718)
