कल समिति बहन पकिंग '
PARKING FOR SAMITHI VEHICLES
 0.0 bounds: (364,410),(701,410),(701,448),(364,448)
कल 0.0 bounds: (365,410),(403,412),(402,429),(364,427)
समिति 0.0 bounds: (408,412),(439,414),(438,432),(407,430)
बहन 0.0 bounds: (480,417),(502,418),(501,435),(479,434)
पकिंग 0.0 bounds: (504,418),(535,420),(534,438),(503,436)
' 0.0 bounds: (537,421),(541,421),(540,438),(536,438)
PARKING 0.0 bounds: (574,428),(615,431),(614,443),(573,440)
FOR 0.0 bounds: (619,431),(631,432),(630,444),(618,443)
SAMITHI 0.0 bounds: (635,432),(667,434),(666,446),(634,444)
VEHICLES 0.0 bounds: (669,433),(701,435),(700,448),(668,446)
