Ts mOw! It's biuel
AERO
CHERRY PICK
CLOSE TO THE DUZZ
YET AWAY FROM THE BUSTLE
r coiolpital
chom E Whieeld
eA Nontes
11caDe
ORCHARDS
 0.0 bounds: (525,245),(1013,245),(1013,461),(525,461)
Ts 0.0 bounds: (598,260),(618,257),(620,271),(600,274)
mOw! 0.0 bounds: (620,257),(645,253),(647,266),(622,270)
It's 0.0 bounds: (647,253),(666,250),(668,263),(649,266)
biuel 0.0 bounds: (668,250),(699,245),(701,258),(670,263)
AERO 0.0 bounds: (922,262),(952,260),(953,269),(923,271)
CHERRY 0.0 bounds: (798,317),(842,312),(843,322),(799,327)
PICK 0.0 bounds: (849,313),(875,310),(876,320),(850,323)
CLOSE 0.0 bounds: (525,380),(560,378),(561,390),(526,392)
TO 0.0 bounds: (565,379),(577,378),(578,389),(566,390)
THE 0.0 bounds: (581,377),(599,376),(600,389),(582,390)
DUZZ 0.0 bounds: (601,376),(635,374),(636,386),(602,388)
YET 0.0 bounds: (528,392),(546,391),(547,403),(529,404)
AWAY 0.0 bounds: (551,390),(577,389),(578,401),(552,403)
FROM 0.0 bounds: (581,388),(616,386),(617,399),(582,401)
THE 0.0 bounds: (618,386),(635,385),(636,398),(619,399)
BUSTLE 0.0 bounds: (642,385),(681,383),(682,395),(643,397)
r 0.0 bounds: (908,380),(917,379),(918,390),(909,391)
coiolpital 0.0 bounds: (935,380),(1012,375),(1012,384),(936,389)
chom 0.0 bounds: (890,393),(922,392),(922,404),(891,405)
E 0.0 bounds: (946,391),(970,390),(970,401),(946,402)
Whieeld 0.0 bounds: (965,392),(1012,390),(1012,399),(965,401)
eA 0.0 bounds: (885,412),(961,410),(961,417),(885,419)
Nontes 0.0 bounds: (965,408),(1003,407),(1003,415),(965,416)
11caDe 0.0 bounds: (936,436),(974,434),(975,444),(937,446)
ORCHARDS 0.0 bounds: (920,449),(1001,448),(1001,460),(920,461)
