Happin
SALE
UP TO SOFF
CENTRAL
Jayce
RESIDENCY ROAD
STREET SMART
Kaushik
 0.0 bounds: (291,32),(675,32),(675,265),(291,265)
Happin 0.0 bounds: (597,39),(636,33),(638,50),(600,56)
SALE 0.0 bounds: (606,55),(654,46),(657,60),(609,70)
UP 0.0 bounds: (599,72),(613,70),(614,80),(601,82)
TO 0.0 bounds: (615,69),(627,67),(628,77),(617,79)
SOFF 0.0 bounds: (628,67),(658,62),(659,73),(630,78)
CENTRAL 0.0 bounds: (615,132),(663,127),(665,145),(617,150)
Jayce 0.0 bounds: (291,226),(329,223),(329,231),(292,234)
RESIDENCY 0.0 bounds: (607,162),(650,156),(651,165),(608,171)
ROAD 0.0 bounds: (655,154),(673,151),(674,162),(657,165)
STREET 0.0 bounds: (624,176),(649,174),(650,181),(625,183)
SMART 0.0 bounds: (652,176),(671,174),(671,178),(652,180)
Kaushik 0.0 bounds: (427,256),(460,235),(466,244),(433,265)
