HSBC
HALFA..
RY WHEN
ఎజఎన్ో బిసి
BECAUSE C
ateYouriesue
WEANI HOT JUST READ
Riwaz
 0.0 bounds: (281,78),(791,78),(791,289),(281,289)
HSBC 0.0 bounds: (491,78),(556,112),(546,131),(481,97)
HALFA.. 0.0 bounds: (669,179),(718,171),(720,182),(671,190)
RY 0.0 bounds: (708,178),(725,176),(727,187),(710,190)
WHEN 0.0 bounds: (723,178),(758,173),(759,183),(724,188)
ఎజఎన్ో 0.0 bounds: (285,215),(359,229),(355,249),(281,235)
బిసి 0.0 bounds: (365,228),(392,233),(388,255),(361,250)
BECAUSE 0.0 bounds: (647,209),(689,206),(690,216),(648,219)
C 0.0 bounds: (692,206),(698,206),(699,215),(693,215)
ateYouriesue 0.0 bounds: (658,221),(707,213),(708,219),(659,227)
WEANI 0.0 bounds: (699,235),(717,232),(718,239),(700,242)
HOT 0.0 bounds: (720,232),(731,230),(732,236),(721,238)
JUST 0.0 bounds: (733,232),(746,230),(746,234),(734,236)
READ 0.0 bounds: (749,230),(763,228),(763,231),(749,233)
Riwaz 0.0 bounds: (753,276),(790,272),(791,285),(754,289)
