NTER
CHAM ROAD sew
MASTE
24 4 BHK 4800-5, 100 PRICE
CONTACTIS
LEGACY
A CIATE n
7576
INTERIOR & FASHION
IDEA
90088 08000
GIRAFE
PUC
CET
IIT
ATN
నంజేతి
Cudra Carshin
SERVE
VOLLE
PH 25327974
THE SOUTH INDIAN EXPRESS CBSE
ఇందిరెదేళీని MT
STATIONERY
VEROX
XEROX
ATA
5 45985
 0.0 bounds: (-1,-1),(928,-1),(928,362),(-1,362)
NTER 0.0 bounds: (17,3),(36,11),(33,18),(14,9)
CHAM 0.0 bounds: (3,6),(23,16),(20,22),(0,12)
ROAD 0.0 bounds: (24,17),(41,25),(38,32),(21,23)
sew 0.0 bounds: (51,33),(84,49),(82,54),(49,37)
MASTE 0.0 bounds: (596,3),(634,-1),(635,7),(597,11)
24 0.0 bounds: (522,54),(532,52),(534,63),(524,65)
4 0.0 bounds: (544,52),(548,51),(549,58),(545,59)
BHK 0.0 bounds: (552,50),(568,47),(569,54),(553,57)
4800-5, 0.0 bounds: (583,42),(617,35),(620,47),(585,54)
100 0.0 bounds: (620,36),(635,33),(636,42),(622,45)
PRICE 0.0 bounds: (646,30),(669,26),(671,36),(648,41)
CONTACTIS 0.0 bounds: (518,94),(549,91),(550,99),(519,102)
LEGACY 0.0 bounds: (614,104),(685,93),(687,106),(616,117)
A 0.0 bounds: (629,118),(633,117),(634,123),(630,124)
CIATE 0.0 bounds: (647,115),(662,113),(663,120),(648,122)
n 0.0 bounds: (664,116),(674,115),(674,117),(664,119)
7576 0.0 bounds: (561,102),(593,98),(594,108),(562,112)
INTERIOR 0.0 bounds: (449,121),(497,117),(498,133),(450,137)
& 0.0 bounds: (501,122),(506,122),(507,132),(502,132)
FASHION 0.0 bounds: (508,117),(550,114),(551,132),(509,135)
IDEA 0.0 bounds: (464,149),(541,143),(542,164),(466,170)
90088 0.0 bounds: (460,185),(508,181),(509,193),(461,197)
08000 0.0 bounds: (515,178),(555,174),(556,190),(516,194)
GIRAFE 0.0 bounds: (453,199),(558,193),(559,217),(454,223)
PUC 0.0 bounds: (479,222),(525,220),(526,234),(480,236)
CET 0.0 bounds: (482,244),(525,241),(526,255),(483,258)
IIT 0.0 bounds: (495,261),(519,260),(519,273),(495,274)
ATN 0.0 bounds: (632,181),(673,178),(676,210),(635,214)
నంజేతి 0.0 bounds: (821,209),(850,208),(850,218),(821,219)
Cudra 0.0 bounds: (324,230),(405,243),(400,274),(319,261)
Carshin 0.0 bounds: (408,243),(479,255),(474,286),(403,275)
SERVE 0.0 bounds: (776,221),(926,212),(928,245),(778,254)
VOLLE 0.0 bounds: (820,255),(893,251),(894,271),(821,275)
PH 0.0 bounds: (790,277),(817,276),(818,290),(791,291)
25327974 0.0 bounds: (830,275),(889,272),(890,286),(831,289)
THE 0.0 bounds: (355,268),(373,269),(372,281),(354,280)
SOUTH 0.0 bounds: (375,269),(401,271),(400,284),(374,282)
INDIAN 0.0 bounds: (404,272),(427,274),(426,286),(403,284)
EXPRESS 0.0 bounds: (430,274),(462,277),(461,289),(429,286)
CBSE 0.0 bounds: (499,280),(530,282),(529,293),(498,291)
ఇందిరెదేళీని 0.0 bounds: (374,291),(494,294),(493,313),(374,310)
MT 0.0 bounds: (506,295),(532,296),(532,314),(506,313)
STATIONERY 0.0 bounds: (582,288),(613,289),(613,297),(582,296)
VEROX 0.0 bounds: (582,302),(613,302),(613,309),(582,309)
XEROX 0.0 bounds: (612,311),(645,312),(645,322),(612,321)
ATA 0.0 bounds: (493,334),(532,331),(533,347),(494,350)
5 0.0 bounds: (510,349),(520,349),(520,362),(510,362)
45985 0.0 bounds: (522,348),(562,347),(562,360),(522,361)
