నిరిచిదనే రాప
Hare con
GOVT.SCIENCE COLLEGE
BOYS HOSTEL
9886030093
 0.0 bounds: (110,176),(763,176),(763,305),(110,305)
నిరిచిదనే 0.0 bounds: (129,176),(178,191),(175,200),(126,185)
రాప 0.0 bounds: (182,192),(200,198),(197,206),(179,201)
Hare 0.0 bounds: (721,240),(733,240),(733,247),(721,247)
con 0.0 bounds: (747,241),(763,241),(763,246),(747,246)
GOVT.SCIENCE 0.0 bounds: (113,202),(167,216),(164,228),(110,214)
COLLEGE 0.0 bounds: (171,217),(198,224),(195,236),(168,229)
BOYS 0.0 bounds: (121,215),(146,222),(143,233),(118,226)
HOSTEL 0.0 bounds: (150,226),(183,236),(180,245),(147,236)
9886030093 0.0 bounds: (394,279),(455,286),(453,305),(392,299)
