CORPORAE OICE D BANING PR A MARKET
LGROAD NGALL-S60 00
సిండిశీఁటో బ్యాంతో
SyndicaBank
ainoed
न
Point of Sale Terminals
Hassle-free
&Secure
SCatholic Syrian Bank
CSB
BHARATOR
因き
laced
GOKULAM
దలవాంగ బవేరా
DEVANGA TOWER
CHTA FANO O
NAVAKARNATAKA
YOUR FAVOURITE BOOK SHOP
विजया बैक टी
VIJAYA BANK
ATM
Scanote yrnan
CSB
ATM
youset otS.0 DEEPAK ENTERPRISES
XEROX, RT
ogs ad
or qua
ARE ACCEPTER
 0.0 bounds: (6,180),(780,180),(780,436),(6,436)
CORPORAE 0.0 bounds: (454,182),(480,181),(480,186),(454,187)
OICE 0.0 bounds: (483,183),(499,183),(499,186),(483,186)
D 0.0 bounds: (505,182),(509,182),(509,187),(505,187)
BANING 0.0 bounds: (524,182),(545,182),(545,186),(524,186)
PR 0.0 bounds: (548,182),(556,182),(556,186),(548,186)
A 0.0 bounds: (559,182),(561,182),(561,186),(559,186)
MARKET 0.0 bounds: (567,180),(584,180),(584,185),(567,185)
LGROAD 0.0 bounds: (499,189),(521,189),(521,192),(499,192)
NGALL-S60 0.0 bounds: (525,187),(565,186),(565,192),(525,193)
00 0.0 bounds: (567,187),(574,187),(574,192),(567,192)
సిండిశీఁటో 0.0 bounds: (453,205),(505,205),(505,216),(453,216)
బ్యాంతో 0.0 bounds: (507,205),(542,205),(542,219),(507,219)
SyndicaBank 0.0 bounds: (568,212),(616,210),(616,216),(568,218)
ainoed 0.0 bounds: (169,243),(191,242),(191,248),(169,249)
न 0.0 bounds: (186,249),(209,249),(209,255),(186,255)
Point 0.0 bounds: (156,257),(170,257),(170,262),(156,262)
of 0.0 bounds: (173,257),(179,257),(179,261),(173,261)
Sale 0.0 bounds: (181,257),(192,257),(192,262),(181,262)
Terminals 0.0 bounds: (195,256),(222,256),(222,262),(195,262)
Hassle-free 0.0 bounds: (265,243),(302,242),(302,248),(265,249)
&Secure 0.0 bounds: (264,251),(293,251),(293,256),(264,256)
SCatholic 0.0 bounds: (459,261),(507,262),(507,273),(459,272)
Syrian 0.0 bounds: (510,265),(535,265),(535,273),(510,273)
Bank 0.0 bounds: (538,264),(558,264),(558,271),(538,271)
CSB 0.0 bounds: (580,260),(607,260),(607,270),(580,270)
BHARATOR 0.0 bounds: (263,271),(303,271),(303,276),(263,276)
因 0.0 bounds: (262,280),(285,280),(285,302),(262,302)
き 0.0 bounds: (288,280),(303,280),(303,302),(288,302)
laced 0.0 bounds: (444,306),(513,308),(512,325),(444,323)
GOKULAM 0.0 bounds: (552,309),(619,308),(619,323),(552,324)
దలవాంగ 0.0 bounds: (277,314),(339,314),(339,330),(277,330)
బవేరా 0.0 bounds: (349,314),(387,314),(387,331),(349,331)
DEVANGA 0.0 bounds: (273,332),(340,332),(340,343),(273,343)
TOWER 0.0 bounds: (348,333),(396,333),(396,342),(348,342)
CHTA 0.0 bounds: (559,325),(572,325),(572,330),(559,330)
FANO 0.0 bounds: (575,325),(590,325),(590,330),(575,330)
O 0.0 bounds: (596,325),(601,325),(601,330),(596,330)
NAVAKARNATAKA 0.0 bounds: (486,365),(574,366),(574,373),(486,372)
YOUR 0.0 bounds: (485,374),(500,374),(500,378),(485,378)
FAVOURITE 0.0 bounds: (504,374),(536,374),(536,378),(504,378)
BOOK 0.0 bounds: (540,375),(554,375),(554,379),(540,379)
SHOP 0.0 bounds: (558,376),(574,376),(574,379),(558,379)
विजया 0.0 bounds: (71,377),(100,376),(100,384),(71,385)
बैक 0.0 bounds: (104,377),(119,377),(119,384),(104,384)
टी 0.0 bounds: (148,375),(160,375),(160,382),(148,382)
VIJAYA 0.0 bounds: (6,387),(33,387),(33,396),(6,396)
BANK 0.0 bounds: (35,388),(53,388),(53,397),(35,397)
ATM 0.0 bounds: (135,386),(167,386),(167,400),(135,400)
Scanote 0.0 bounds: (637,389),(669,390),(669,399),(637,398)
yrnan 0.0 bounds: (672,391),(704,392),(704,401),(672,400)
CSB 0.0 bounds: (721,391),(740,391),(740,397),(721,397)
ATM 0.0 bounds: (758,392),(780,392),(780,400),(758,400)
youset 0.0 bounds: (446,397),(469,398),(469,406),(446,405)
otS.0 0.0 bounds: (472,397),(507,398),(507,406),(472,405)
DEEPAK 0.0 bounds: (544,399),(566,400),(566,408),(544,407)
ENTERPRISES 0.0 bounds: (572,400),(611,401),(611,409),(572,408)
XEROX, 0.0 bounds: (442,404),(469,405),(469,411),(442,410)
RT 0.0 bounds: (473,407),(486,407),(486,410),(473,410)
ogs 0.0 bounds: (235,410),(246,410),(246,414),(235,414)
ad 0.0 bounds: (248,410),(259,410),(259,413),(248,413)
or 0.0 bounds: (224,427),(239,427),(239,432),(224,432)
qua 0.0 bounds: (242,427),(256,427),(256,431),(242,431)
ARE 0.0 bounds: (639,433),(649,433),(649,436),(639,436)
ACCEPTER 0.0 bounds: (651,433),(669,433),(669,436),(651,436)
