శివందడాణి
drntopel.com
Panasonic
LED LO
Raymond
DISCOUNT
 0.0 bounds: (-5,3),(390,3),(390,308),(-5,308)
శివందడాణి 0.0 bounds: (13,3),(73,63),(57,80),(-4,20)
drntopel.com 0.0 bounds: (6,159),(48,185),(41,195),(0,169)
Panasonic 0.0 bounds: (336,232),(390,233),(390,241),(336,240)
LED 0.0 bounds: (349,247),(357,247),(357,250),(349,250)
LO 0.0 bounds: (360,244),(378,244),(378,251),(360,251)
Raymond 0.0 bounds: (317,290),(383,290),(383,308),(317,308)
DISCOUNT 0.0 bounds: (1,279),(45,272),(48,289),(4,296)
