Biocon
Presented to :
BANGALORE,
THE BIOTECH CITY
by
SBiocon
 0.0 bounds: (38,18),(512,18),(512,716),(38,716)
Biocon 0.0 bounds: (39,18),(149,21),(148,61),(38,58)
Presented 0.0 bounds: (228,397),(365,425),(361,448),(223,420)
to 0.0 bounds: (372,429),(399,435),(396,453),(368,448)
: 0.0 bounds: (412,441),(418,442),(415,457),(409,456)
BANGALORE, 0.0 bounds: (206,449),(455,505),(448,535),(199,479)
THE 0.0 bounds: (158,492),(230,508),(225,529),(153,512)
BIOTECH 0.0 bounds: (237,509),(407,548),(402,570),(232,531)
CITY 0.0 bounds: (418,551),(512,572),(506,597),(412,575)
by 0.0 bounds: (313,574),(343,582),(337,605),(307,597)
SBiocon 0.0 bounds: (230,604),(454,670),(440,716),(216,650)
