dede
HOTEL SURYA RESIDENCY
AEAMAY DELUE SUTE BOO
PAIKING AVAILABLE ARI
Travel
Vision
RayBan
meud dau au GNd
COMEALS ATIFFINS
AKSHOPPING CENTRE
RAGHU OPTICALS ese
Travel
(Vision
&TITAN
RAGHU OPTICALS
రయ ఆచిలేలా
RAGHU OPTICALS
COMPUTERISED
EYE TESTING
 0.0 bounds: (246,328),(981,328),(981,549),(246,549)
dede 0.0 bounds: (355,343),(368,343),(368,349),(355,349)
HOTEL 0.0 bounds: (784,340),(832,337),(833,354),(785,357)
SURYA 0.0 bounds: (834,339),(883,336),(884,351),(835,354)
RESIDENCY 0.0 bounds: (885,334),(979,328),(980,344),(886,350)
AEAMAY 0.0 bounds: (881,345),(923,344),(923,351),(881,352)
DELUE 0.0 bounds: (925,344),(943,344),(943,351),(925,351)
SUTE 0.0 bounds: (946,345),(959,345),(959,349),(946,349)
BOO 0.0 bounds: (962,344),(972,344),(972,348),(962,348)
PAIKING 0.0 bounds: (786,351),(816,351),(816,358),(786,358)
AVAILABLE 0.0 bounds: (819,351),(856,351),(856,358),(819,358)
ARI 0.0 bounds: (871,351),(891,351),(891,358),(871,358)
Travel 0.0 bounds: (544,370),(575,368),(576,380),(545,382)
Vision 0.0 bounds: (543,382),(584,380),(584,389),(543,391)
RayBan 0.0 bounds: (630,387),(721,361),(734,406),(643,432)
meud 0.0 bounds: (880,388),(899,388),(899,394),(880,394)
dau 0.0 bounds: (903,387),(915,387),(915,394),(903,394)
au 0.0 bounds: (920,389),(935,389),(935,393),(920,393)
GNd 0.0 bounds: (967,386),(981,386),(981,392),(967,392)
COMEALS 0.0 bounds: (893,395),(931,396),(931,403),(893,402)
ATIFFINS 0.0 bounds: (933,396),(960,396),(960,402),(933,402)
AKSHOPPING 0.0 bounds: (349,425),(403,420),(404,428),(350,433)
CENTRE 0.0 bounds: (405,420),(425,418),(426,427),(406,429)
RAGHU 0.0 bounds: (649,421),(669,421),(669,428),(649,428)
OPTICALS 0.0 bounds: (671,420),(698,420),(698,428),(671,428)
ese 0.0 bounds: (725,420),(752,420),(752,427),(725,427)
Travel 0.0 bounds: (533,431),(577,429),(578,442),(534,445)
(Vision 0.0 bounds: (542,446),(587,445),(587,460),(542,461)
&TITAN 0.0 bounds: (246,444),(290,442),(291,454),(247,456)
RAGHU 0.0 bounds: (612,455),(665,455),(665,471),(612,471)
OPTICALS 0.0 bounds: (672,455),(750,455),(750,471),(672,471)
రయ 0.0 bounds: (625,498),(651,499),(650,511),(625,510)
ఆచిలేలా 0.0 bounds: (657,499),(708,501),(707,514),(656,512)
RAGHU 0.0 bounds: (625,511),(660,513),(659,528),(624,526)
OPTICALS 0.0 bounds: (665,513),(716,516),(715,532),(664,529)
COMPUTERISED 0.0 bounds: (633,528),(704,531),(703,541),(633,538)
EYE 0.0 bounds: (633,537),(651,538),(651,543),(633,542)
TESTING 0.0 bounds: (658,537),(700,540),(699,549),(657,546)
