EALARE
HOM
QUEO emporiO
dae Lacsa
IFITNESS
FARH
tnde La
 0.0 bounds: (0,249),(389,249),(389,398),(0,398)
EALARE 0.0 bounds: (152,253),(221,249),(222,261),(153,265)
HOM 0.0 bounds: (7,319),(41,325),(35,363),(0,356)
QUEO 0.0 bounds: (112,337),(154,336),(154,349),(112,350)
emporiO 0.0 bounds: (159,334),(213,333),(213,348),(159,349)
dae 0.0 bounds: (240,337),(264,342),(261,358),(237,353)
Lacsa 0.0 bounds: (266,343),(285,347),(281,362),(263,358)
IFITNESS 0.0 bounds: (344,356),(389,355),(389,365),(344,366)
FARH 0.0 bounds: (36,359),(71,361),(70,373),(35,371)
tnde 0.0 bounds: (338,394),(362,393),(362,396),(338,397)
La 0.0 bounds: (365,390),(373,390),(373,398),(365,398)
