20
a
LAT DISCO
fdly ghboutood Pharma
RONTLINs
7342 47384
 0.0 bounds: (241,136),(433,136),(433,217),(241,217)
20 0.0 bounds: (291,145),(335,136),(341,165),(296,173)
a 0.0 bounds: (355,149),(405,139),(406,144),(356,154)
LAT 0.0 bounds: (307,170),(318,168),(319,173),(308,175)
DISCO 0.0 bounds: (321,166),(343,162),(343,166),(322,170)
fdly 0.0 bounds: (311,189),(346,184),(346,189),(312,194)
ghboutood 0.0 bounds: (349,184),(396,177),(396,182),(350,189)
Pharma 0.0 bounds: (398,175),(430,171),(431,176),(399,181)
RONTLINs 0.0 bounds: (241,210),(292,199),(293,205),(243,217)
7342 0.0 bounds: (398,194),(413,192),(414,199),(399,201)
47384 0.0 bounds: (416,192),(432,190),(433,196),(417,198)
