NETFLIX
IS IT STILL MURDER IF YOU CAN
YOURSELF
CK TO LIFE?
ANETPLIX OP
ALTERE
CARBO
ALL ESDES
FEBRUARY 2
BMTC
wwwmyhnte.com
60595n eess
132115d
KA-01F4701
 0.0 bounds: (5,94),(671,94),(671,599),(5,599)
NETFLIX 0.0 bounds: (419,94),(509,94),(509,119),(419,119)
IS 0.0 bounds: (486,140),(505,141),(504,157),(485,156)
IT 0.0 bounds: (507,141),(516,141),(516,156),(507,156)
STILL 0.0 bounds: (518,141),(548,142),(548,157),(518,156)
MURDER 0.0 bounds: (550,141),(599,143),(598,160),(549,158)
IF 0.0 bounds: (605,148),(612,148),(612,156),(605,156)
YOU 0.0 bounds: (617,148),(639,149),(639,158),(617,157)
CAN 0.0 bounds: (644,149),(666,150),(666,159),(644,158)
YOURSELF 0.0 bounds: (535,159),(671,161),(671,186),(535,184)
CK 0.0 bounds: (514,182),(556,183),(555,210),(513,209)
TO 0.0 bounds: (564,184),(595,185),(594,212),(563,211)
LIFE? 0.0 bounds: (598,185),(665,187),(664,210),(597,208)
ANETPLIX 0.0 bounds: (574,278),(605,280),(605,286),(574,284)
OP 0.0 bounds: (608,279),(625,280),(625,286),(608,285)
ALTERE 0.0 bounds: (566,284),(651,289),(650,306),(565,301)
CARBO 0.0 bounds: (564,302),(650,303),(650,319),(564,318)
ALL 0.0 bounds: (582,325),(605,326),(605,337),(582,336)
ESDES 0.0 bounds: (605,325),(646,326),(646,338),(605,337)
FEBRUARY 0.0 bounds: (580,333),(643,334),(643,347),(580,346)
2 0.0 bounds: (647,335),(654,335),(654,347),(647,347)
BMTC 0.0 bounds: (75,362),(178,371),(176,392),(73,383)
wwwmyhnte.com 0.0 bounds: (86,415),(154,420),(153,427),(86,422)
60595n 0.0 bounds: (6,509),(72,513),(71,523),(5,519)
eess 0.0 bounds: (77,514),(104,516),(103,526),(76,524)
132115d 0.0 bounds: (6,525),(67,528),(66,537),(6,534)
KA-01F4701 0.0 bounds: (58,580),(124,583),(123,599),(57,596)
