జాలింజంగా న్ారో దళకనా అవా
Cal 08 2
aod ps ac
OMBAY VADA PAV EAT ERDO BONBAY VADA PA
3MTC
 0.0 bounds: (211,2),(1024,2),(1024,386),(211,386)
జాలింజంగా 0.0 bounds: (736,73),(822,50),(829,78),(744,101)
న్ారో 0.0 bounds: (795,57),(888,32),(895,60),(803,85)
దళకనా 0.0 bounds: (900,32),(970,13),(975,32),(905,51)
అవా 0.0 bounds: (983,12),(1019,2),(1023,20),(988,29)
Cal 0.0 bounds: (211,313),(224,311),(225,320),(212,322)
08 0.0 bounds: (227,314),(238,312),(239,317),(228,319)
2 0.0 bounds: (240,312),(256,310),(257,316),(241,318)
aod 0.0 bounds: (368,367),(383,367),(383,374),(368,374)
ps 0.0 bounds: (386,370),(394,370),(394,373),(386,373)
ac 0.0 bounds: (397,368),(410,368),(410,373),(397,373)
OMBAY 0.0 bounds: (364,377),(386,376),(386,385),(364,386)
VADA 0.0 bounds: (388,375),(402,374),(402,384),(389,385)
PAV 0.0 bounds: (404,374),(416,373),(416,383),(405,384)
EAT 0.0 bounds: (420,374),(432,373),(432,383),(421,384)
ERDO 0.0 bounds: (434,373),(449,372),(449,382),(435,383)
BONBAY 0.0 bounds: (451,372),(472,371),(472,381),(452,382)
VADA 0.0 bounds: (474,371),(486,370),(486,379),(474,380)
PA 0.0 bounds: (489,370),(494,370),(494,380),(490,380)
3MTC 0.0 bounds: (679,349),(713,350),(713,356),(679,355)
