RIDNE SIG
Ontrack
M
Connectto life
SED PARTRNER
Fpo
0000
 0.0 bounds: (213,25),(989,25),(989,741),(213,741)
RIDNE 0.0 bounds: (470,168),(500,155),(505,167),(475,180)
SIG 0.0 bounds: (505,154),(524,146),(530,159),(511,167)
Ontrack 0.0 bounds: (546,164),(946,25),(972,101),(572,240)
M 0.0 bounds: (213,295),(267,281),(277,320),(223,334)
Connectto 0.0 bounds: (683,214),(904,147),(913,177),(692,245)
life 0.0 bounds: (909,145),(980,123),(989,153),(918,175)
SED 0.0 bounds: (423,297),(485,278),(490,292),(427,311)
PARTRNER 0.0 bounds: (490,279),(541,263),(544,274),(493,290)
Fpo 0.0 bounds: (365,725),(406,729),(405,740),(364,736)
0000 0.0 bounds: (573,369),(580,490),(557,491),(550,370)
