ester
Sleepwell
MATTRESS
GEOSON AGENCES
TOTO
obaby
7/7
 0.0 bounds: (29,13),(978,13),(978,471),(29,471)
ester 0.0 bounds: (118,13),(180,53),(159,85),(97,45)
Sleepwell 0.0 bounds: (160,170),(245,172),(245,182),(160,180)
MATTRESS 0.0 bounds: (168,188),(245,189),(245,207),(168,206)
GEOSON 0.0 bounds: (180,237),(210,249),(205,261),(175,249)
AGENCES 0.0 bounds: (212,250),(243,263),(239,275),(207,262)
TOTO 0.0 bounds: (866,363),(925,363),(925,378),(866,378)
obaby 0.0 bounds: (952,376),(977,373),(978,384),(953,387)
7/7 0.0 bounds: (29,452),(64,451),(64,470),(29,471)
