RR WT
BOSG SAY
tande
KA Mate
VORA
AvenoRe
Mst
Manan
rtels Houpel
6345
 0.0 bounds: (739,206),(919,206),(919,301),(739,301)
RR 0.0 bounds: (753,206),(789,209),(788,218),(752,215)
WT 0.0 bounds: (837,212),(849,213),(848,222),(836,221)
BOSG 0.0 bounds: (875,220),(899,221),(899,228),(875,227)
SAY 0.0 bounds: (902,222),(918,223),(918,231),(902,230)
tande 0.0 bounds: (876,238),(905,240),(904,251),(875,249)
KA 0.0 bounds: (870,249),(891,252),(890,261),(869,259)
Mate 0.0 bounds: (890,251),(919,255),(917,265),(889,262)
VORA 0.0 bounds: (871,261),(896,263),(895,272),(870,270)
AvenoRe 0.0 bounds: (870,269),(913,272),(912,283),(869,280)
Mst 0.0 bounds: (867,280),(888,282),(887,291),(866,289)
Manan 0.0 bounds: (875,286),(908,290),(907,301),(874,297)
rtels 0.0 bounds: (741,240),(762,242),(762,248),(741,246)
Houpel 0.0 bounds: (765,239),(789,241),(788,250),(764,248)
6345 0.0 bounds: (740,246),(793,250),(792,260),(739,256)
