ఇజా న
1975
ulsi Corporation
PHPS
YO
ఇో ఇండ
Shaw Hevdicaafr
ASHOK TRADING CO
 0.0 bounds: (0,32),(1024,32),(1024,230),(0,230)
ఇజా 0.0 bounds: (2,88),(37,90),(35,132),(0,130)
న 0.0 bounds: (40,90),(58,91),(56,131),(38,130)
1975 0.0 bounds: (143,117),(172,117),(172,128),(143,128)
ulsi 0.0 bounds: (682,75),(701,65),(707,77),(688,87)
Corporation 0.0 bounds: (703,64),(764,32),(770,44),(709,76)
PHPS 0.0 bounds: (643,201),(660,197),(662,204),(645,209)
YO 0.0 bounds: (953,134),(1009,117),(1023,167),(968,184)
ఇో 0.0 bounds: (814,188),(830,183),(833,192),(817,197)
ఇండ 0.0 bounds: (832,183),(847,179),(850,188),(835,193)
Shaw 0.0 bounds: (806,200),(829,195),(832,206),(809,212)
Hevdicaafr 0.0 bounds: (833,193),(871,184),(874,198),(836,207)
ASHOK 0.0 bounds: (926,217),(956,212),(958,225),(928,230)
TRADING 0.0 bounds: (960,211),(999,204),(1001,216),(962,223)
CO 0.0 bounds: (1007,203),(1020,201),(1022,213),(1009,215)
