YEIRS
woogwp
lfaon SAMSUNG
елатог
GLLE
crocs
oppo
Enarch
 0.0 bounds: (0,62),(986,62),(986,347),(0,347)
YEIRS 0.0 bounds: (60,62),(243,146),(202,234),(19,150)
woogwp 0.0 bounds: (259,114),(301,112),(302,124),(260,126)
lfaon 0.0 bounds: (4,209),(53,222),(49,238),(0,224)
SAMSUNG 0.0 bounds: (69,229),(114,241),(111,253),(66,241)
елатог 0.0 bounds: (917,221),(979,199),(985,215),(923,237)
GLLE 0.0 bounds: (859,241),(894,229),(900,247),(865,259)
crocs 0.0 bounds: (121,289),(171,290),(171,299),(121,298)
oppo 0.0 bounds: (102,325),(132,325),(132,329),(102,329)
Enarch 0.0 bounds: (486,341),(510,341),(510,347),(486,347)
