sectfea aed bole orta
र कीयकीया विशाय
BMTC
www.mybmtc.
042514
or 37E
ashirvad PIPES
LOW NOE
Silence
Assured
9902 333 333
CA-01-FA-1584
 0.0 bounds: (144,158),(978,158),(978,497),(144,497)
sectfea 0.0 bounds: (873,208),(902,194),(906,203),(877,217)
aed 0.0 bounds: (907,191),(925,182),(929,191),(911,200)
bole 0.0 bounds: (926,181),(948,170),(953,180),(931,191)
orta 0.0 bounds: (952,168),(972,158),(976,167),(956,177)
र 0.0 bounds: (878,218),(886,214),(890,223),(882,227)
कीयकीया 0.0 bounds: (900,207),(945,186),(949,195),(904,216)
विशाय 0.0 bounds: (950,184),(973,173),(978,182),(954,193)
BMTC 0.0 bounds: (144,290),(247,280),(249,302),(146,312)
www.mybmtc. 0.0 bounds: (171,305),(215,305),(215,313),(171,313)
042514 0.0 bounds: (199,310),(226,307),(227,314),(200,317)
or 0.0 bounds: (159,332),(176,331),(177,346),(160,347)
37E 0.0 bounds: (208,330),(230,329),(231,344),(209,345)
ashirvad 0.0 bounds: (146,389),(240,380),(241,396),(148,405)
PIPES 0.0 bounds: (244,378),(315,371),(317,391),(246,398)
LOW 0.0 bounds: (164,418),(181,416),(181,422),(165,424)
NOE 0.0 bounds: (183,417),(205,415),(205,420),(183,422)
Silence 0.0 bounds: (182,441),(217,438),(218,446),(183,449)
Assured 0.0 bounds: (178,453),(223,447),(224,455),(179,461)
9902 0.0 bounds: (183,471),(205,469),(206,478),(184,480)
333 0.0 bounds: (209,471),(222,470),(222,476),(209,477)
333 0.0 bounds: (227,469),(240,468),(240,474),(227,475)
CA-01-FA-1584 0.0 bounds: (167,484),(241,476),(242,488),(168,497)
