epod dou DuE 7. wota duna -
ENGINEE
 0.0 bounds: (35,420),(1022,420),(1022,449),(35,449)
epod 0.0 bounds: (35,444),(73,441),(73,446),(35,449)
dou 0.0 bounds: (77,440),(93,439),(93,446),(78,447)
DuE 0.0 bounds: (97,439),(114,438),(114,442),(97,443)
7. 0.0 bounds: (128,435),(142,434),(142,441),(129,442)
wota 0.0 bounds: (144,433),(157,432),(158,440),(145,441)
duna 0.0 bounds: (171,433),(192,431),(192,436),(171,438)
- 0.0 bounds: (196,430),(198,430),(199,437),(197,437)
ENGINEE 0.0 bounds: (984,424),(1021,420),(1022,429),(985,433)
