No more short circuits
co de
ori doundarya Silks
PHILIPS
DRETCTE
SAS E
రా ెంటరా
AVANI
NTRE
HEES
 0.0 bounds: (68,18),(1020,18),(1020,400),(68,400)
No 0.0 bounds: (228,50),(240,45),(245,56),(232,61)
more 0.0 bounds: (242,45),(258,39),(263,51),(247,57)
short 0.0 bounds: (259,37),(278,30),(282,42),(264,49)
circuits 0.0 bounds: (280,29),(306,19),(311,31),(285,41)
co 0.0 bounds: (92,136),(110,130),(114,142),(96,148)
de 0.0 bounds: (113,129),(122,126),(126,138),(117,141)
ori 0.0 bounds: (68,207),(86,202),(92,220),(73,225)
doundarya 0.0 bounds: (88,200),(130,188),(136,208),(94,220)
Silks 0.0 bounds: (133,187),(160,179),(165,198),(139,206)
PHILIPS 0.0 bounds: (242,180),(284,171),(287,187),(245,196)
DRETCTE 0.0 bounds: (276,302),(311,303),(311,311),(276,310)
SAS 0.0 bounds: (997,227),(1016,232),(1013,245),(994,241)
E 0.0 bounds: (1018,233),(1020,233),(1017,246),(1015,246)
రా 0.0 bounds: (681,326),(700,326),(700,335),(681,335)
ెంటరా 0.0 bounds: (708,325),(747,324),(747,332),(708,333)
AVANI 0.0 bounds: (677,336),(748,335),(748,357),(677,358)
NTRE 0.0 bounds: (692,363),(748,363),(748,383),(692,383)
HEES 0.0 bounds: (221,310),(227,399),(209,400),(203,311)
