yos
Bhdan
ika Silk House
LOEN
RICE MEMORIAL
Ho
Be rbabe
pre - 560 od
SAMON
Tg KOM
LER OUSE
Nichikunodafin
 0.0 bounds: (0,-2),(1023,-2),(1023,569),(0,569)
yos 0.0 bounds: (60,-2),(166,15),(160,53),(54,37)
Bhdan 0.0 bounds: (9,30),(258,72),(253,103),(4,61)
ika 0.0 bounds: (6,114),(98,128),(92,168),(0,155)
Silk 0.0 bounds: (135,133),(227,147),(221,187),(129,174)
House 0.0 bounds: (236,148),(395,171),(389,211),(230,188)
LOEN 0.0 bounds: (2,357),(34,359),(33,372),(1,370)
RICE 0.0 bounds: (761,410),(791,411),(790,424),(760,423)
MEMORIAL 0.0 bounds: (796,410),(862,413),(861,426),(795,423)
Ho 0.0 bounds: (1,401),(39,400),(39,417),(1,418)
Be 0.0 bounds: (128,394),(165,395),(164,420),(127,419)
rbabe 0.0 bounds: (168,395),(226,397),(225,423),(167,421)
pre 0.0 bounds: (1,426),(11,425),(12,435),(2,436)
- 0.0 bounds: (13,426),(16,426),(16,435),(13,435)
560 0.0 bounds: (17,427),(31,426),(31,434),(17,435)
od 0.0 bounds: (33,425),(43,424),(43,433),(33,434)
SAMON 0.0 bounds: (985,491),(1022,487),(1023,494),(986,498)
Tg 0.0 bounds: (149,482),(171,482),(171,497),(149,497)
KOM 0.0 bounds: (173,482),(185,482),(185,497),(173,497)
LER 0.0 bounds: (262,480),(306,479),(306,498),(262,499)
OUSE 0.0 bounds: (340,479),(408,478),(408,497),(340,498)
Nichikunodafin 0.0 bounds: (943,555),(1023,552),(1023,566),(943,569)
