SBC
Smpanles
ATM
24 Hrs
Express
Banking
Nitesh
HSBC
 0.0 bounds: (173,273),(465,273),(465,544),(173,544)
SBC 0.0 bounds: (185,273),(212,273),(212,283),(185,283)
Smpanles 0.0 bounds: (420,301),(456,301),(456,308),(420,308)
ATM 0.0 bounds: (182,299),(204,299),(204,307),(182,307)
24 0.0 bounds: (175,330),(186,332),(185,338),(174,336)
Hrs 0.0 bounds: (192,331),(207,333),(206,340),(191,338)
Express 0.0 bounds: (175,345),(206,350),(204,358),(174,353)
Banking 0.0 bounds: (173,358),(205,358),(205,367),(173,367)
Nitesh 0.0 bounds: (445,422),(465,423),(465,430),(445,429)
HSBC 0.0 bounds: (193,525),(238,521),(239,540),(194,544)
