24MP Clea
Clear Shot. Cie
V7/V7
rd DevELOPERS
The undifputed market leader an a private
BDA approved residential layout developer,
commands confidence
tetoRUN
FIDENCE
PLOTTING
ŚWAG
RELIAABLY
91888r 44 447
vivo
Canera A Mie
mera stule
DO
TNING.
ITH I
STOT
HP
umukh Silks
వ
 0.0 bounds: (136,40),(1024,40),(1024,411),(136,411)
24MP 0.0 bounds: (958,59),(991,49),(993,58),(961,68)
Clea 0.0 bounds: (995,48),(1020,41),(1022,49),(998,57)
Clear 0.0 bounds: (960,70),(982,63),(985,73),(963,80)
Shot. 0.0 bounds: (984,64),(1010,56),(1013,66),(987,74)
Cie 0.0 bounds: (1011,55),(1020,52),(1022,62),(1014,65)
V7/V7 0.0 bounds: (961,84),(1021,67),(1024,77),(964,95)
rd 0.0 bounds: (143,99),(160,101),(159,112),(142,110)
DevELOPERS 0.0 bounds: (171,102),(224,108),(222,119),(170,113)
The 0.0 bounds: (144,127),(155,127),(155,133),(144,133)
undifputed 0.0 bounds: (158,126),(195,127),(195,135),(158,134)
market 0.0 bounds: (198,129),(220,130),(220,136),(198,135)
leader 0.0 bounds: (222,130),(242,131),(242,137),(222,136)
an 0.0 bounds: (245,133),(250,133),(250,136),(245,136)
a 0.0 bounds: (253,133),(255,133),(255,136),(253,136)
private 0.0 bounds: (258,132),(279,133),(279,139),(258,138)
BDA 0.0 bounds: (143,135),(159,136),(159,143),(143,142)
approved 0.0 bounds: (161,135),(193,136),(193,144),(161,143)
residential 0.0 bounds: (196,137),(229,138),(229,146),(196,145)
layout 0.0 bounds: (231,138),(250,139),(250,147),(231,146)
developer, 0.0 bounds: (253,139),(285,140),(285,148),(253,147)
commands 0.0 bounds: (143,143),(180,144),(180,151),(143,150)
confidence 0.0 bounds: (182,144),(217,145),(217,152),(182,151)
tetoRUN 0.0 bounds: (654,102),(688,103),(688,109),(654,108)
FIDENCE 0.0 bounds: (419,132),(453,132),(453,143),(419,143)
PLOTTING 0.0 bounds: (359,141),(397,143),(396,159),(358,157)
ŚWAG 0.0 bounds: (136,179),(206,180),(206,198),(136,197)
RELIAABLY 0.0 bounds: (355,153),(399,156),(398,169),(354,166)
91888r 0.0 bounds: (294,163),(334,164),(334,176),(294,175)
44 0.0 bounds: (336,165),(348,165),(348,175),(336,175)
447 0.0 bounds: (357,166),(372,166),(372,176),(357,176)
vivo 0.0 bounds: (877,132),(933,118),(937,132),(881,147)
Canera 0.0 bounds: (887,148),(904,143),(905,147),(888,152)
A 0.0 bounds: (907,140),(910,139),(911,145),(909,146)
Mie 0.0 bounds: (913,138),(929,134),(931,140),(915,145)
mera 0.0 bounds: (150,197),(170,197),(170,205),(150,205)
stule 0.0 bounds: (174,199),(198,199),(198,204),(174,204)
DO 0.0 bounds: (389,198),(406,198),(406,209),(389,209)
TNING. 0.0 bounds: (606,199),(652,199),(652,212),(606,212)
ITH 0.0 bounds: (613,216),(630,216),(630,223),(613,223)
I 0.0 bounds: (634,215),(641,215),(641,221),(634,221)
STOT 0.0 bounds: (177,284),(252,255),(259,275),(185,304)
HP 0.0 bounds: (482,265),(507,264),(507,276),(482,277)
umukh 0.0 bounds: (137,339),(195,340),(195,355),(137,354)
Silks 0.0 bounds: (201,340),(225,340),(225,355),(201,355)
వ 0.0 bounds: (153,404),(176,403),(176,410),(153,411)
