బరో ల్రీన జ ల
GSa i BomanG na
 0.0 bounds: (870,477),(979,477),(979,521),(870,521)
బరో 0.0 bounds: (872,477),(895,480),(893,496),(870,493)
ల్రీన 0.0 bounds: (900,480),(916,482),(914,498),(898,496)
జ 0.0 bounds: (932,484),(940,485),(938,500),(930,499)
ల 0.0 bounds: (971,489),(979,490),(977,505),(969,504)
GSa 0.0 bounds: (877,496),(895,499),(894,506),(876,503)
i 0.0 bounds: (900,497),(918,500),(916,512),(898,509)
BomanG 0.0 bounds: (923,502),(957,507),(956,514),(922,509)
na 0.0 bounds: (964,509),(978,511),(976,521),(962,519)
