ass
andth
2Cola
House
PROVISION
STORES
Snth he Amazing
elleys'
H-F
GM
0000
esoUA
elleys
 0.0 bounds: (264,-5),(996,-5),(996,507),(264,507)
ass 0.0 bounds: (801,250),(817,251),(817,259),(801,258)
andth 0.0 bounds: (264,43),(295,43),(295,48),(264,48)
2Cola 0.0 bounds: (561,21),(609,-5),(623,20),(574,46)
House 0.0 bounds: (478,82),(517,61),(527,81),(488,101)
PROVISION 0.0 bounds: (898,33),(987,4),(995,32),(907,61)
STORES 0.0 bounds: (909,65),(973,46),(981,72),(917,92)
Snth 0.0 bounds: (578,99),(607,85),(615,104),(587,117)
he 0.0 bounds: (608,85),(619,80),(627,97),(616,102)
Amazing 0.0 bounds: (621,79),(673,54),(682,72),(630,97)
elleys' 0.0 bounds: (763,214),(833,206),(834,222),(765,230)
H-F 0.0 bounds: (857,204),(879,203),(879,217),(857,218)
GM 0.0 bounds: (714,246),(729,246),(729,256),(714,256)
0000 0.0 bounds: (514,291),(543,290),(543,298),(514,299)
esoUA 0.0 bounds: (792,447),(822,448),(822,456),(792,455)
elleys 0.0 bounds: (782,490),(837,495),(836,507),(781,502)
