be uo.D. dec
CHRIST
UNTVERSITY
BENGALURU-560 029
 0.0 bounds: (67,76),(907,76),(907,395),(67,395)
be 0.0 bounds: (71,115),(97,124),(93,136),(67,126)
uo.D. 0.0 bounds: (99,124),(131,135),(127,146),(95,134)
dec 0.0 bounds: (138,138),(179,152),(175,164),(134,149)
CHRIST 0.0 bounds: (653,223),(857,76),(907,146),(703,293)
UNTVERSITY 0.0 bounds: (691,306),(883,201),(907,244),(715,349)
BENGALURU-560 0.0 bounds: (704,363),(853,302),(866,334),(717,395)
029 0.0 bounds: (855,302),(891,287),(904,319),(868,333)
