324
GE
& Sent
ANT
MUSIC BAR
771771377
Meical
Imperial
 0.0 bounds: (0,266),(835,266),(835,424),(0,424)
324 0.0 bounds: (283,294),(237,287),(240,267),(286,274)
GE 0.0 bounds: (3,282),(33,285),(30,315),(0,312)
& 0.0 bounds: (56,289),(61,289),(60,299),(55,299)
Sent 0.0 bounds: (65,289),(82,290),(81,301),(64,300)
ANT 0.0 bounds: (1,311),(23,313),(22,327),(0,325)
MUSIC 0.0 bounds: (26,329),(52,332),(51,340),(25,337)
BAR 0.0 bounds: (55,334),(73,336),(72,342),(54,340)
771771377 0.0 bounds: (326,333),(215,319),(217,301),(328,315)
Meical 0.0 bounds: (354,362),(384,366),(383,373),(353,369)
Imperial 0.0 bounds: (796,407),(835,409),(834,424),(795,422)
