8.85%
artingakh
BARDLA
A35
WStartin
FEE THER
FLEXPENN
PV sindn r Medalist
Oympic
बैंक ऑफ़ बड़ौदा
ank of Ba oda
33 44
Folur as on f
's Internationa
 0.0 bounds: (325,27),(892,27),(892,533),(325,533)
8.85% 0.0 bounds: (745,84),(831,28),(850,57),(764,113)
artingakh 0.0 bounds: (778,94),(854,60),(859,71),(783,105)
BARDLA 0.0 bounds: (537,227),(566,207),(570,213),(541,233)
A35 0.0 bounds: (525,243),(572,219),(582,238),(535,263)
WStartin 0.0 bounds: (527,276),(559,255),(562,259),(530,280)
FEE 0.0 bounds: (334,445),(365,439),(369,461),(338,467)
THER 0.0 bounds: (367,439),(390,435),(394,457),(371,461)
FLEXPENN 0.0 bounds: (325,472),(389,454),(395,472),(330,490)
PV 0.0 bounds: (698,271),(715,263),(719,271),(702,279)
sindn 0.0 bounds: (718,262),(734,254),(738,263),(722,270)
r 0.0 bounds: (754,245),(759,243),(762,251),(758,253)
Medalist 0.0 bounds: (758,243),(798,224),(802,234),(762,252)
Oympic 0.0 bounds: (697,282),(728,266),(732,273),(701,289)
बैंक 0.0 bounds: (704,344),(735,329),(748,356),(717,371)
ऑफ़ 0.0 bounds: (742,325),(795,299),(809,327),(756,353)
बड़ौदा 0.0 bounds: (797,297),(873,260),(887,288),(811,325)
ank 0.0 bounds: (719,367),(760,348),(770,370),(729,389)
of 0.0 bounds: (767,346),(791,335),(800,356),(777,367)
Ba 0.0 bounds: (796,332),(820,321),(829,342),(806,353)
oda 0.0 bounds: (836,314),(881,293),(891,314),(846,335)
33 0.0 bounds: (548,423),(567,414),(569,419),(551,428)
44 0.0 bounds: (570,412),(582,406),(585,413),(574,419)
Folur 0.0 bounds: (442,519),(467,508),(473,522),(449,534)
as 0.0 bounds: (469,508),(478,504),(485,518),(476,523)
on 0.0 bounds: (479,503),(489,498),(496,513),(486,518)
f 0.0 bounds: (494,497),(509,490),(516,504),(500,511)
's 0.0 bounds: (724,396),(746,386),(751,398),(729,408)
Internationa 0.0 bounds: (748,385),(815,356),(820,368),(753,397)
