Presi
REPORT TRAFFIC VIOLATIONS
2BANGALORE TRAFICPOLICE
INDUS O
555 TMT -
DEN PAM CANTEENO
DEN
2224 4318
RMY
 0.0 bounds: (1,144),(721,144),(721,379),(1,379)
Presi 0.0 bounds: (596,144),(631,151),(630,160),(594,153)
REPORT 0.0 bounds: (504,252),(523,253),(523,260),(504,259)
TRAFFIC 0.0 bounds: (525,252),(543,253),(543,260),(525,259)
VIOLATIONS 0.0 bounds: (547,253),(573,254),(573,261),(547,260)
2BANGALORE 0.0 bounds: (503,263),(533,263),(533,271),(503,271)
TRAFICPOLICE 0.0 bounds: (535,263),(573,264),(573,272),(535,271)
INDUS 0.0 bounds: (529,283),(574,283),(574,294),(529,294)
O 0.0 bounds: (580,283),(586,283),(586,294),(580,294)
555 0.0 bounds: (526,297),(548,297),(548,307),(526,307)
TMT 0.0 bounds: (550,297),(566,297),(566,307),(550,307)
- 0.0 bounds: (575,297),(596,297),(596,307),(575,307)
DEN 0.0 bounds: (566,308),(598,308),(598,321),(566,321)
PAM 0.0 bounds: (603,306),(634,306),(634,321),(603,321)
CANTEENO 0.0 bounds: (640,306),(721,307),(721,323),(640,322)
DEN 0.0 bounds: (261,324),(281,324),(281,334),(261,334)
2224 0.0 bounds: (515,350),(538,351),(538,358),(515,357)
4318 0.0 bounds: (542,351),(560,352),(560,359),(542,358)
RMY 0.0 bounds: (1,366),(42,367),(42,379),(1,378)
