Hlappines
SALE
UP TO SNOFF
CENTRAL
goyee
RESIDENCY DOAD
SPET SMAY
Kaushik
 0.0 bounds: (291,33),(675,33),(675,265),(291,265)
Hlappines 0.0 bounds: (597,36),(651,33),(652,50),(598,53)
SALE 0.0 bounds: (606,55),(645,47),(648,60),(609,69)
UP 0.0 bounds: (599,72),(616,69),(617,79),(600,82)
TO 0.0 bounds: (618,69),(625,68),(626,78),(619,79)
SNOFF 0.0 bounds: (625,70),(657,65),(658,73),(626,78)
CENTRAL 0.0 bounds: (615,132),(663,126),(665,141),(617,147)
goyee 0.0 bounds: (291,226),(330,223),(330,230),(292,233)
RESIDENCY 0.0 bounds: (610,161),(651,155),(652,166),(612,172)
DOAD 0.0 bounds: (656,154),(674,152),(675,162),(658,165)
SPET 0.0 bounds: (626,177),(650,174),(651,181),(627,184)
SMAY 0.0 bounds: (652,174),(672,171),(673,177),(653,180)
Kaushik 0.0 bounds: (426,256),(459,235),(465,245),(432,265)
