ASUS
O Lufthansa Cargo
VS ANOCIATES
ఇా రాజో ల ర్యాన మ ి
URAMAL RAIMAL
SURANA
5asec
RENTILEEXPERT
Sosec
FoLiging
1ICICI Bank
DRY CLE
AUND
PG
51
 0.0 bounds: (350,7),(1023,7),(1023,502),(350,502)
ASUS 0.0 bounds: (878,29),(938,7),(942,17),(881,38)
O 0.0 bounds: (580,160),(586,158),(589,168),(583,170)
Lufthansa 0.0 bounds: (588,157),(624,145),(628,156),(591,167)
Cargo 0.0 bounds: (628,145),(651,138),(654,147),(631,155)
VS 0.0 bounds: (455,208),(472,202),(475,212),(458,217)
ANOCIATES 0.0 bounds: (469,206),(512,191),(514,199),(472,214)
ఇా 0.0 bounds: (539,260),(561,255),(563,264),(541,269)
రాజో 0.0 bounds: (585,250),(606,246),(608,255),(587,260)
ల 0.0 bounds: (607,245),(623,242),(625,250),(609,254)
ర్యాన 0.0 bounds: (637,240),(668,233),(670,242),(639,249)
మ 0.0 bounds: (677,231),(687,229),(689,238),(679,240)
ి 0.0 bounds: (706,225),(723,221),(724,230),(708,234)
URAMAL 0.0 bounds: (594,264),(644,255),(645,262),(595,271)
RAIMAL 0.0 bounds: (651,251),(688,244),(690,253),(653,260)
SURANA 0.0 bounds: (588,277),(687,261),(691,287),(592,303)
5asec 0.0 bounds: (828,238),(903,229),(906,248),(830,257)
RENTILEEXPERT 0.0 bounds: (864,254),(952,241),(954,251),(865,264)
Sosec 0.0 bounds: (780,256),(802,253),(803,260),(781,263)
FoLiging 0.0 bounds: (461,310),(493,307),(494,316),(462,319)
1ICICI 0.0 bounds: (350,337),(377,336),(378,347),(351,348)
Bank 0.0 bounds: (379,335),(393,334),(394,346),(380,347)
DRY 0.0 bounds: (953,323),(988,321),(989,337),(954,340)
CLE 0.0 bounds: (996,320),(1022,318),(1023,336),(997,338)
AUND 0.0 bounds: (960,356),(1020,352),(1020,354),(960,358)
PG 0.0 bounds: (947,384),(968,382),(969,396),(949,398)
51 0.0 bounds: (869,486),(898,487),(897,502),(868,501)
