STARBUC
Celtel 70%
THE
COTTAGE
ARTS
Mobile & Laptop
Sales & Service Center
iPhone
BlackBerry
AAMULTIFONDS EME NDA
"Ctle
NOKIA
SAMSUNG
hTC
SONY
acer
MANUPACTURE
& EXPORTERS
atteo
eoffea
REGISTERED WITH
GOVT OF KARANATAKA
MAGAZ
Pick Any UK &US
@ Rs 100/150.
-0e coo2568
 0.0 bounds: (41,-3),(1023,-3),(1023,498),(41,498)
STARBUC 0.0 bounds: (769,-3),(1023,2),(1022,34),(768,29)
Celtel 0.0 bounds: (858,143),(973,151),(970,185),(856,177)
70% 0.0 bounds: (990,152),(1023,154),(1020,189),(988,187)
THE 0.0 bounds: (773,149),(819,151),(818,175),(772,173)
COTTAGE 0.0 bounds: (742,178),(847,183),(846,208),(741,204)
ARTS 0.0 bounds: (765,210),(819,214),(817,236),(764,233)
Mobile 0.0 bounds: (872,174),(909,176),(908,186),(871,184)
& 0.0 bounds: (914,179),(920,179),(920,186),(914,186)
Laptop 0.0 bounds: (925,180),(958,182),(957,190),(924,188)
Sales 0.0 bounds: (855,185),(882,186),(882,196),(855,195)
& 0.0 bounds: (887,188),(893,188),(893,196),(887,196)
Service 0.0 bounds: (898,186),(937,187),(937,198),(898,197)
Center 0.0 bounds: (943,188),(975,189),(975,200),(943,199)
iPhone 0.0 bounds: (897,197),(942,200),(941,212),(896,209)
BlackBerry 0.0 bounds: (882,210),(943,212),(943,222),(882,220)
AAMULTIFONDS 0.0 bounds: (108,146),(152,164),(147,176),(103,158)
EME 0.0 bounds: (159,168),(198,184),(193,195),(154,179)
NDA 0.0 bounds: (199,183),(208,187),(203,199),(194,195)
"Ctle 0.0 bounds: (995,192),(1020,192),(1020,201),(995,201)
NOKIA 0.0 bounds: (873,226),(945,228),(945,240),(873,238)
SAMSUNG 0.0 bounds: (894,237),(968,238),(968,251),(894,250)
hTC 0.0 bounds: (883,251),(919,253),(918,265),(882,263)
SONY 0.0 bounds: (874,262),(949,265),(948,278),(874,275)
acer 0.0 bounds: (891,277),(932,278),(932,290),(891,289)
MANUPACTURE 0.0 bounds: (755,238),(826,242),(826,248),(755,244)
& 0.0 bounds: (755,246),(761,246),(761,250),(755,250)
EXPORTERS 0.0 bounds: (768,246),(825,248),(825,254),(768,252)
atteo 0.0 bounds: (42,207),(134,210),(133,232),(41,229)
eoffea 0.0 bounds: (98,231),(133,231),(133,245),(98,245)
REGISTERED 0.0 bounds: (750,255),(803,258),(802,267),(750,265)
WITH 0.0 bounds: (811,258),(828,259),(828,269),(811,268)
GOVT 0.0 bounds: (740,267),(762,267),(762,273),(740,273)
OF 0.0 bounds: (766,268),(776,268),(776,274),(766,274)
KARANATAKA 0.0 bounds: (780,269),(838,270),(838,276),(780,275)
MAGAZ 0.0 bounds: (792,362),(1023,370),(1021,426),(790,418)
Pick 0.0 bounds: (826,438),(866,440),(865,455),(825,453)
Any 0.0 bounds: (875,442),(914,444),(913,462),(874,460)
UK 0.0 bounds: (925,443),(957,445),(956,460),(924,458)
&US 0.0 bounds: (967,445),(1016,447),(1015,463),(966,461)
@ 0.0 bounds: (878,463),(906,465),(904,487),(876,485)
Rs 0.0 bounds: (917,466),(947,468),(945,491),(915,489)
100/150. 0.0 bounds: (949,468),(1023,474),(1021,498),(947,492)
-0e 0.0 bounds: (323,282),(320,318),(308,317),(311,281)
coo2568 0.0 bounds: (318,325),(312,402),(303,401),(309,324)
