1st Floor
66 EMM
MEHTA
Rimce
HOICATE
SYND
.Byrapp
SHARMA
C0OLUNIFORM
 0.0 bounds: (72,-1),(967,-1),(967,394),(72,394)
1st 0.0 bounds: (873,3),(904,3),(904,17),(873,17)
Floor 0.0 bounds: (908,0),(967,-1),(967,17),(908,18)
66 0.0 bounds: (123,3),(153,3),(153,16),(123,16)
EMM 0.0 bounds: (155,3),(181,3),(181,17),(155,17)
MEHTA 0.0 bounds: (233,151),(257,151),(257,157),(233,157)
Rimce 0.0 bounds: (219,229),(326,282),(320,294),(213,242)
HOICATE 0.0 bounds: (73,259),(124,261),(123,276),(72,274)
SYND 0.0 bounds: (295,283),(325,290),(323,299),(293,292)
.Byrapp 0.0 bounds: (797,330),(854,331),(854,348),(797,347)
SHARMA 0.0 bounds: (895,379),(958,378),(958,393),(895,394)
C0OLUNIFORM 0.0 bounds: (254,0),(256,143),(232,143),(230,0)
