ON SAL MLNETPALICE
LDERS
METS ACPd
WELMET PALACE
HERD PROTECTON e
Authorised Dealer in
Vegs
OR
Lo mas td ade
udra an VEGA STEELBIRD STUDOS GLIDERS
i20
 0.0 bounds: (653,265),(919,265),(919,611),(653,611)
ON 0.0 bounds: (806,414),(817,416),(816,423),(805,421)
SAL 0.0 bounds: (821,417),(826,418),(825,425),(820,424)
MLNETPALICE 0.0 bounds: (829,419),(865,419),(865,432),(829,432)
LDERS 0.0 bounds: (678,265),(756,281),(752,305),(673,290)
METS 0.0 bounds: (681,288),(700,292),(698,300),(679,296)
ACPd 0.0 bounds: (710,295),(732,300),(730,306),(709,302)
WELMET 0.0 bounds: (719,305),(739,312),(736,319),(716,313)
PALACE 0.0 bounds: (741,311),(760,317),(757,325),(738,319)
HERD 0.0 bounds: (776,325),(794,330),(792,339),(773,334)
PROTECTON 0.0 bounds: (796,331),(827,340),(824,349),(793,340)
e 0.0 bounds: (829,341),(849,347),(846,356),(826,350)
Authorised 0.0 bounds: (657,325),(697,337),(694,348),(654,337)
Dealer 0.0 bounds: (700,338),(722,344),(720,352),(698,346)
in 0.0 bounds: (726,348),(732,350),(730,355),(724,354)
Vegs 0.0 bounds: (688,339),(766,362),(753,404),(675,381)
OR 0.0 bounds: (830,385),(857,391),(854,408),(826,402)
Lo 0.0 bounds: (674,383),(693,387),(691,396),(672,392)
mas 0.0 bounds: (690,389),(709,393),(707,399),(689,395)
td 0.0 bounds: (711,393),(729,397),(727,405),(709,401)
ade 0.0 bounds: (735,397),(752,401),(750,409),(733,406)
udra 0.0 bounds: (681,412),(702,416),(699,429),(679,425)
an 0.0 bounds: (704,416),(718,418),(715,432),(702,430)
VEGA 0.0 bounds: (730,420),(761,426),(759,439),(728,434)
STEELBIRD 0.0 bounds: (763,427),(816,437),(814,449),(761,440)
STUDOS 0.0 bounds: (820,437),(852,443),(850,456),(818,450)
GLIDERS 0.0 bounds: (855,443),(888,449),(886,463),(853,457)
i20 0.0 bounds: (890,603),(919,603),(919,611),(890,611)
