BMTC
www.mybmtc.com
Helpline No-1800 425 143
AC VENCLE
 0.0 bounds: (199,431),(329,431),(329,535),(199,535)
BMTC 0.0 bounds: (255,431),(329,433),(329,451),(255,449)
www.mybmtc.com 0.0 bounds: (254,452),(325,453),(325,458),(254,457)
Helpline 0.0 bounds: (254,457),(277,457),(277,463),(254,463)
No-1800 0.0 bounds: (280,458),(302,458),(302,464),(280,464)
425 0.0 bounds: (304,458),(314,458),(314,464),(304,464)
143 0.0 bounds: (317,458),(328,458),(328,465),(317,465)
AC 0.0 bounds: (199,532),(205,532),(205,535),(199,535)
VENCLE 0.0 bounds: (208,532),(227,532),(227,535),(208,535)
