55 Ravi..in...
MR.
5.SRavi.in...
MR
SSRai in..
SUMUKHTERTAWERS
N AGAVAN
ESENTS
P.
 0.0 bounds: (29,255),(1001,255),(1001,653),(29,653)
55 0.0 bounds: (29,534),(55,535),(55,553),(29,552)
Ravi..in... 0.0 bounds: (60,534),(133,536),(133,554),(60,552)
MR. 0.0 bounds: (385,533),(420,533),(420,555),(385,555)
5.SRavi.in... 0.0 bounds: (503,531),(621,532),(621,547),(503,546)
MR 0.0 bounds: (807,534),(838,534),(838,557),(807,557)
SSRai 0.0 bounds: (915,534),(972,533),(972,548),(915,549)
in.. 0.0 bounds: (982,534),(1001,534),(1001,545),(982,545)
SUMUKHTERTAWERS 0.0 bounds: (183,590),(339,570),(341,588),(185,608)
N 0.0 bounds: (647,585),(664,584),(665,597),(648,598)
AGAVAN 0.0 bounds: (679,581),(758,577),(759,593),(680,597)
ESENTS 0.0 bounds: (234,612),(348,603),(351,644),(237,653)
P. 0.0 bounds: (811,260),(804,351),(738,346),(745,255)
