大
Padmavati
TANISHQ
ur 25% o
DIA
T'S GET.
 0.0 bounds: (203,133),(479,133),(479,402),(203,402)
大 0.0 bounds: (440,135),(455,133),(457,148),(442,150)
Padmavati 0.0 bounds: (317,156),(385,141),(389,157),(320,172)
TANISHQ 0.0 bounds: (421,155),(475,148),(479,170),(424,178)
ur 0.0 bounds: (419,248),(433,247),(434,258),(420,259)
25% 0.0 bounds: (440,246),(466,244),(467,255),(441,257)
o 0.0 bounds: (468,244),(473,244),(474,255),(469,255)
DIA 0.0 bounds: (208,379),(225,379),(225,389),(208,389)
T'S 0.0 bounds: (203,390),(227,390),(227,402),(203,402)
GET. 0.0 bounds: (229,390),(250,390),(250,402),(229,402)
