Fixed or Floating
t the benefits of peth
Aane loan
7876 10 3333
DKM
The True TMT
SUNVIK GOLD
 0.0 bounds: (169,37),(831,37),(831,383),(169,383)
Fixed 0.0 bounds: (169,189),(190,178),(195,188),(174,199)
or 0.0 bounds: (194,178),(204,173),(208,182),(199,187)
Floating 0.0 bounds: (206,170),(237,154),(242,164),(211,180)
t 0.0 bounds: (185,192),(189,190),(192,199),(189,200)
the 0.0 bounds: (191,193),(198,190),(200,193),(193,197)
benefits 0.0 bounds: (201,187),(220,178),(223,185),(204,193)
of 0.0 bounds: (223,177),(229,174),(232,180),(225,182)
peth 0.0 bounds: (231,174),(243,169),(246,175),(234,180)
Aane 0.0 bounds: (191,201),(209,193),(212,199),(193,207)
loan 0.0 bounds: (215,191),(225,187),(228,193),(218,197)
7876 0.0 bounds: (765,157),(781,142),(791,152),(774,167)
10 0.0 bounds: (783,141),(788,136),(797,146),(792,151)
3333 0.0 bounds: (789,134),(804,120),(813,131),(798,144)
DKM 0.0 bounds: (523,373),(558,363),(560,372),(526,383)
The 0.0 bounds: (739,91),(752,74),(765,83),(752,101)
True 0.0 bounds: (753,73),(764,59),(777,69),(766,83)
TMT 0.0 bounds: (765,56),(778,39),(791,50),(778,66)
SUNVIK 0.0 bounds: (720,136),(767,81),(793,103),(746,158)
GOLD 0.0 bounds: (769,80),(805,37),(830,59),(794,101)
