TS A N OMARK.
ON SEPT 22
GETS A NEW
LE
SETS
cubix
ALLI
STARTO AT 35
 0.0 bounds: (-1,16),(114,16),(114,175),(-1,175)
TS 0.0 bounds: (16,51),(29,57),(26,64),(13,58)
A 0.0 bounds: (32,57),(34,58),(32,65),(30,65)
N 0.0 bounds: (40,58),(44,58),(43,66),(39,66)
OMARK. 0.0 bounds: (80,74),(114,88),(110,98),(76,84)
ON 0.0 bounds: (2,16),(23,25),(21,31),(-1,22)
SEPT 0.0 bounds: (29,28),(52,38),(50,43),(27,34)
22 0.0 bounds: (59,40),(77,48),(75,53),(57,46)
GETS 0.0 bounds: (1,36),(19,43),(17,47),(-1,41)
A 0.0 bounds: (23,45),(28,47),(26,51),(21,50)
NEW 0.0 bounds: (32,49),(52,56),(50,61),(30,54)
LE 0.0 bounds: (56,58),(62,60),(60,65),(54,63)
SETS 0.0 bounds: (1,47),(23,56),(22,60),(-1,52)
cubix 0.0 bounds: (5,95),(44,110),(39,123),(0,108)
ALLI 0.0 bounds: (3,116),(23,123),(19,134),(-1,126)
STARTO 0.0 bounds: (3,144),(32,153),(28,164),(0,154)
AT 0.0 bounds: (33,154),(40,156),(37,166),(30,164)
35 0.0 bounds: (44,158),(73,167),(70,175),(42,166)
