20%
OFF
ON LENSES
FOR EVERYONE
ZM Lawrence & Mayo
EC EC A
Barton Centre, MG Road
Kaushik
 0.0 bounds: (368,-6),(862,-6),(862,282),(368,282)
20% 0.0 bounds: (727,23),(812,-5),(827,39),(742,68)
OFF 0.0 bounds: (798,33),(819,27),(823,41),(802,47)
ON 0.0 bounds: (743,62),(769,56),(773,71),(747,78)
LENSES 0.0 bounds: (770,58),(825,45),(828,57),(773,70)
FOR 0.0 bounds: (746,82),(766,78),(767,86),(748,90)
EVERYONE 0.0 bounds: (772,75),(832,62),(834,71),(774,84)
ZM 0.0 bounds: (732,114),(751,111),(753,127),(734,130)
Lawrence 0.0 bounds: (756,112),(808,105),(809,116),(757,123)
& 0.0 bounds: (812,104),(820,103),(821,114),(813,115)
Mayo 0.0 bounds: (823,101),(853,97),(855,114),(825,118)
EC 0.0 bounds: (735,134),(756,131),(757,140),(736,143)
EC 0.0 bounds: (814,124),(831,122),(832,131),(815,133)
A 0.0 bounds: (839,121),(860,118),(861,127),(840,130)
Barton 0.0 bounds: (742,147),(773,143),(774,152),(743,156)
Centre, 0.0 bounds: (778,142),(812,138),(813,147),(779,151)
MG 0.0 bounds: (815,138),(833,136),(834,144),(816,146)
Road 0.0 bounds: (837,135),(861,132),(862,141),(838,144)
Kaushik 0.0 bounds: (368,275),(395,255),(401,262),(373,282)
