MEAD INJURY IS CATASTROPH
CNS silk
A05sBAT HOSPITAL
BANGALORE
O Zuari Cement
alcementi Group
 0.0 bounds: (535,372),(777,372),(777,602),(535,602)
MEAD 0.0 bounds: (539,381),(553,380),(553,384),(539,385)
INJURY 0.0 bounds: (556,379),(576,378),(576,383),(556,384)
IS 0.0 bounds: (580,376),(587,376),(587,382),(580,382)
CATASTROPH 0.0 bounds: (589,375),(625,373),(625,380),(589,382)
CNS 0.0 bounds: (725,411),(743,411),(743,423),(725,423)
silk 0.0 bounds: (748,411),(765,411),(765,423),(748,423)
A05sBAT 0.0 bounds: (535,420),(562,419),(562,424),(535,425)
HOSPITAL 0.0 bounds: (567,419),(597,418),(597,424),(567,425)
BANGALORE 0.0 bounds: (642,516),(690,516),(690,527),(642,527)
O 0.0 bounds: (663,575),(672,575),(672,588),(663,588)
Zuari 0.0 bounds: (674,575),(707,575),(707,589),(674,589)
Cement 0.0 bounds: (711,576),(760,577),(760,590),(711,589)
alcementi 0.0 bounds: (676,586),(738,588),(738,601),(676,599)
Group 0.0 bounds: (740,588),(777,589),(777,602),(740,601)
