20%
OFF
ON LENSES
FOR EVERYONE
M Lawrence & Mayo
goye
Barton Centre, MG Road
Kaushik
 0.0 bounds: (241,-2),(862,-2),(862,280),(241,280)
20% 0.0 bounds: (728,26),(813,-1),(826,40),(742,68)
OFF 0.0 bounds: (793,34),(822,27),(825,38),(796,46)
ON 0.0 bounds: (745,61),(769,56),(773,71),(748,77)
LENSES 0.0 bounds: (770,57),(826,45),(828,57),(773,70)
FOR 0.0 bounds: (746,83),(766,79),(767,86),(748,91)
EVERYONE 0.0 bounds: (772,76),(832,63),(833,72),(774,85)
M 0.0 bounds: (731,114),(751,111),(753,127),(733,130)
Lawrence 0.0 bounds: (757,112),(808,105),(809,116),(759,123)
& 0.0 bounds: (812,104),(820,103),(822,115),(814,116)
Mayo 0.0 bounds: (823,101),(854,97),(856,113),(825,117)
goye 0.0 bounds: (241,245),(274,242),(274,247),(241,250)
Barton 0.0 bounds: (742,148),(773,144),(774,152),(743,156)
Centre, 0.0 bounds: (778,142),(813,137),(814,146),(779,151)
MG 0.0 bounds: (815,138),(834,136),(835,143),(816,146)
Road 0.0 bounds: (836,136),(861,133),(862,140),(837,143)
Kaushik 0.0 bounds: (362,272),(394,253),(398,260),(367,280)
