శనా?బక బ్యాంతో లీ.
క్రీ రబలం చింబరోమజై రా
పరి వాన నిలుగేడ
c ena a mansg
CONTRACTOR M 944804655619739879459
CAR
DUCATION
 0.0 bounds: (212,231),(690,231),(690,433),(212,433)
శనా?బక 0.0 bounds: (289,231),(338,245),(333,263),(284,249)
బ్యాంతో 0.0 bounds: (339,245),(370,254),(365,272),(334,263)
లీ. 0.0 bounds: (374,257),(383,259),(379,274),(370,271)
క్రీ 0.0 bounds: (530,282),(543,281),(544,292),(531,293)
రబలం 0.0 bounds: (550,280),(600,275),(601,286),(551,291)
చింబరోమజై 0.0 bounds: (607,275),(654,270),(655,280),(608,285)
రా 0.0 bounds: (657,270),(683,267),(684,277),(658,280)
పరి 0.0 bounds: (527,310),(549,308),(550,319),(528,321)
వాన 0.0 bounds: (553,308),(591,305),(592,316),(554,319)
నిలుగేడ 0.0 bounds: (592,305),(648,301),(649,312),(593,316)
c 0.0 bounds: (597,318),(608,317),(608,322),(597,323)
ena 0.0 bounds: (628,316),(644,315),(644,319),(628,320)
a 0.0 bounds: (650,313),(658,313),(658,319),(650,320)
mansg 0.0 bounds: (662,312),(686,311),(686,318),(662,319)
CONTRACTOR 0.0 bounds: (550,346),(589,343),(589,351),(551,354)
M 0.0 bounds: (596,343),(598,343),(598,350),(596,350)
944804655619739879459 0.0 bounds: (602,343),(689,337),(689,345),(603,351)
CAR 0.0 bounds: (212,428),(222,428),(222,433),(212,433)
DUCATION 0.0 bounds: (259,424),(279,423),(279,431),(259,432)
