B-TRA
Flama
KHAN SAH
globaldesi
GRILLS
ROL
60 80 100 120
VIAN
 0.0 bounds: (117,256),(1024,256),(1024,739),(117,739)
B-TRA 0.0 bounds: (945,269),(1021,256),(1024,274),(948,287)
Flama 0.0 bounds: (396,330),(436,330),(436,344),(396,344)
KHAN 0.0 bounds: (162,397),(186,401),(183,419),(159,415)
SAH 0.0 bounds: (187,404),(200,406),(197,422),(184,420)
globaldesi 0.0 bounds: (679,387),(719,385),(719,398),(680,400)
GRILLS 0.0 bounds: (119,419),(152,419),(152,428),(119,428)
ROL 0.0 bounds: (117,433),(143,433),(143,444),(117,444)
60 0.0 bounds: (910,728),(924,726),(925,737),(912,739)
80 0.0 bounds: (932,720),(947,718),(949,730),(934,732)
100 0.0 bounds: (955,716),(976,713),(978,729),(957,732)
120 0.0 bounds: (978,713),(998,710),(1000,726),(980,729)
VIAN 0.0 bounds: (143,273),(143,327),(127,327),(127,273)
