www.ksrtc.in
Araval
Chib Class
Sleep like a baby
KEEP DISTANCE
HO HAND SIORL
VOLVO
 0.0 bounds: (496,107),(851,107),(851,507),(496,507)
www.ksrtc.in 0.0 bounds: (676,115),(821,107),(822,125),(677,133)
Araval 0.0 bounds: (604,149),(851,151),(850,236),(603,234)
Chib 0.0 bounds: (746,211),(786,210),(786,227),(747,228)
Class 0.0 bounds: (777,210),(834,208),(834,225),(778,227)
Sleep 0.0 bounds: (665,233),(719,233),(719,258),(665,258)
like 0.0 bounds: (721,233),(762,233),(762,258),(721,258)
a 0.0 bounds: (769,233),(779,233),(779,258),(769,258)
baby 0.0 bounds: (786,232),(836,232),(836,258),(786,258)
KEEP 0.0 bounds: (502,431),(534,431),(534,448),(502,448)
DISTANCE 0.0 bounds: (539,431),(603,432),(603,450),(539,449)
HO 0.0 bounds: (496,450),(522,450),(522,466),(496,466)
HAND 0.0 bounds: (524,450),(554,450),(554,467),(524,467)
SIORL 0.0 bounds: (558,451),(599,451),(599,467),(558,467)
VOLVO 0.0 bounds: (533,487),(641,490),(640,507),(533,504)
