N.mybi
138srid
BM
Bharat-IV
EICHER
AZAD
PRIMARY
STEEL
TMT BARS
Call : +91 95626 15125 pmin
omo bobd de mes od a d dena t deto ds
WOGUDUO
Jede zoA
KA-57-F-2717
 0.0 bounds: (508,73),(824,73),(824,491),(508,491)
N.mybi 0.0 bounds: (647,193),(680,194),(680,203),(647,202)
138srid 0.0 bounds: (578,73),(686,86),(681,130),(573,117)
BM 0.0 bounds: (621,168),(684,171),(683,189),(620,186)
Bharat-IV 0.0 bounds: (508,239),(563,240),(563,254),(508,253)
EICHER 0.0 bounds: (623,241),(734,246),(733,264),(622,259)
AZAD 0.0 bounds: (801,232),(824,232),(824,241),(801,241)
PRIMARY 0.0 bounds: (638,301),(669,293),(671,302),(640,310)
STEEL 0.0 bounds: (635,307),(669,299),(672,310),(638,319)
TMT 0.0 bounds: (735,318),(752,319),(752,329),(735,328)
BARS 0.0 bounds: (757,318),(778,319),(778,329),(757,328)
Call 0.0 bounds: (681,398),(698,398),(698,406),(681,406)
: 0.0 bounds: (705,397),(709,397),(709,408),(705,408)
+91 0.0 bounds: (711,399),(725,399),(725,406),(711,406)
95626 0.0 bounds: (730,399),(755,399),(755,406),(730,406)
15125 0.0 bounds: (760,398),(784,398),(784,405),(760,405)
pmin 0.0 bounds: (790,403),(814,403),(814,405),(790,405)
omo 0.0 bounds: (546,429),(574,428),(574,434),(546,435)
bobd 0.0 bounds: (578,429),(610,428),(610,433),(578,434)
de 0.0 bounds: (613,427),(629,427),(629,433),(613,433)
mes 0.0 bounds: (633,428),(648,428),(648,432),(633,432)
od 0.0 bounds: (656,426),(665,426),(665,432),(656,432)
a 0.0 bounds: (681,427),(694,427),(694,431),(681,431)
d 0.0 bounds: (698,426),(704,426),(704,431),(698,431)
dena 0.0 bounds: (715,426),(730,426),(730,430),(715,430)
t 0.0 bounds: (743,425),(755,425),(755,429),(743,429)
deto 0.0 bounds: (758,425),(779,425),(779,429),(758,429)
ds 0.0 bounds: (795,424),(807,424),(807,429),(795,429)
WOGUDUO 0.0 bounds: (550,444),(594,441),(594,443),(550,446)
Jede 0.0 bounds: (551,482),(575,482),(575,490),(551,490)
zoA 0.0 bounds: (579,482),(599,482),(599,490),(579,490)
KA-57-F-2717 0.0 bounds: (643,475),(729,471),(730,487),(644,491)
