SPARES
SAS
WEIGHT LOSS CENTER
SHIVA
SIDI SHEKHA
prts
#22 Anhens
ENGA
ENER SUURCE
ROYAL
 0.0 bounds: (0,1),(1017,1),(1017,478),(0,478)
SPARES 0.0 bounds: (505,26),(557,1),(565,16),(512,41)
SAS 0.0 bounds: (355,114),(434,138),(424,171),(345,146)
WEIGHT 0.0 bounds: (324,138),(371,152),(367,166),(320,151)
LOSS 0.0 bounds: (378,153),(403,161),(399,173),(374,165)
CENTER 0.0 bounds: (406,162),(446,174),(441,190),(401,177)
SHIVA 0.0 bounds: (132,142),(198,158),(193,181),(126,165)
SIDI 0.0 bounds: (683,225),(719,237),(714,253),(678,241)
SHEKHA 0.0 bounds: (731,240),(776,254),(771,271),(726,256)
prts 0.0 bounds: (4,181),(37,188),(33,207),(0,200)
#22 0.0 bounds: (110,197),(122,199),(121,203),(109,201)
Anhens 0.0 bounds: (129,197),(149,201),(147,207),(128,204)
ENGA 0.0 bounds: (128,207),(149,208),(149,216),(128,215)
ENER 0.0 bounds: (258,234),(311,248),(308,261),(255,247)
SUURCE 0.0 bounds: (312,248),(342,256),(338,269),(308,262)
ROYAL 0.0 bounds: (986,465),(1017,466),(1016,478),(986,477)
