మార్గో అండాన్ేనరో
THE MID SEASON
SALE UP TO
50% OFF
ఎమో జి|
SELECTED ITEMS
MARKS &
SPENCER
LONDON
Additional 10% cashback on
RKS, LEVIS, ALDO
AXIS BANK
HSBC
cond & Third Floor
e ne
 0.0 bounds: (1,128),(947,128),(947,512),(1,512)
మార్గో 0.0 bounds: (616,135),(646,133),(647,149),(617,151)
అండాన్ేనరో 0.0 bounds: (648,132),(705,128),(706,145),(649,149)
THE 0.0 bounds: (511,181),(572,176),(573,196),(513,201)
MID 0.0 bounds: (566,181),(601,178),(602,193),(567,196)
SEASON 0.0 bounds: (609,176),(693,169),(694,186),(610,193)
SALE 0.0 bounds: (516,212),(591,207),(593,232),(518,237)
UP 0.0 bounds: (602,207),(645,204),(647,228),(604,231)
TO 0.0 bounds: (655,202),(698,199),(700,225),(657,228)
50% 0.0 bounds: (535,251),(598,247),(599,271),(537,275)
OFF 0.0 bounds: (611,245),(678,241),(679,266),(613,270)
ఎమో 0.0 bounds: (802,205),(910,197),(911,220),(804,228)
జి| 0.0 bounds: (922,199),(945,197),(947,219),(924,221)
SELECTED 0.0 bounds: (538,296),(617,293),(618,308),(539,311)
ITEMS 0.0 bounds: (627,294),(674,292),(675,306),(628,308)
MARKS 0.0 bounds: (549,346),(639,344),(639,364),(549,366)
& 0.0 bounds: (649,344),(664,344),(664,363),(649,363)
SPENCER 0.0 bounds: (543,377),(671,375),(671,395),(543,397)
LONDON 0.0 bounds: (583,412),(630,412),(630,419),(583,419)
Additional 0.0 bounds: (538,465),(585,466),(585,473),(538,472)
10% 0.0 bounds: (591,463),(617,463),(617,474),(591,474)
cashback 0.0 bounds: (623,466),(667,467),(667,475),(623,474)
on 0.0 bounds: (673,470),(683,470),(683,474),(673,474)
RKS, 0.0 bounds: (1,494),(12,494),(12,503),(1,503)
LEVIS, 0.0 bounds: (12,496),(27,496),(27,503),(12,503)
ALDO 0.0 bounds: (30,498),(44,498),(44,503),(30,503)
AXIS 0.0 bounds: (539,484),(570,484),(570,494),(539,494)
BANK 0.0 bounds: (574,486),(593,486),(593,492),(574,492)
HSBC 0.0 bounds: (621,485),(680,487),(680,497),(621,495)
cond 0.0 bounds: (205,502),(232,502),(232,511),(205,511)
& 0.0 bounds: (236,503),(241,503),(241,510),(236,510)
Third 0.0 bounds: (245,504),(265,504),(265,511),(245,511)
Floor 0.0 bounds: (269,504),(291,504),(291,512),(269,512)
e 0.0 bounds: (644,503),(646,503),(646,508),(644,508)
ne 0.0 bounds: (659,503),(663,503),(663,508),(659,508)
