THE DOLDNEW
PROFESSIONAL
fiama
DI WILLS
FORO
ARROW
der
5574722
Tglobal desi
ISLAMIC BOUTIQUE
 0.0 bounds: (338,277),(819,277),(819,381),(338,381)
THE 0.0 bounds: (582,284),(609,281),(610,293),(583,296)
DOLDNEW 0.0 bounds: (611,281),(653,277),(654,289),(612,293)
PROFESSIONAL 0.0 bounds: (588,295),(670,288),(670,295),(589,303)
fiama 0.0 bounds: (396,300),(436,302),(435,315),(395,313)
DI 0.0 bounds: (398,314),(415,315),(415,322),(398,321)
WILLS 0.0 bounds: (417,315),(432,316),(432,322),(417,321)
FORO 0.0 bounds: (393,331),(411,332),(411,338),(393,337)
ARROW 0.0 bounds: (646,337),(674,336),(674,341),(646,342)
der 0.0 bounds: (573,341),(589,341),(589,349),(573,349)
5574722 0.0 bounds: (338,365),(362,365),(362,372),(338,372)
Tglobal 0.0 bounds: (754,361),(795,359),(796,379),(755,381)
desi 0.0 bounds: (797,359),(818,358),(819,378),(798,379)
ISLAMIC 0.0 bounds: (592,374),(626,373),(626,380),(592,381)
BOUTIQUE 0.0 bounds: (631,374),(670,373),(670,378),(631,379)
