ORULAR SILK
CLUBI
జంపంచరాలో బ్రర్ో
JATANTILAL BROTHERSO CENTI
ANUP & CO
For Silks & Sarees
square
Femina
the textile people
Fashio
EXCLUSIVE COLLE TION OF SUITING & SHIRTING
Siyaram's
ArVIND SOKTAS
AVITO
DOK SELLERS
J.HAMPSTEAD
o0s Coton
Soliy
Ravmond
 0.0 bounds: (54,22),(634,22),(634,431),(54,431)
ORULAR 0.0 bounds: (517,22),(576,64),(561,86),(501,44)
SILK 0.0 bounds: (578,67),(607,88),(593,108),(563,87)
CLUBI 0.0 bounds: (152,379),(182,381),(181,392),(151,390)
జంపంచరాలో 0.0 bounds: (471,189),(516,209),(513,215),(468,195)
బ్రర్ో 0.0 bounds: (519,211),(535,218),(531,227),(515,220)
JATANTILAL 0.0 bounds: (465,202),(512,223),(504,241),(457,220)
BROTHERSO 0.0 bounds: (513,222),(567,246),(558,265),(505,241)
CENTI 0.0 bounds: (583,254),(623,272),(615,290),(575,272)
ANUP 0.0 bounds: (486,240),(508,249),(505,256),(483,247)
& 0.0 bounds: (511,251),(517,254),(515,260),(508,257)
CO 0.0 bounds: (520,253),(530,257),(527,265),(517,260)
For 0.0 bounds: (472,249),(486,255),(483,263),(469,257)
Silks 0.0 bounds: (488,257),(507,264),(504,272),(485,264)
& 0.0 bounds: (509,265),(515,267),(512,273),(507,271)
Sarees 0.0 bounds: (518,267),(545,278),(542,285),(515,274)
square 0.0 bounds: (366,324),(417,332),(414,351),(363,343)
Femina 0.0 bounds: (581,387),(634,391),(632,414),(579,410)
the 0.0 bounds: (363,350),(372,352),(371,358),(362,356)
textile 0.0 bounds: (376,351),(394,354),(392,362),(374,359)
people 0.0 bounds: (397,354),(418,358),(416,367),(395,363)
Fashio 0.0 bounds: (608,415),(632,415),(632,425),(608,425)
EXCLUSIVE 0.0 bounds: (205,348),(265,355),(263,367),(204,360)
COLLE 0.0 bounds: (269,356),(299,360),(297,373),(267,369)
TION 0.0 bounds: (306,360),(325,362),(323,375),(304,373)
OF 0.0 bounds: (327,363),(338,364),(336,376),(326,375)
SUITING 0.0 bounds: (340,365),(371,369),(369,381),(339,377)
& 0.0 bounds: (373,372),(376,372),(375,378),(372,378)
SHIRTING 0.0 bounds: (380,373),(411,377),(410,384),(379,380)
Siyaram's 0.0 bounds: (399,393),(438,397),(437,407),(398,403)
ArVIND 0.0 bounds: (301,378),(342,387),(339,399),(298,391)
SOKTAS 0.0 bounds: (352,389),(389,397),(386,410),(349,402)
AVITO 0.0 bounds: (453,390),(503,411),(496,428),(446,407)
DOK 0.0 bounds: (445,406),(461,411),(459,419),(442,415)
SELLERS 0.0 bounds: (464,411),(499,421),(496,431),(461,421)
J.HAMPSTEAD 0.0 bounds: (214,375),(283,379),(282,390),(213,386)
o0s 0.0 bounds: (301,393),(316,395),(315,401),(300,399)
Coton 0.0 bounds: (319,395),(335,397),(334,403),(318,401)
Soliy 0.0 bounds: (342,414),(367,415),(367,423),(342,422)
Ravmond 0.0 bounds: (55,362),(126,368),(125,383),(54,378)
