L'OKEAL
BALMAIN
12 DESIGNER MATTES
OEDITION
Justdial
Soch
RED D T SAL
U.S. POLO ASSN
opp
 0.0 bounds: (377,94),(1020,94),(1020,410),(377,410)
L'OKEAL 0.0 bounds: (932,94),(1000,109),(995,133),(927,118)
BALMAIN 0.0 bounds: (930,140),(1000,150),(999,161),(928,151)
12 0.0 bounds: (773,156),(792,159),(790,169),(771,166)
DESIGNER 0.0 bounds: (795,163),(845,171),(844,177),(794,169)
MATTES 0.0 bounds: (850,172),(887,178),(886,183),(849,177)
OEDITION 0.0 bounds: (968,174),(999,176),(999,183),(968,181)
Justdial 0.0 bounds: (378,201),(432,207),(430,220),(377,214)
Soch 0.0 bounds: (671,262),(748,265),(746,306),(669,303)
RED 0.0 bounds: (837,279),(888,285),(885,304),(835,298)
D 0.0 bounds: (899,287),(910,288),(908,307),(897,306)
T 0.0 bounds: (915,291),(948,295),(946,309),(913,305)
SAL 0.0 bounds: (960,296),(1020,304),(1017,320),(958,313)
U.S. 0.0 bounds: (576,314),(593,316),(592,323),(575,321)
POLO 0.0 bounds: (597,316),(623,319),(622,327),(596,324)
ASSN 0.0 bounds: (626,320),(651,323),(650,331),(625,328)
opp 0.0 bounds: (734,402),(753,402),(753,410),(734,410)
