LAT Hospital
24 HOURS ACCIDENT TRAUMA
READ INJURY CENTRE
 0.0 bounds: (117,234),(316,234),(316,289),(117,289)
LAT 0.0 bounds: (191,234),(232,239),(230,256),(189,251)
Hospital 0.0 bounds: (239,239),(301,246),(299,264),(237,257)
24 0.0 bounds: (119,239),(140,241),(138,257),(117,255)
HOURS 0.0 bounds: (145,242),(188,247),(186,263),(143,258)
ACCIDENT 0.0 bounds: (192,251),(257,259),(255,271),(191,263)
TRAUMA 0.0 bounds: (262,258),(316,264),(314,278),(260,272)
READ 0.0 bounds: (146,258),(188,263),(186,278),(144,273)
INJURY 0.0 bounds: (191,265),(236,270),(234,281),(190,276)
CENTRE 0.0 bounds: (242,272),(291,278),(289,289),(241,283)
