Q-ACOUSTICS
THEATER
EMS
OMATION
AERA
CIALISTS
Acoustics
heater Speakers
BAT
 0.0 bounds: (350,13),(1023,13),(1023,643),(350,643)
Q-ACOUSTICS 0.0 bounds: (764,27),(890,13),(892,29),(766,43)
THEATER 0.0 bounds: (831,55),(889,48),(890,56),(832,63)
EMS 0.0 bounds: (828,71),(854,68),(855,77),(829,80)
OMATION 0.0 bounds: (830,95),(890,88),(891,98),(831,105)
AERA 0.0 bounds: (350,167),(424,149),(432,183),(358,201)
CIALISTS 0.0 bounds: (809,114),(867,108),(867,115),(810,121)
Acoustics 0.0 bounds: (874,145),(1019,127),(1023,158),(878,176)
heater 0.0 bounds: (896,173),(949,166),(950,177),(897,184)
Speakers 0.0 bounds: (954,164),(1020,156),(1022,172),(956,180)
BAT 0.0 bounds: (784,465),(947,428),(987,606),(825,643)
