Sudarshan
P
PRADEED
VARHICE
Raymona
Silke
SHASWAT
pODad
ASHA
ATM
Nakoda Collection
AG
Dealors in
Faty Shita Parts
The
7777
 0.0 bounds: (185,-2),(1024,-2),(1024,427),(185,427)
Sudarshan 0.0 bounds: (398,0),(479,-2),(480,18),(399,20)
P 0.0 bounds: (226,219),(263,217),(264,239),(227,241)
PRADEED 0.0 bounds: (233,242),(273,236),(274,249),(235,255)
VARHICE 0.0 bounds: (239,252),(266,251),(266,260),(239,261)
Raymona 0.0 bounds: (956,111),(1003,86),(1011,102),(964,126)
Silke 0.0 bounds: (606,230),(648,218),(654,238),(611,249)
SHASWAT 0.0 bounds: (859,177),(1009,108),(1021,135),(871,203)
pODad 0.0 bounds: (660,278),(716,275),(717,288),(661,292)
ASHA 0.0 bounds: (185,408),(222,406),(223,425),(186,427)
ATM 0.0 bounds: (533,336),(552,329),(557,344),(538,351)
Nakoda 0.0 bounds: (891,285),(941,269),(950,296),(900,313)
Collection 0.0 bounds: (947,268),(1015,246),(1023,273),(956,295)
AG 0.0 bounds: (691,343),(732,339),(733,354),(692,358)
Dealors 0.0 bounds: (958,292),(977,287),(979,293),(960,299)
in 0.0 bounds: (981,286),(985,285),(986,291),(983,292)
Faty 0.0 bounds: (906,316),(921,311),(923,318),(908,323)
Shita 0.0 bounds: (924,311),(938,307),(940,312),(926,317)
Parts 0.0 bounds: (946,304),(959,300),(961,307),(948,311)
The 0.0 bounds: (965,312),(991,307),(993,313),(966,318)
7777 0.0 bounds: (706,377),(726,375),(727,385),(707,387)
