E LEARNING D
HACK
DATA SCIENGE AN
SACHINER O
www.mybmtc.com
BMTC Helpline No-1800 425 1603
KAN4
D4771
 0.0 bounds: (31,61),(899,61),(899,774),(31,774)
E 0.0 bounds: (862,73),(865,75),(862,81),(858,79)
LEARNING 0.0 bounds: (867,77),(888,90),(885,96),(863,83)
D 0.0 bounds: (892,89),(899,93),(894,102),(887,98)
HACK 0.0 bounds: (846,61),(861,69),(856,79),(841,71)
DATA 0.0 bounds: (566,178),(579,182),(577,189),(564,185)
SCIENGE 0.0 bounds: (582,183),(601,189),(599,197),(580,191)
AN 0.0 bounds: (602,190),(610,192),(607,199),(600,197)
SACHINER 0.0 bounds: (560,191),(593,192),(593,199),(560,198)
O 0.0 bounds: (609,193),(612,193),(612,200),(609,200)
www.mybmtc.com 0.0 bounds: (435,429),(642,416),(643,446),(437,459)
BMTC 0.0 bounds: (377,446),(427,446),(427,471),(377,471)
Helpline 0.0 bounds: (437,447),(489,447),(489,479),(437,479)
No-1800 0.0 bounds: (495,447),(558,447),(558,474),(495,474)
425 0.0 bounds: (565,449),(595,449),(595,472),(565,472)
1603 0.0 bounds: (604,448),(648,448),(648,471),(604,471)
KAN4 0.0 bounds: (39,731),(103,719),(107,743),(43,755)
D4771 0.0 bounds: (31,752),(105,744),(107,766),(33,774)
