e X M KA
Rs. 499 o
LUNCH BFFET
LONA GST
MOXA
BUY 4ET 1
celebrate
O- meet
 0.0 bounds: (768,248),(876,248),(876,341),(768,341)
e 0.0 bounds: (768,257),(787,255),(788,264),(769,266)
X 0.0 bounds: (821,253),(829,252),(830,260),(822,261)
M 0.0 bounds: (837,251),(845,250),(846,257),(838,258)
KA 0.0 bounds: (847,250),(869,248),(870,257),(848,259)
Rs. 0.0 bounds: (777,273),(795,273),(795,280),(777,280)
499 0.0 bounds: (797,272),(809,272),(809,280),(797,280)
o 0.0 bounds: (860,272),(876,272),(876,279),(860,279)
LUNCH 0.0 bounds: (820,283),(845,283),(845,290),(820,290)
BFFET 0.0 bounds: (848,282),(875,282),(875,290),(848,290)
LONA 0.0 bounds: (818,288),(851,290),(851,296),(818,294)
GST 0.0 bounds: (865,291),(873,292),(873,299),(865,298)
MOXA 0.0 bounds: (771,304),(801,304),(801,311),(771,311)
BUY 0.0 bounds: (821,303),(839,302),(839,308),(821,309)
4ET 0.0 bounds: (843,301),(869,300),(869,307),(843,308)
1 0.0 bounds: (873,301),(874,301),(874,307),(873,307)
celebrate 0.0 bounds: (780,322),(808,322),(808,327),(780,327)
O- 0.0 bounds: (772,335),(786,335),(786,341),(772,341)
meet 0.0 bounds: (788,335),(797,335),(797,341),(788,341)
