DEV SAREES
AUL Daaie a y Sereee
OK Le
Dersthex
Critions
Cop a Dens
 0.0 bounds: (724,31),(937,31),(937,283),(724,283)
DEV 0.0 bounds: (809,131),(844,98),(865,121),(830,154)
SAREES 0.0 bounds: (849,94),(916,32),(937,55),(870,117)
AUL 0.0 bounds: (823,158),(848,136),(854,144),(830,165)
Daaie 0.0 bounds: (850,136),(861,126),(867,133),(856,143)
a 0.0 bounds: (864,124),(866,122),(872,129),(870,131)
y 0.0 bounds: (898,94),(911,83),(917,89),(904,101)
Sereee 0.0 bounds: (912,81),(929,66),(935,72),(918,88)
OK 0.0 bounds: (851,153),(867,138),(873,145),(857,160)
Le 0.0 bounds: (869,141),(877,134),(881,138),(873,145)
Dersthex 0.0 bounds: (724,263),(779,220),(795,240),(739,283)
Critions 0.0 bounds: (758,263),(812,225),(826,245),(772,283)
Cop 0.0 bounds: (829,95),(851,71),(862,82),(840,105)
a 0.0 bounds: (853,69),(860,61),(871,71),(864,79)
Dens 0.0 bounds: (864,55),(883,34),(895,45),(876,66)
