FIND YOUR
KIND OF PEOPLE
VE WHAT YOU LUNE
 0.0 bounds: (549,383),(647,383),(647,484),(549,484)
FIND 0.0 bounds: (563,383),(596,383),(596,394),(563,394)
YOUR 0.0 bounds: (602,383),(630,383),(630,394),(602,394)
KIND 0.0 bounds: (549,396),(578,396),(578,410),(549,410)
OF 0.0 bounds: (583,399),(597,399),(597,407),(583,407)
PEOPLE 0.0 bounds: (603,396),(647,396),(647,410),(603,410)
VE 0.0 bounds: (569,476),(580,476),(580,483),(569,483)
WHAT 0.0 bounds: (579,478),(596,478),(596,483),(579,483)
YOU 0.0 bounds: (599,479),(611,479),(611,483),(599,483)
LUNE 0.0 bounds: (614,479),(627,479),(627,484),(614,484)
