చయోాండిన్
EQUAL
EXPERTS
EF
EF NFORMATION
RELIANCE
Commuicen
TMF SERVICES
Company
 0.0 bounds: (25,-6),(252,-6),(252,286),(25,286)
చయోాండిన్ 0.0 bounds: (145,-6),(252,90),(236,108),(129,12)
EQUAL 0.0 bounds: (98,2),(144,35),(134,49),(88,16)
EXPERTS 0.0 bounds: (106,20),(156,55),(140,77),(90,42)
EF 0.0 bounds: (40,85),(87,109),(74,136),(26,113)
EF 0.0 bounds: (89,124),(113,138),(104,154),(80,140)
NFORMATION 0.0 bounds: (118,141),(179,176),(170,191),(109,157)
RELIANCE 0.0 bounds: (78,158),(156,196),(148,213),(70,175)
Commuicen 0.0 bounds: (80,183),(147,214),(142,225),(75,194)
TMF 0.0 bounds: (68,236),(94,246),(91,255),(65,245)
SERVICES 0.0 bounds: (107,247),(170,270),(164,285),(101,262)
Company 0.0 bounds: (197,-1),(249,52),(234,66),(183,13)
