Jio E
ET CENTRE
COMPUTER CONSUMABLES
CATIONERY
DIGITAL
folex TechNovs AVENE RA
Ph: 220 31-2 N
BANARAS SWEET
!dea 4G
 0.0 bounds: (-1,353),(543,353),(543,547),(-1,547)
Jio 0.0 bounds: (273,388),(309,404),(299,425),(264,409)
E 0.0 bounds: (307,404),(327,413),(321,426),(301,417)
ET 0.0 bounds: (5,353),(31,359),(26,381),(0,375)
CENTRE 0.0 bounds: (50,363),(141,383),(136,406),(45,385)
COMPUTER 0.0 bounds: (6,375),(56,386),(54,397),(4,386)
CONSUMABLES 0.0 bounds: (66,390),(135,405),(134,412),(65,397)
CATIONERY 0.0 bounds: (2,385),(56,396),(54,407),(0,397)
DIGITAL 0.0 bounds: (306,404),(333,402),(334,413),(307,415)
folex 0.0 bounds: (13,414),(70,421),(68,438),(11,431)
TechNovs 0.0 bounds: (85,425),(134,431),(132,446),(83,440)
AVENE 0.0 bounds: (160,432),(183,435),(181,453),(158,450)
RA 0.0 bounds: (185,435),(197,436),(195,453),(183,452)
Ph: 0.0 bounds: (139,442),(152,444),(150,454),(137,452)
220 0.0 bounds: (154,445),(162,446),(161,455),(153,454)
31-2 0.0 bounds: (164,446),(182,449),(180,459),(162,456)
N 0.0 bounds: (187,450),(199,452),(197,461),(186,459)
BANARAS 0.0 bounds: (477,522),(514,527),(512,544),(475,540)
SWEET 0.0 bounds: (516,527),(543,530),(541,547),(514,544)
!dea 0.0 bounds: (246,499),(297,505),(293,535),(243,530)
4G 0.0 bounds: (317,516),(337,518),(335,531),(316,529)
