రజి
రెందా
దమ్సేి
TRACK
మేనాల
0% నిిeన
నో ఇల్లదే జానో మల మారాల
 0.0 bounds: (0,195),(719,195),(719,468),(0,468)
రజి 0.0 bounds: (7,195),(50,199),(47,230),(4,226)
రెందా 0.0 bounds: (103,206),(193,218),(188,258),(98,246)
దమ్సేి 0.0 bounds: (10,255),(207,282),(197,356),(0,328)
TRACK 0.0 bounds: (693,370),(719,374),(718,378),(692,375)
మేనాల 0.0 bounds: (12,333),(127,347),(124,376),(8,362)
0% 0.0 bounds: (13,380),(66,386),(63,409),(10,403)
నిిeన 0.0 bounds: (75,387),(168,398),(165,422),(72,411)
నో 0.0 bounds: (14,444),(42,447),(41,456),(13,453)
ఇల్లదే 0.0 bounds: (49,450),(69,452),(68,459),(48,457)
జానో 0.0 bounds: (75,453),(96,455),(95,460),(74,458)
మల 0.0 bounds: (102,456),(130,459),(129,464),(101,461)
మారాల 0.0 bounds: (136,459),(166,462),(165,468),(135,465)
