Tabab korner
kabab
korme
EP-
cr Jucti
EELFFLES
నో జం
 0.0 bounds: (788,292),(1023,292),(1023,387),(788,387)
Tabab 0.0 bounds: (818,310),(843,302),(848,319),(823,326)
korner 0.0 bounds: (845,303),(874,294),(878,309),(850,318)
kabab 0.0 bounds: (896,294),(937,292),(938,305),(897,307)
korme 0.0 bounds: (895,306),(934,303),(935,314),(896,317)
EP- 0.0 bounds: (911,319),(972,309),(976,331),(915,342)
cr 0.0 bounds: (992,325),(1001,324),(1002,334),(993,335)
Jucti 0.0 bounds: (1001,324),(1022,322),(1023,329),(1002,332)
EELFFLES 0.0 bounds: (788,375),(838,366),(840,378),(790,387)
నో 0.0 bounds: (967,349),(995,345),(998,364),(970,369)
జం 0.0 bounds: (996,342),(1014,339),(1017,362),(1000,365)
