M.G.Road 1
defar nd Mayo Hall t
Ulsoor
sStta
SS
20TD
 0.0 bounds: (2,144),(693,144),(693,456),(2,456)
M.G.Road 0.0 bounds: (641,153),(681,146),(683,154),(642,161)
1 0.0 bounds: (685,145),(691,144),(692,153),(687,154)
defar 0.0 bounds: (601,169),(624,166),(626,178),(603,182)
nd 0.0 bounds: (626,165),(639,163),(641,176),(628,178)
Mayo 0.0 bounds: (643,166),(664,163),(665,172),(644,175)
Hall 0.0 bounds: (667,162),(682,160),(683,168),(668,170)
t 0.0 bounds: (686,159),(692,158),(693,166),(687,167)
Ulsoor 0.0 bounds: (643,177),(670,174),(671,183),(644,186)
sStta 0.0 bounds: (602,185),(624,182),(625,188),(603,192)
SS 0.0 bounds: (2,412),(28,412),(28,428),(2,428)
20TD 0.0 bounds: (93,441),(155,445),(154,456),(92,452)
