ERE
TEE RETAIL Ni cP
ORE
RENTI
ROCATICN IN INDIAIA ALALE
ON ENT
 0.0 bounds: (0,177),(584,177),(584,265),(0,265)
ERE 0.0 bounds: (562,178),(583,177),(584,192),(563,193)
TEE 0.0 bounds: (98,195),(164,208),(160,227),(94,214)
RETAIL 0.0 bounds: (168,211),(204,218),(201,235),(165,228)
Ni 0.0 bounds: (214,219),(229,222),(225,240),(210,237)
cP 0.0 bounds: (231,223),(255,228),(251,245),(227,241)
ORE 0.0 bounds: (4,190),(40,194),(37,217),(1,213)
RENTI 0.0 bounds: (2,222),(45,225),(43,249),(0,246)
ROCATICN 0.0 bounds: (94,226),(161,232),(159,250),(92,244)
IN 0.0 bounds: (164,233),(178,234),(176,252),(162,251)
INDIAIA 0.0 bounds: (180,234),(231,239),(229,258),(178,253)
ALALE 0.0 bounds: (234,239),(257,241),(255,260),(232,258)
ON 0.0 bounds: (219,251),(229,252),(228,264),(218,263)
ENT 0.0 bounds: (231,254),(247,256),(246,265),(230,263)
