Balaji's LA.PManor
మొట నాన్ా
Muthoot Fhance
Andha Bank
VISHAL
 0.0 bounds: (27,197),(554,197),(554,427),(27,427)
Balaji's 0.0 bounds: (38,219),(73,211),(77,228),(42,236)
LA.PManor 0.0 bounds: (77,211),(138,197),(142,211),(80,225)
మొట 0.0 bounds: (27,369),(67,361),(69,371),(29,379)
నాన్ా 0.0 bounds: (71,361),(102,355),(104,365),(73,371)
Muthoot 0.0 bounds: (28,381),(58,375),(60,385),(30,391)
Fhance 0.0 bounds: (61,373),(91,367),(94,378),(63,384)
Andha 0.0 bounds: (96,418),(118,416),(119,424),(97,427)
Bank 0.0 bounds: (120,416),(134,414),(135,422),(121,424)
VISHAL 0.0 bounds: (522,332),(545,319),(553,333),(530,346)
