THIRUMALA SILXS
DMASHRI SILKS& SAREES
AMM SIRA
TE AA
ఆ చిర్యాణో సిర్కో |sthud s Silks 9
SHRI SILKS & SAREES
VISHWAS
URAM SILK WEAVEFS SOCIETY SAREES
da THIRUMALA SILKS
Knde Ca
THI RUMALA
SILKS
మేణాలత్న
RI
REES
PMAN
SRI MAGAJI
Sin TEXTILES
TEXTILES
 0.0 bounds: (-1,158),(1001,158),(1001,663),(-1,663)
THIRUMALA 0.0 bounds: (831,158),(907,193),(901,207),(825,172)
SILXS 0.0 bounds: (910,195),(942,210),(936,221),(905,207)
DMASHRI 0.0 bounds: (6,178),(106,201),(100,230),(-1,207)
SILKS& 0.0 bounds: (108,202),(200,223),(193,251),(102,230)
SAREES 0.0 bounds: (201,223),(267,238),(261,267),(194,252)
AMM 0.0 bounds: (830,332),(851,339),(849,344),(828,337)
SIRA 0.0 bounds: (873,341),(908,352),(905,362),(870,351)
TE 0.0 bounds: (844,357),(855,360),(851,371),(841,368)
AA 0.0 bounds: (875,367),(910,378),(907,388),(872,377)
ఆ 0.0 bounds: (840,421),(847,423),(843,440),(836,439)
చిర్యాణో 0.0 bounds: (849,423),(878,430),(874,448),(845,441)
సిర్కో 0.0 bounds: (880,431),(898,435),(894,453),(876,449)
|sthud 0.0 bounds: (904,436),(936,444),(932,462),(900,454)
s 0.0 bounds: (938,445),(945,447),(941,464),(934,463)
Silks 0.0 bounds: (947,447),(969,452),(965,470),(943,465)
9 0.0 bounds: (972,453),(979,455),(975,472),(968,471)
SHRI 0.0 bounds: (7,356),(68,366),(65,389),(3,380)
SILKS 0.0 bounds: (72,366),(147,378),(143,401),(68,390)
& 0.0 bounds: (170,382),(184,384),(180,408),(166,406)
SAREES 0.0 bounds: (184,386),(273,400),(270,420),(181,406)
VISHWAS 0.0 bounds: (849,452),(930,469),(927,486),(845,469)
URAM 0.0 bounds: (6,383),(41,388),(39,397),(5,392)
SILK 0.0 bounds: (45,393),(71,397),(70,401),(44,397)
WEAVEFS 0.0 bounds: (79,394),(145,404),(144,413),(78,403)
SOCIETY 0.0 bounds: (148,404),(195,411),(194,421),(147,414)
SAREES 0.0 bounds: (200,412),(239,418),(237,428),(199,422)
da 0.0 bounds: (853,541),(884,545),(882,556),(852,552)
THIRUMALA 0.0 bounds: (918,549),(975,556),(972,573),(916,566)
SILKS 0.0 bounds: (976,557),(1001,560),(999,575),(974,572)
Knde 0.0 bounds: (797,586),(816,588),(815,595),(796,593)
Ca 0.0 bounds: (818,590),(824,591),(824,595),(818,594)
THI 0.0 bounds: (786,596),(802,598),(801,606),(785,604)
RUMALA 0.0 bounds: (804,598),(834,601),(833,608),(803,605)
SILKS 0.0 bounds: (802,611),(823,613),(822,621),(801,619)
మేణాలత్న 0.0 bounds: (586,585),(655,592),(653,606),(585,599)
RI 0.0 bounds: (2,540),(34,541),(33,562),(1,561)
REES 0.0 bounds: (1,563),(57,566),(56,588),(0,585)
PMAN 0.0 bounds: (934,650),(957,651),(956,662),(933,661)
SRI 0.0 bounds: (86,571),(130,574),(129,595),(85,592)
MAGAJI 0.0 bounds: (136,574),(215,579),(214,599),(135,594)
Sin 0.0 bounds: (97,597),(131,598),(130,614),(96,613)
TEXTILES 0.0 bounds: (133,598),(210,601),(209,618),(132,615)
TEXTILES 0.0 bounds: (218,613),(267,615),(267,623),(218,621)
