9845053378
ST RCOM
ST
NINRATHAN
NAVRATHAN
ealth&glow a
వేలో
 0.0 bounds: (416,-1),(998,-1),(998,313),(416,313)
9845053378 0.0 bounds: (471,1),(529,-1),(529,11),(471,13)
ST 0.0 bounds: (797,12),(828,10),(829,31),(798,33)
RCOM 0.0 bounds: (851,8),(915,4),(916,26),(852,30)
ST 0.0 bounds: (910,60),(979,37),(998,93),(929,116)
NINRATHAN 0.0 bounds: (564,108),(628,83),(635,101),(571,126)
NAVRATHAN 0.0 bounds: (416,223),(463,223),(463,230),(416,230)
ealth&glow 0.0 bounds: (860,285),(934,288),(933,310),(859,307)
a 0.0 bounds: (940,290),(974,292),(973,313),(939,311)
వేలో 0.0 bounds: (960,289),(990,289),(990,307),(960,307)
