9 60 0032
Ayushman
S.M. EVENTS
Nandi Toyota
 0.0 bounds: (22,68),(732,68),(732,496),(22,496)
9 0.0 bounds: (22,75),(63,74),(65,140),(24,141)
60 0.0 bounds: (65,74),(119,73),(121,139),(67,140)
0032 0.0 bounds: (121,73),(309,68),(311,134),(123,139)
Ayushman 0.0 bounds: (146,299),(268,299),(268,322),(146,322)
S.M. 0.0 bounds: (146,354),(187,354),(187,372),(146,372)
EVENTS 0.0 bounds: (196,354),(254,354),(254,372),(196,372)
Nandi 0.0 bounds: (680,490),(702,490),(702,494),(680,494)
Toyota 0.0 bounds: (706,490),(732,490),(732,496),(706,496)
