నెమె జింగెళణరు బి.జి.చ
మజిన్ికో
MAJESTIC KR CIRCLE
SAVE RESERVATION- SAVE DEMOCE
18
 0.0 bounds: (52,149),(1023,149),(1023,477),(52,477)
నెమె 0.0 bounds: (202,152),(226,152),(226,162),(202,162)
జింగెళణరు 0.0 bounds: (235,150),(289,150),(289,160),(235,160)
బి.జి.చ 0.0 bounds: (294,149),(326,149),(326,162),(294,162)
మజిన్ికో 0.0 bounds: (111,189),(233,183),(234,213),(112,219)
MAJESTIC 0.0 bounds: (106,219),(261,212),(262,231),(107,238)
KR 0.0 bounds: (293,211),(335,209),(336,228),(294,230)
CIRCLE 0.0 bounds: (357,207),(435,203),(436,223),(358,227)
SAVE 0.0 bounds: (780,308),(814,299),(819,318),(785,327)
RESERVATION- 0.0 bounds: (816,298),(900,276),(905,295),(821,317)
SAVE 0.0 bounds: (916,272),(955,262),(960,281),(921,291)
DEMOCE 0.0 bounds: (963,259),(1018,244),(1023,264),(968,278)
18 0.0 bounds: (52,465),(79,461),(80,473),(54,477)
