రాజి
Cont 9986520900
886020900
BANARA
BENGAL CO
FABRICS
SONS
SHEWOFF
JANTHT
IRATH
 0.0 bounds: (10,134),(1023,134),(1023,338),(10,338)
రాజి 0.0 bounds: (493,134),(517,136),(516,145),(492,143)
Cont 0.0 bounds: (728,176),(757,173),(759,188),(730,192)
9986520900 0.0 bounds: (791,168),(903,154),(905,171),(793,185)
886020900 0.0 bounds: (797,185),(908,172),(910,188),(799,202)
BANARA 0.0 bounds: (977,162),(1023,167),(1022,175),(976,170)
BENGAL 0.0 bounds: (965,175),(1006,179),(1005,187),(964,183)
CO 0.0 bounds: (1010,180),(1023,181),(1022,188),(1009,187)
FABRICS 0.0 bounds: (11,219),(54,223),(53,235),(10,231)
SONS 0.0 bounds: (496,287),(508,288),(508,297),(496,296)
SHEWOFF 0.0 bounds: (374,305),(432,310),(431,320),(373,315)
JANTHT 0.0 bounds: (768,316),(867,306),(870,328),(770,338)
IRATH 0.0 bounds: (515,146),(511,261),(489,260),(493,145)
