భుమేక
MAMATHA E
DISCOUNT O
10%
BUY BACK
VASA
Paytm
MCALENDARS
 0.0 bounds: (764,41),(1024,41),(1024,294),(764,294)
భుమేక 0.0 bounds: (893,60),(977,42),(981,61),(897,80)
MAMATHA 0.0 bounds: (841,91),(996,61),(1003,96),(848,125)
E 0.0 bounds: (1008,66),(1019,64),(1023,86),(1012,88)
DISCOUNT 0.0 bounds: (823,134),(992,104),(998,137),(829,167)
O 0.0 bounds: (997,107),(1018,103),(1023,133),(1002,137)
10% 0.0 bounds: (916,150),(990,139),(994,167),(920,178)
BUY 0.0 bounds: (875,188),(932,179),(935,200),(878,209)
BACK 0.0 bounds: (944,174),(1019,163),(1023,191),(948,203)
VASA 0.0 bounds: (791,76),(813,73),(814,80),(792,83)
Paytm 0.0 bounds: (872,165),(900,161),(901,167),(873,171)
MCALENDARS 0.0 bounds: (764,288),(799,285),(799,291),(765,294)
