Sutath de Uisoor Lake
oona Indira Nagar T
DA FTRAC
ngeetha
Ladel
 0.0 bounds: (29,136),(252,136),(252,370),(29,370)
Sutath 0.0 bounds: (161,136),(188,139),(186,155),(159,152)
de 0.0 bounds: (192,141),(203,142),(201,157),(190,156)
Uisoor 0.0 bounds: (205,142),(227,145),(225,162),(203,159)
Lake 0.0 bounds: (228,145),(242,147),(240,163),(226,161)
oona 0.0 bounds: (161,161),(193,166),(191,177),(159,172)
Indira 0.0 bounds: (201,168),(223,172),(221,185),(199,181)
Nagar 0.0 bounds: (225,170),(241,173),(238,186),(223,184)
T 0.0 bounds: (245,175),(252,176),(250,186),(243,185)
DA 0.0 bounds: (183,186),(206,189),(205,197),(182,194)
FTRAC 0.0 bounds: (208,190),(229,192),(228,198),(207,196)
ngeetha 0.0 bounds: (29,235),(74,236),(74,252),(29,251)
Ladel 0.0 bounds: (147,361),(172,361),(172,370),(147,370)
