99000 31000
LLL.
sotoxy 5teage
HIT THE SCREENS al
IN TULY
SAMSUNG
ater Resatent
Fe-500
500D.
wight Comero
A-
SA
TH
 0.0 bounds: (-1,81),(1023,81),(1023,317),(-1,317)
99000 0.0 bounds: (743,99),(837,92),(838,106),(744,113)
31000 0.0 bounds: (848,89),(943,81),(944,97),(849,105)
LLL. 0.0 bounds: (34,204),(0,197),(2,184),(37,191)
sotoxy 0.0 bounds: (447,181),(466,182),(466,185),(447,184)
5teage 0.0 bounds: (469,180),(489,181),(489,186),(469,185)
HIT 0.0 bounds: (889,159),(909,154),(913,169),(893,174)
THE 0.0 bounds: (913,156),(930,152),(933,161),(915,166)
SCREENS 0.0 bounds: (934,149),(978,138),(981,149),(937,161)
al 0.0 bounds: (987,134),(1019,126),(1023,141),(991,149)
IN 0.0 bounds: (918,170),(929,167),(932,178),(921,181)
TULY 0.0 bounds: (936,165),(966,156),(969,168),(939,176)
SAMSUNG 0.0 bounds: (532,180),(562,180),(562,184),(532,184)
ater 0.0 bounds: (454,208),(475,209),(475,214),(454,213)
Resatent 0.0 bounds: (478,208),(507,209),(507,216),(478,215)
Fe-500 0.0 bounds: (693,192),(736,189),(736,198),(694,201)
500D. 0.0 bounds: (713,201),(741,200),(741,210),(714,211)
wight 0.0 bounds: (455,246),(472,246),(472,253),(455,253)
Comero 0.0 bounds: (474,245),(494,244),(494,251),(474,252)
A- 0.0 bounds: (682,245),(763,242),(764,277),(684,281)
SA 0.0 bounds: (634,305),(660,303),(661,314),(635,317)
TH 0.0 bounds: (735,296),(759,295),(759,310),(735,311)
