సంగో ్లనో గారణు న్
Cel n
essing Clean
SRI VINATAKA BOT CHIS HOT
CHIPS
CareCo
iBaeken
 0.0 bounds: (-11,145),(368,145),(368,298),(-11,298)
సంగో 0.0 bounds: (1,145),(50,165),(38,193),(-11,173)
్లనో 0.0 bounds: (56,168),(97,185),(85,213),(44,196)
గారణు 0.0 bounds: (118,193),(183,220),(171,249),(106,222)
న్ 0.0 bounds: (186,221),(207,230),(195,258),(174,250)
Cel 0.0 bounds: (81,170),(89,173),(86,181),(78,177)
n 0.0 bounds: (107,181),(114,184),(112,190),(104,187)
essing 0.0 bounds: (6,189),(46,200),(40,222),(0,211)
Clean 0.0 bounds: (53,204),(93,215),(88,234),(48,223)
SRI 0.0 bounds: (112,229),(129,235),(123,254),(106,248)
VINATAKA 0.0 bounds: (131,236),(164,247),(158,265),(125,254)
BOT 0.0 bounds: (166,247),(179,251),(173,270),(160,266)
CHIS 0.0 bounds: (181,252),(196,257),(190,275),(175,270)
HOT 0.0 bounds: (198,258),(227,267),(221,285),(192,276)
CHIPS 0.0 bounds: (195,277),(227,282),(225,294),(193,290)
CareCo 0.0 bounds: (56,236),(93,245),(91,251),(54,243)
iBaeken 0.0 bounds: (338,297),(345,202),(368,204),(361,299)
