SHAALS
పాలుర ఉగి2యక్న కాా
Ellore Jewels Palace
JEWELLERS
SRINIDHI
JEWELLERS
SRIN
A PE
Silver Articles
SRINIDHI
JEWELLERS
b-Easy
7676860000
Konica
 0.0 bounds: (379,6),(1023,6),(1023,543),(379,543)
SHAALS 0.0 bounds: (903,189),(937,182),(940,194),(905,201)
పాలుర 0.0 bounds: (452,6),(501,22),(495,42),(446,26)
ఉగి2యక్న 0.0 bounds: (521,28),(582,48),(575,69),(514,49)
కాా 0.0 bounds: (595,52),(617,59),(610,79),(589,72)
Ellore 0.0 bounds: (391,34),(496,62),(485,104),(380,77)
Jewels 0.0 bounds: (508,70),(588,91),(580,124),(499,103)
Palace 0.0 bounds: (595,92),(664,110),(653,149),(585,131)
JEWELLERS 0.0 bounds: (863,121),(908,98),(915,113),(870,135)
SRINIDHI 0.0 bounds: (910,280),(957,264),(963,282),(916,298)
JEWELLERS 0.0 bounds: (901,306),(972,285),(980,312),(909,334)
SRIN 0.0 bounds: (992,290),(1023,290),(1023,310),(992,310)
A 0.0 bounds: (914,333),(929,328),(931,335),(916,340)
PE 0.0 bounds: (942,325),(951,322),(953,329),(944,332)
Silver 0.0 bounds: (918,347),(942,340),(943,345),(919,352)
Articles 0.0 bounds: (946,339),(982,329),(983,335),(948,345)
SRINIDHI 0.0 bounds: (935,354),(992,340),(996,356),(939,370)
JEWELLERS 0.0 bounds: (938,372),(995,357),(998,368),(941,383)
b-Easy 0.0 bounds: (929,487),(957,483),(958,493),(931,497)
7676860000 0.0 bounds: (836,530),(902,521),(904,534),(838,543)
Konica 0.0 bounds: (844,96),(862,161),(839,167),(821,102)
