OSBI
THE
METRONND
ROPLUS
fbb
pem
A SENCO
book myshow
PEYA GHOSHAL
SAT 17 FEB
NIX MARKETCITY
WOLI TEA STALL
Revoli
tall
gowen s POLICE
ERTEA
 0.0 bounds: (125,14),(902,14),(902,564),(125,564)
OSBI 0.0 bounds: (450,14),(488,28),(482,45),(444,31)
THE 0.0 bounds: (180,24),(201,30),(200,36),(178,31)
METRONND 0.0 bounds: (190,33),(253,47),(250,58),(187,45)
ROPLUS 0.0 bounds: (209,42),(256,56),(253,65),(206,51)
fbb 0.0 bounds: (470,104),(486,109),(484,118),(467,114)
pem 0.0 bounds: (187,59),(213,67),(211,74),(185,67)
A 0.0 bounds: (451,138),(459,141),(454,153),(447,150)
SENCO 0.0 bounds: (460,140),(483,148),(478,161),(455,153)
book 0.0 bounds: (182,112),(204,119),(201,130),(179,123)
myshow 0.0 bounds: (206,120),(238,130),(234,141),(203,131)
PEYA 0.0 bounds: (237,216),(337,234),(333,261),(232,243)
GHOSHAL 0.0 bounds: (348,234),(493,260),(487,289),(343,263)
SAT 0.0 bounds: (316,267),(344,271),(342,284),(314,280)
17 0.0 bounds: (350,274),(365,276),(363,287),(348,285)
FEB 0.0 bounds: (372,277),(401,281),(399,292),(370,288)
NIX 0.0 bounds: (330,299),(354,302),(352,312),(329,309)
MARKETCITY 0.0 bounds: (362,303),(444,314),(443,325),(361,314)
WOLI 0.0 bounds: (131,322),(161,332),(156,348),(126,338)
TEA 0.0 bounds: (163,333),(179,338),(174,353),(158,348)
STALL 0.0 bounds: (181,338),(210,347),(204,363),(176,354)
Revoli 0.0 bounds: (338,397),(381,397),(381,408),(338,408)
tall 0.0 bounds: (346,416),(375,416),(375,428),(346,428)
gowen 0.0 bounds: (739,521),(803,522),(803,538),(739,537)
s 0.0 bounds: (808,525),(819,525),(819,535),(808,535)
POLICE 0.0 bounds: (826,522),(888,523),(888,537),(826,536)
ERTEA 0.0 bounds: (872,559),(902,558),(902,563),(872,564)
