EL
PATM MAMSAO
HM
सिंडिकेटबैंक
SyndicateBank
Inpro Pt. Lte
నిండిశోతో బ్యూంతో
e R A Got of india Lindertakng
CHICAPEL RENGAURU- S600S
gromdro r
ANBOKA FANGY GLOTH STORES
NO MAION CHCPET.BANGALORE S0 O53.
SILKS & S
CATANANA
 0.0 bounds: (3,-7),(1016,-7),(1016,560),(3,560)
EL 0.0 bounds: (4,230),(27,232),(26,245),(3,243)
PATM 0.0 bounds: (690,132),(775,80),(804,127),(719,179)
MAMSAO 0.0 bounds: (777,78),(916,-7),(945,40),(806,125)
HM 0.0 bounds: (519,247),(628,181),(652,222),(543,287)
सिंडिकेटबैंक 0.0 bounds: (840,318),(964,280),(971,302),(847,340)
SyndicateBank 0.0 bounds: (843,341),(1009,293),(1016,316),(850,364)
Inpro 0.0 bounds: (428,393),(450,395),(449,404),(427,402)
Pt. 0.0 bounds: (453,396),(463,397),(462,404),(452,403)
Lte 0.0 bounds: (465,396),(476,397),(475,407),(464,406)
నిండిశోతో 0.0 bounds: (663,379),(722,363),(728,386),(669,401)
బ్యూంతో 0.0 bounds: (724,363),(765,352),(770,374),(730,385)
e 0.0 bounds: (839,369),(859,364),(861,371),(841,376)
R 0.0 bounds: (895,357),(913,352),(915,357),(896,362)
A 0.0 bounds: (922,349),(925,348),(927,355),(924,356)
Got 0.0 bounds: (925,350),(940,346),(941,351),(926,355)
of 0.0 bounds: (944,343),(950,342),(951,348),(946,350)
india 0.0 bounds: (952,341),(965,338),(966,345),(954,348)
Lindertakng 0.0 bounds: (969,337),(1009,327),(1010,334),(971,344)
CHICAPEL 0.0 bounds: (672,413),(699,406),(701,412),(673,419)
RENGAURU- 0.0 bounds: (703,405),(744,395),(745,400),(704,411)
S600S 0.0 bounds: (748,393),(770,387),(772,395),(750,401)
gromdro 0.0 bounds: (485,500),(534,495),(536,516),(487,522)
r 0.0 bounds: (634,484),(676,479),(678,500),(636,505)
ANBOKA 0.0 bounds: (492,525),(527,520),(529,534),(494,539)
FANGY 0.0 bounds: (531,519),(559,515),(561,530),(533,534)
GLOTH 0.0 bounds: (561,512),(592,508),(594,524),(563,529)
STORES 0.0 bounds: (595,508),(635,502),(637,520),(598,526)
NO 0.0 bounds: (493,554),(503,553),(503,556),(493,557)
MAION 0.0 bounds: (507,549),(527,547),(528,558),(508,560)
CHCPET.BANGALORE 0.0 bounds: (529,547),(593,541),(594,552),(530,558)
S0 0.0 bounds: (598,541),(610,540),(611,551),(599,552)
O53. 0.0 bounds: (611,540),(621,539),(622,549),(612,550)
SILKS 0.0 bounds: (733,514),(798,511),(800,547),(735,550)
& 0.0 bounds: (801,511),(823,510),(825,546),(803,547)
S 0.0 bounds: (825,510),(835,510),(837,546),(827,546)
CATANANA 0.0 bounds: (477,257),(471,393),(438,391),(444,255)
