EMBASSY
EMBASSY HEIG
THOMPS
Hilachi daer
DIAGEO
Ace nda
 0.0 bounds: (455,198),(567,198),(567,296),(455,296)
EMBASSY 0.0 bounds: (504,198),(536,198),(536,206),(504,206)
EMBASSY 0.0 bounds: (459,223),(521,223),(521,235),(459,235)
HEIG 0.0 bounds: (525,223),(567,223),(567,235),(525,235)
THOMPS 0.0 bounds: (510,258),(533,258),(533,264),(510,264)
Hilachi 0.0 bounds: (455,272),(492,271),(492,281),(455,282)
daer 0.0 bounds: (501,270),(542,268),(542,277),(501,279)
DIAGEO 0.0 bounds: (498,285),(543,285),(543,296),(498,296)
Ace 0.0 bounds: (500,281),(509,281),(509,284),(500,284)
nda 0.0 bounds: (511,281),(522,281),(522,284),(511,284)
