AYA BANK
nospital
111
Ca ke
Limited
DSS
553 TMT
 0.0 bounds: (0,142),(978,142),(978,300),(0,300)
AYA 0.0 bounds: (1,187),(18,188),(17,201),(0,200)
BANK 0.0 bounds: (22,189),(46,191),(45,204),(21,202)
nospital 0.0 bounds: (865,143),(893,142),(893,149),(865,150)
111 0.0 bounds: (932,153),(974,144),(978,162),(936,171)
Ca 0.0 bounds: (162,217),(179,215),(180,228),(164,230)
ke 0.0 bounds: (181,214),(193,213),(194,225),(183,227)
Limited 0.0 bounds: (3,269),(30,269),(30,281),(3,281)
DSS 0.0 bounds: (691,243),(728,238),(730,254),(693,259)
553 0.0 bounds: (597,290),(617,289),(617,299),(597,300)
TMT 0.0 bounds: (619,288),(631,287),(632,298),(620,299)
