eria
KESARİ
KESARİ
World Class Travel Company
EUROPE
 0.0 bounds: (0,161),(729,161),(729,363),(0,363)
eria 0.0 bounds: (6,162),(49,170),(43,201),(0,192)
KESARİ 0.0 bounds: (164,199),(306,162),(325,233),(182,270)
KESARİ 0.0 bounds: (597,231),(646,233),(645,266),(596,264)
World 0.0 bounds: (178,280),(201,277),(202,288),(180,291)
Class 0.0 bounds: (205,276),(229,273),(230,285),(207,288)
Travel 0.0 bounds: (234,271),(260,267),(261,278),(236,282)
Company 0.0 bounds: (264,267),(312,260),(313,274),(266,281)
EUROPE 0.0 bounds: (679,347),(728,344),(729,360),(680,363)
