SHGROUNDS POLICE STATION
n ngNGALOR C
RA
120
 0.0 bounds: (-1,203),(573,203),(573,360),(-1,360)
SHGROUNDS 0.0 bounds: (1,203),(37,208),(35,219),(-1,214)
POLICE 0.0 bounds: (40,208),(60,211),(58,222),(38,219)
STATION 0.0 bounds: (62,211),(82,214),(80,225),(60,222)
n 0.0 bounds: (6,216),(12,217),(11,224),(5,223)
ngNGALOR 0.0 bounds: (26,218),(67,223),(66,231),(25,226)
C 0.0 bounds: (70,224),(75,225),(74,232),(69,231)
RA 0.0 bounds: (2,257),(22,258),(21,271),(1,270)
120 0.0 bounds: (556,354),(573,354),(573,360),(556,360)
