UNICITY
Make Life Better
B-TRAC
TO-LET
CONTACT
740980472
86094190
 0.0 bounds: (118,264),(998,264),(998,429),(118,429)
UNICITY 0.0 bounds: (118,264),(321,265),(321,301),(118,300)
Make 0.0 bounds: (132,304),(185,305),(185,323),(132,322)
Life 0.0 bounds: (197,305),(230,305),(230,323),(197,323)
Better 0.0 bounds: (240,305),(298,306),(298,324),(240,323)
B-TRAC 0.0 bounds: (598,385),(664,374),(667,393),(601,404)
TO-LET 0.0 bounds: (894,380),(996,370),(997,389),(896,399)
CONTACT 0.0 bounds: (931,394),(965,391),(966,398),(932,401)
740980472 0.0 bounds: (911,403),(995,394),(997,407),(913,417)
86094190 0.0 bounds: (916,416),(995,409),(996,422),(917,429)
