KFAMER
BATRA GRO
YES BANK
YES BANK
The Popsce St
 0.0 bounds: (604,-3),(1026,-3),(1026,188),(604,188)
KFAMER 0.0 bounds: (604,117),(654,71),(668,87),(618,132)
BATRA 0.0 bounds: (734,64),(787,27),(799,46),(747,82)
GRO 0.0 bounds: (793,24),(832,-3),(844,15),(806,42)
YES 0.0 bounds: (714,128),(725,120),(733,133),(723,140)
BANK 0.0 bounds: (729,116),(747,103),(756,115),(738,128)
YES 0.0 bounds: (832,55),(854,41),(863,55),(841,69)
BANK 0.0 bounds: (863,35),(893,16),(903,31),(873,50)
The 0.0 bounds: (924,170),(947,164),(952,183),(928,188)
Popsce 0.0 bounds: (952,163),(1003,151),(1007,170),(957,182)
St 0.0 bounds: (1007,150),(1022,146),(1026,165),(1011,168)
