Syani Internationa
ST PA ST T
dode demeab
ST.PATRICK'S CHURCH
fe cou
 0.0 bounds: (643,77),(894,77),(894,348),(643,348)
Syani 0.0 bounds: (768,80),(796,80),(796,86),(768,86)
Internationa 0.0 bounds: (800,77),(860,78),(860,90),(800,89)
ST 0.0 bounds: (764,129),(776,129),(776,139),(764,139)
PA 0.0 bounds: (776,130),(785,130),(785,139),(776,139)
ST 0.0 bounds: (807,129),(829,129),(829,139),(807,139)
T 0.0 bounds: (846,129),(851,129),(851,139),(846,139)
dode 0.0 bounds: (783,151),(841,152),(841,164),(783,163)
demeab 0.0 bounds: (849,151),(894,152),(894,165),(849,164)
ST.PATRICK'S 0.0 bounds: (758,168),(839,170),(839,182),(758,180)
CHURCH 0.0 bounds: (849,169),(894,170),(894,183),(849,182)
fe 0.0 bounds: (643,322),(670,315),(677,341),(650,348)
cou 0.0 bounds: (671,314),(688,310),(695,337),(678,341)
