A ong
De adeog dneo ao
SINGE
SPARSH
YET AGAIN
OUOR YO P
 0.0 bounds: (13,165),(363,165),(363,415),(13,415)
A 0.0 bounds: (107,165),(114,166),(113,173),(106,172)
ong 0.0 bounds: (149,170),(166,172),(165,179),(148,177)
De 0.0 bounds: (58,241),(76,243),(75,254),(57,252)
adeog 0.0 bounds: (78,246),(111,250),(110,259),(77,255)
dneo 0.0 bounds: (117,251),(145,254),(144,261),(116,258)
ao 0.0 bounds: (152,258),(169,260),(168,264),(152,262)
SINGE 0.0 bounds: (325,301),(362,315),(358,326),(321,312)
SPARSH 0.0 bounds: (159,313),(201,314),(201,322),(159,321)
YET 0.0 bounds: (27,329),(46,331),(45,340),(26,338)
AGAIN 0.0 bounds: (54,331),(87,334),(86,344),(53,341)
OUOR 0.0 bounds: (14,399),(47,402),(46,412),(13,409)
YO 0.0 bounds: (50,402),(58,403),(57,413),(49,412)
P 0.0 bounds: (78,405),(93,406),(92,415),(77,414)
