XER
ST ANARDED BiKE 2015
delatsos
వేక్ిల
Home Stop
SKI P
LO
Relience Wi-Pod
25 G
INNOVA
 0.0 bounds: (114,122),(743,122),(743,665),(114,665)
XER 0.0 bounds: (159,122),(220,139),(216,154),(155,136)
ST 0.0 bounds: (116,131),(130,135),(129,140),(115,136)
ANARDED 0.0 bounds: (135,134),(168,143),(166,149),(133,140)
BiKE 0.0 bounds: (172,142),(186,146),(185,153),(170,149)
2015 0.0 bounds: (196,149),(211,153),(209,163),(193,159)
delatsos 0.0 bounds: (126,375),(161,376),(161,386),(126,385)
వేక్ిల 0.0 bounds: (123,385),(163,386),(163,395),(123,394)
Home 0.0 bounds: (619,394),(639,390),(641,400),(621,404)
Stop 0.0 bounds: (640,386),(657,383),(659,395),(643,399)
SKI 0.0 bounds: (179,384),(202,384),(202,392),(179,392)
P 0.0 bounds: (205,384),(211,384),(211,392),(205,392)
LO 0.0 bounds: (193,419),(209,419),(209,428),(193,428)
Relience 0.0 bounds: (326,434),(364,431),(365,441),(327,444)
Wi-Pod 0.0 bounds: (367,431),(400,429),(401,439),(368,441)
25 0.0 bounds: (709,649),(723,648),(723,654),(709,655)
G 0.0 bounds: (727,647),(743,646),(743,654),(727,655)
INNOVA 0.0 bounds: (512,655),(543,654),(543,664),(512,665)
