Balaji's TA.PManor
మొట ఫనానా
Muthoot Fhance
Anda Bank
VISHAL
 0.0 bounds: (27,198),(554,198),(554,430),(27,430)
Balaji's 0.0 bounds: (38,220),(74,212),(77,227),(41,235)
TA.PManor 0.0 bounds: (77,211),(135,198),(138,214),(80,227)
మొట 0.0 bounds: (27,369),(67,362),(69,372),(29,380)
ఫనానా 0.0 bounds: (71,362),(101,356),(103,366),(73,372)
Muthoot 0.0 bounds: (28,381),(59,374),(61,383),(30,390)
Fhance 0.0 bounds: (62,374),(91,368),(93,378),(64,384)
Anda 0.0 bounds: (92,423),(117,418),(118,425),(93,430)
Bank 0.0 bounds: (120,418),(133,416),(134,422),(121,425)
VISHAL 0.0 bounds: (522,332),(545,319),(553,332),(530,346)
