1GB 3G + 150 TT
e253
Want more?
Dial 123#
 0.0 bounds: (152,159),(391,159),(391,196),(152,196)
1GB 0.0 bounds: (154,159),(176,161),(175,169),(153,167)
3G 0.0 bounds: (180,160),(195,161),(194,169),(179,168)
+ 0.0 bounds: (199,164),(204,164),(204,169),(199,169)
150 0.0 bounds: (209,162),(233,164),(232,173),(208,171)
TT 0.0 bounds: (237,165),(252,166),(251,174),(236,173)
e253 0.0 bounds: (153,170),(190,173),(189,182),(152,179)
Want 0.0 bounds: (316,170),(349,172),(348,182),(316,180)
more? 0.0 bounds: (353,173),(391,175),(391,184),(353,182)
Dial 0.0 bounds: (316,182),(342,184),(341,194),(315,192)
123# 0.0 bounds: (347,184),(382,186),(381,196),(346,194)
