RAINB
LLEPERLEL
a Sear
PAGE
2 & RESTAURANT
BGE
MUSIC BAR
ceLE SA&
Rhythm Musicals
 0.0 bounds: (0,131),(984,131),(984,311),(0,311)
RAINB 0.0 bounds: (948,131),(984,140),(981,151),(945,142)
LLEPERLEL 0.0 bounds: (372,194),(510,223),(504,252),(366,223)
a 0.0 bounds: (165,171),(173,172),(171,184),(163,183)
Sear 0.0 bounds: (175,172),(198,176),(196,189),(173,185)
PAGE 0.0 bounds: (22,145),(136,167),(131,194),(17,171)
2 0.0 bounds: (2,181),(17,184),(15,192),(0,190)
& 0.0 bounds: (22,182),(30,183),(28,196),(20,195)
RESTAURANT 0.0 bounds: (32,183),(129,200),(126,214),(30,197)
BGE 0.0 bounds: (218,222),(253,226),(251,241),(216,237)
MUSIC 0.0 bounds: (129,219),(164,225),(162,236),(127,230)
BAR 0.0 bounds: (168,225),(190,229),(188,238),(167,234)
ceLE 0.0 bounds: (256,241),(276,245),(274,253),(255,249)
SA& 0.0 bounds: (278,245),(299,249),(297,257),(277,253)
Rhythm 0.0 bounds: (499,287),(541,294),(540,304),(497,297)
Musicals 0.0 bounds: (548,295),(585,301),(584,311),(546,305)
