DNLINE amazon.in
E AFP
veuii
BAJAJ
B FINSERV
EM!
ICICI Bank
EMI
NO DOWN PAYMENT 0%
INTERE
e Service Free
828
com
 0.0 bounds: (0,331),(159,331),(159,576),(0,576)
DNLINE 0.0 bounds: (1,334),(72,332),(72,347),(1,349)
amazon.in 0.0 bounds: (88,333),(159,331),(159,342),(88,344)
E 0.0 bounds: (17,358),(31,357),(32,375),(18,376)
AFP 0.0 bounds: (33,357),(66,356),(67,375),(34,376)
veuii 0.0 bounds: (65,373),(99,371),(99,379),(65,381)
BAJAJ 0.0 bounds: (60,402),(110,402),(110,410),(60,410)
B 0.0 bounds: (55,409),(63,409),(63,419),(55,419)
FINSERV 0.0 bounds: (60,409),(110,411),(110,421),(60,419)
EM! 0.0 bounds: (124,401),(154,401),(154,418),(124,418)
ICICI 0.0 bounds: (63,438),(112,438),(112,456),(63,456)
Bank 0.0 bounds: (108,443),(146,443),(146,455),(108,455)
EMI 0.0 bounds: (76,462),(112,462),(112,472),(76,472)
NO 0.0 bounds: (24,486),(38,485),(39,500),(25,501)
DOWN 0.0 bounds: (41,488),(63,487),(63,495),(41,496)
PAYMENT 0.0 bounds: (67,485),(121,482),(122,494),(68,497)
0% 0.0 bounds: (130,481),(149,480),(150,495),(131,496)
INTERE 0.0 bounds: (121,493),(151,493),(151,500),(121,500)
e 0.0 bounds: (1,522),(11,522),(11,532),(1,532)
Service 0.0 bounds: (25,514),(103,513),(103,533),(25,534)
Free 0.0 bounds: (105,514),(158,513),(158,532),(105,533)
828 0.0 bounds: (0,541),(71,541),(71,560),(0,560)
com 0.0 bounds: (9,562),(41,561),(41,575),(9,576)
