మ్యూఆంబూరో బిరియాని
New Ambur Biriyani
TOR
WEL COME
AMBUR BIRIYANI
JUPERECO
YCTRIC VEHICLES
ది రాం కంచే
DENCE = THE CAR SHOPP
CE
1st
2ndo
Globe
sqft
Osqft
94
SREE BALAJI
Vega
ENTERPRISES
VegA
Vega
ICE
DOR
AOR
80
KA03MM41
KA03NE14
KA4186
la , K O t s
GRa
3200
BER
 0.0 bounds: (0,19),(1024,19),(1024,525),(0,525)
మ్యూఆంబూరో 0.0 bounds: (420,19),(609,130),(596,151),(408,40)
బిరియాని 0.0 bounds: (613,138),(708,194),(698,211),(603,155)
New 0.0 bounds: (399,33),(501,91),(485,119),(383,61)
Ambur 0.0 bounds: (516,99),(612,153),(596,180),(501,126)
Biriyani 0.0 bounds: (614,155),(721,216),(706,242),(599,181)
TOR 0.0 bounds: (86,69),(103,72),(102,78),(85,75)
WEL 0.0 bounds: (122,75),(137,81),(134,88),(119,82)
COME 0.0 bounds: (140,82),(159,90),(156,97),(137,89)
AMBUR 0.0 bounds: (88,74),(132,91),(126,106),(82,89)
BIRIYANI 0.0 bounds: (135,95),(180,113),(175,124),(131,106)
JUPERECO 0.0 bounds: (55,136),(115,157),(111,170),(51,148)
YCTRIC 0.0 bounds: (51,147),(82,158),(79,165),(48,155)
VEHICLES 0.0 bounds: (86,160),(122,173),(120,178),(84,166)
ది 0.0 bounds: (428,248),(442,253),(438,263),(424,258)
రాం 0.0 bounds: (450,256),(474,265),(470,277),(446,268)
కంచే 0.0 bounds: (492,271),(524,283),(520,294),(488,282)
DENCE 0.0 bounds: (343,242),(375,252),(375,254),(342,244)
= 0.0 bounds: (382,249),(392,252),(386,268),(377,265)
THE 0.0 bounds: (392,252),(436,266),(431,280),(387,266)
CAR 0.0 bounds: (437,267),(483,282),(478,298),(432,283)
SHOPP 0.0 bounds: (493,285),(545,302),(540,318),(488,301)
CE 0.0 bounds: (133,187),(158,193),(155,205),(130,199)
1st 0.0 bounds: (4,165),(25,170),(22,186),(0,181)
2ndo 0.0 bounds: (5,182),(40,192),(35,208),(0,198)
Globe 0.0 bounds: (798,366),(837,369),(836,381),(797,379)
sqft 0.0 bounds: (123,204),(157,213),(153,228),(119,218)
Osqft 0.0 bounds: (122,219),(157,228),(153,241),(119,232)
94 0.0 bounds: (120,235),(154,244),(149,261),(116,252)
SREE 0.0 bounds: (582,327),(621,339),(616,356),(577,343)
BALAJI 0.0 bounds: (625,340),(674,355),(668,373),(620,357)
Vega 0.0 bounds: (810,389),(832,393),(831,400),(809,396)
ENTERPRISES 0.0 bounds: (618,359),(670,373),(668,381),(616,367)
VegA 0.0 bounds: (593,360),(670,382),(660,416),(583,395)
Vega 0.0 bounds: (679,384),(743,399),(737,428),(672,413)
ICE 0.0 bounds: (882,441),(896,440),(896,449),(882,450)
DOR 0.0 bounds: (872,451),(893,449),(894,458),(873,460)
AOR 0.0 bounds: (768,417),(797,424),(795,434),(766,428)
80 0.0 bounds: (118,261),(149,268),(144,289),(113,281)
KA03MM41 0.0 bounds: (980,488),(1024,491),(1023,500),(979,497)
KA03NE14 0.0 bounds: (980,499),(1023,503),(1022,512),(979,508)
KA4186 0.0 bounds: (980,514),(1016,516),(1016,525),(980,523)
la 0.0 bounds: (405,346),(415,348),(414,352),(404,350)
, 0.0 bounds: (419,349),(430,352),(429,356),(418,353)
K 0.0 bounds: (443,355),(445,355),(444,360),(442,360)
O 0.0 bounds: (472,364),(480,366),(479,369),(471,367)
t 0.0 bounds: (502,370),(503,370),(502,375),(501,375)
s 0.0 bounds: (514,373),(521,375),(520,380),(513,378)
GRa 0.0 bounds: (375,369),(391,371),(390,377),(374,375)
3200 0.0 bounds: (373,382),(389,384),(388,390),(372,388)
BER 0.0 bounds: (373,390),(389,392),(388,397),(372,395)
