MAYURA BAL I
BHAVA
KS.TD.C
24 05 2014
 0.0 bounds: (803,307),(1016,307),(1016,524),(803,524)
MAYURA 0.0 bounds: (933,309),(966,308),(966,315),(933,316)
BAL 0.0 bounds: (970,309),(983,309),(983,315),(970,315)
I 0.0 bounds: (987,309),(988,309),(988,315),(987,315)
BHAVA 0.0 bounds: (983,309),(1015,307),(1016,317),(984,319)
KS.TD.C 0.0 bounds: (958,319),(999,319),(999,326),(958,326)
24 0.0 bounds: (803,494),(832,494),(832,518),(803,518)
05 0.0 bounds: (849,494),(878,494),(878,518),(849,518)
2014 0.0 bounds: (895,494),(964,494),(964,524),(895,524)
