वेध्वरगा श्रीळयमिक सकंचंय्ी
MUSEUM
TECANOLOGICAL
NOSAUR ALOVE
FUN SCIENCE
ELECTROTECHNIC
SPACE
IOTECHNOLOGICAL
REVOLUTION
EL HALL OF
EICHER
 0.0 bounds: (1,100),(631,100),(631,461),(1,461)
वेध्वरगा 0.0 bounds: (26,100),(158,176),(133,219),(1,143)
श्रीळयमिक 0.0 bounds: (159,177),(244,226),(219,269),(134,220)
सकंचंय्ी 0.0 bounds: (246,227),(331,276),(306,319),(221,270)
MUSEUM 0.0 bounds: (249,363),(284,359),(285,366),(250,370)
TECANOLOGICAL 0.0 bounds: (117,371),(190,378),(188,392),(116,385)
NOSAUR 0.0 bounds: (247,398),(271,395),(271,400),(248,403)
ALOVE 0.0 bounds: (273,396),(290,394),(290,398),(273,400)
FUN 0.0 bounds: (238,407),(253,407),(253,413),(238,413)
SCIENCE 0.0 bounds: (256,407),(280,407),(280,414),(256,414)
ELECTROTECHNIC 0.0 bounds: (238,417),(294,409),(295,416),(239,424)
SPACE 0.0 bounds: (242,425),(262,424),(262,432),(242,433)
IOTECHNOLOGICAL 0.0 bounds: (246,435),(304,430),(304,437),(247,442)
REVOLUTION 0.0 bounds: (235,442),(283,440),(283,446),(235,448)
EL 0.0 bounds: (248,453),(256,452),(257,459),(249,460)
HALL 0.0 bounds: (258,451),(272,449),(273,457),(259,459)
OF 0.0 bounds: (275,453),(283,452),(283,455),(275,456)
EICHER 0.0 bounds: (592,451),(630,446),(631,456),(593,461)
