e 500D
Earthquake Resistant
JINDA
PANTHER
TMT REBARS
A PRODUCT OF JINDAL STEEL A POHER LIMITED Ph : 080 34700
 0.0 bounds: (409,469),(648,469),(648,582),(409,582)
e 0.0 bounds: (565,472),(574,471),(575,484),(566,485)
500D 0.0 bounds: (576,471),(597,469),(598,483),(577,485)
Earthquake 0.0 bounds: (559,484),(594,483),(594,491),(559,492)
Resistant 0.0 bounds: (597,484),(628,483),(628,492),(597,493)
JINDA 0.0 bounds: (416,520),(449,517),(450,525),(417,528)
PANTHER 0.0 bounds: (413,528),(498,528),(498,552),(413,552)
TMT 0.0 bounds: (416,553),(432,553),(432,560),(416,560)
REBARS 0.0 bounds: (435,552),(467,552),(467,561),(435,561)
A 0.0 bounds: (409,571),(414,571),(414,582),(409,582)
PRODUCT 0.0 bounds: (416,570),(436,570),(436,582),(416,582)
OF 0.0 bounds: (438,570),(444,570),(444,581),(438,581)
JINDAL 0.0 bounds: (446,570),(460,570),(460,581),(446,581)
STEEL 0.0 bounds: (462,570),(478,570),(478,581),(462,581)
A 0.0 bounds: (480,570),(486,570),(486,581),(480,581)
POHER 0.0 bounds: (488,569),(500,569),(500,580),(488,580)
LIMITED 0.0 bounds: (502,569),(522,569),(522,580),(502,580)
Ph 0.0 bounds: (537,570),(550,570),(550,578),(537,578)
: 0.0 bounds: (555,570),(564,570),(564,577),(555,577)
080 0.0 bounds: (570,570),(582,570),(582,577),(570,577)
34700 0.0 bounds: (602,568),(648,567),(648,576),(602,577)
