SNASWVS
Galaxy Note8
Do bigger things
niler
BHIVE
 0.0 bounds: (53,142),(358,142),(358,307),(53,307)
SNASWVS 0.0 bounds: (104,159),(54,154),(55,144),(105,148)
Galaxy 0.0 bounds: (197,161),(228,164),(227,172),(196,169)
Note8 0.0 bounds: (230,165),(255,167),(254,173),(229,171)
Do 0.0 bounds: (80,196),(104,198),(103,211),(79,209)
bigger 0.0 bounds: (112,195),(175,201),(173,222),(110,216)
things 0.0 bounds: (181,203),(237,208),(235,225),(179,220)
niler 0.0 bounds: (78,237),(175,229),(178,264),(81,273)
BHIVE 0.0 bounds: (339,302),(358,302),(358,307),(339,307)
