PURE SILKAR SILK DESIGNERS FANAREES
S.R.S SILK Traders
WHO ESALE SHOW ROOM
KANJEEYARA DHARMAVARAM
FANCY SAREES
&PA U oaTo Drg -
WERPISES
Ph 40920549
avathi
జి.ఎనో.ఇృజయ్యతిజ ననా
Jeweuers
GOLD
SILVER
DIAMONDS
 0.0 bounds: (0,41),(974,41),(974,282),(0,282)
PURE 0.0 bounds: (764,95),(780,96),(779,105),(763,104)
SILKAR 0.0 bounds: (788,97),(817,101),(816,110),(787,106)
SILK 0.0 bounds: (829,102),(840,103),(839,112),(828,111)
DESIGNERS 0.0 bounds: (847,103),(884,107),(883,117),(846,113)
FANAREES 0.0 bounds: (891,104),(939,103),(939,114),(891,115)
S.R.S 0.0 bounds: (752,41),(805,48),(802,68),(749,61)
SILK 0.0 bounds: (822,47),(863,53),(859,78),(819,73)
Traders 0.0 bounds: (870,53),(940,63),(937,88),(867,79)
WHO 0.0 bounds: (779,70),(810,74),(809,84),(778,80)
ESALE 0.0 bounds: (814,76),(849,80),(848,89),(813,85)
SHOW 0.0 bounds: (853,80),(884,84),(883,94),(852,90)
ROOM 0.0 bounds: (888,85),(918,89),(917,97),(887,93)
KANJEEYARA 0.0 bounds: (758,85),(814,91),(813,99),(757,93)
DHARMAVARAM 0.0 bounds: (816,90),(879,97),(877,107),(815,100)
FANCY 0.0 bounds: (885,109),(910,112),(909,119),(884,116)
SAREES 0.0 bounds: (912,113),(936,116),(935,121),(911,118)
&PA 0.0 bounds: (776,119),(796,121),(795,128),(775,126)
U 0.0 bounds: (830,125),(833,125),(832,131),(829,131)
oaTo 0.0 bounds: (862,127),(886,129),(885,136),(861,134)
Drg 0.0 bounds: (892,130),(898,131),(897,138),(891,137)
- 0.0 bounds: (913,133),(915,133),(914,139),(912,139)
WERPISES 0.0 bounds: (608,126),(645,104),(652,115),(615,137)
Ph 0.0 bounds: (175,144),(187,144),(187,151),(175,151)
40920549 0.0 bounds: (191,145),(237,147),(237,156),(191,154)
avathi 0.0 bounds: (0,192),(231,192),(231,269),(0,269)
జి.ఎనో.ఇృజయ్యతిజ 0.0 bounds: (779,199),(906,200),(906,220),(779,219)
ననా 0.0 bounds: (908,200),(939,200),(939,214),(908,214)
Jeweuers 0.0 bounds: (845,254),(911,254),(911,265),(845,265)
GOLD 0.0 bounds: (755,275),(775,274),(775,281),(755,282)
SILVER 0.0 bounds: (859,274),(881,273),(881,280),(859,281)
DIAMONDS 0.0 bounds: (943,272),(974,272),(974,278),(943,278)
