www.ksr:c
EArav
KEEP DISTANOE
O HAD SOL
VOL
 0.0 bounds: (735,118),(1023,118),(1023,499),(735,499)
www.ksr:c 0.0 bounds: (898,131),(1019,118),(1021,136),(900,149)
EArav 0.0 bounds: (822,168),(1019,158),(1023,233),(826,243)
KEEP 0.0 bounds: (735,429),(765,429),(765,446),(735,446)
DISTANOE 0.0 bounds: (769,429),(833,429),(833,445),(769,445)
O 0.0 bounds: (748,445),(759,445),(759,459),(748,459)
HAD 0.0 bounds: (761,445),(787,445),(787,459),(761,459)
SOL 0.0 bounds: (789,445),(834,445),(834,459),(789,459)
VOL 0.0 bounds: (789,480),(839,482),(838,499),(788,497)
