విశలమ రెటి అుర్వెన్తే వెేనాయలడ్ని వమిటి, ఉంగలంలు
EICHER
 0.0 bounds: (416,93),(913,93),(913,414),(416,414)
విశలమ 0.0 bounds: (607,93),(658,118),(649,138),(597,114)
రెటి 0.0 bounds: (668,123),(702,139),(693,159),(659,143)
అుర్వెన్తే 0.0 bounds: (705,140),(758,165),(748,186),(695,161)
వెేనాయలడ్ని 0.0 bounds: (760,167),(824,198),(814,218),(750,188)
వమిటి, 0.0 bounds: (825,197),(858,213),(848,235),(815,219)
ఉంగలంలు 0.0 bounds: (861,215),(913,240),(903,261),(851,236)
EICHER 0.0 bounds: (417,399),(475,402),(474,414),(416,411)
