NUR
NO PARKING
NEZE
TOW AWAY ZONE
HANDE ROVER
 0.0 bounds: (-1,97),(826,97),(826,432),(-1,432)
NUR 0.0 bounds: (5,97),(55,110),(50,132),(-1,119)
NO 0.0 bounds: (423,295),(432,295),(432,300),(423,300)
PARKING 0.0 bounds: (436,294),(467,295),(467,302),(436,301)
NEZE 0.0 bounds: (827,362),(809,362),(809,356),(827,356)
TOW 0.0 bounds: (416,329),(433,329),(433,339),(416,339)
AWAY 0.0 bounds: (435,329),(452,329),(452,339),(435,339)
ZONE 0.0 bounds: (454,329),(470,329),(470,339),(454,339)
HANDE 0.0 bounds: (664,419),(707,422),(707,428),(664,425)
ROVER 0.0 bounds: (728,422),(760,424),(759,432),(727,430)
