9986
mtrrpicces
రవయ బ్యూంతో
ara BankA
Duchra & Diwals
P
NAVRATHAN
B-TRAC
 0.0 bounds: (100,-2),(819,-2),(819,250),(100,250)
9986 0.0 bounds: (757,2),(818,-2),(819,19),(758,23)
mtrrpicces 0.0 bounds: (647,146),(689,143),(689,150),(647,153)
రవయ 0.0 bounds: (103,160),(128,165),(125,178),(100,174)
బ్యూంతో 0.0 bounds: (131,163),(163,169),(160,187),(128,181)
ara 0.0 bounds: (199,182),(232,185),(229,212),(197,209)
BankA 0.0 bounds: (217,184),(305,192),(302,219),(215,211)
Duchra 0.0 bounds: (630,186),(665,184),(666,195),(631,197)
& 0.0 bounds: (667,184),(672,184),(673,194),(668,194)
Diwals 0.0 bounds: (675,184),(698,182),(698,188),(675,190)
P 0.0 bounds: (573,189),(584,190),(581,220),(570,219)
NAVRATHAN 0.0 bounds: (640,236),(687,233),(687,241),(641,244)
B-TRAC 0.0 bounds: (566,241),(584,242),(583,250),(565,249)
