20%
OFF
ON LENSES
FOR EVERYONE
Lawrence & Mayo
Doyee
Jose
Barton Centre, MG Road
Kaushik
 0.0 bounds: (241,-2),(862,-2),(862,280),(241,280)
20% 0.0 bounds: (728,26),(813,-2),(826,40),(742,68)
OFF 0.0 bounds: (799,34),(821,28),(825,41),(802,47)
ON 0.0 bounds: (743,61),(768,55),(772,72),(747,78)
LENSES 0.0 bounds: (770,59),(825,46),(828,57),(773,70)
FOR 0.0 bounds: (748,78),(769,73),(772,85),(751,90)
EVERYONE 0.0 bounds: (772,76),(832,63),(833,71),(774,84)
Lawrence 0.0 bounds: (732,114),(807,104),(809,120),(734,130)
& 0.0 bounds: (809,105),(822,103),(824,119),(811,121)
Mayo 0.0 bounds: (824,102),(850,99),(852,114),(826,118)
Doyee 0.0 bounds: (241,244),(274,241),(274,247),(242,250)
Jose 0.0 bounds: (244,252),(269,249),(270,257),(245,260)
Barton 0.0 bounds: (742,147),(773,143),(774,152),(743,156)
Centre, 0.0 bounds: (778,142),(812,138),(813,146),(779,151)
MG 0.0 bounds: (815,137),(834,135),(835,144),(816,147)
Road 0.0 bounds: (839,133),(861,130),(862,141),(840,144)
Kaushik 0.0 bounds: (362,274),(393,254),(397,260),(366,280)
