Mukhtar Manzil
Mukditar Mancl
Convention Hall
14 o-
 0.0 bounds: (50,239),(318,239),(318,342),(50,342)
Mukhtar 0.0 bounds: (63,239),(144,265),(137,286),(56,260)
Manzil 0.0 bounds: (150,270),(198,285),(192,302),(145,286)
Mukditar 0.0 bounds: (257,309),(291,320),(287,334),(253,322)
Mancl 0.0 bounds: (293,321),(318,329),(314,342),(289,333)
Convention 0.0 bounds: (135,289),(180,300),(177,310),(132,300)
Hall 0.0 bounds: (182,302),(194,305),(191,315),(180,312)
14 0.0 bounds: (52,295),(68,298),(65,308),(50,305)
o- 0.0 bounds: (114,308),(130,311),(127,322),(112,319)
