SILK
SAREES
ADAN
నారడే
Siyarams
REATIONS
No. 542, 15t Floor,
B.V. Masion Avenue Road
Bangalore -S60 002
ROYALE LINEN
SIEK SAREES Ph: 080-22258584, AI234048
MIN CORMAN
Condin
మేనా న్ేఆర్ా MEN S SQUARES
ond
ATH
MANSION
na
SH-N-CARRY
GRT
 0.0 bounds: (-1,133),(788,133),(788,697),(-1,697)
SILK 0.0 bounds: (722,175),(746,168),(749,180),(725,187)
SAREES 0.0 bounds: (716,192),(750,183),(753,194),(719,203)
ADAN 0.0 bounds: (3,133),(54,143),(51,159),(0,149)
నారడే 0.0 bounds: (101,143),(234,166),(228,200),(95,177)
Siyarams 0.0 bounds: (404,186),(445,194),(443,208),(401,200)
REATIONS 0.0 bounds: (2,178),(96,194),(93,208),(0,192)
No. 0.0 bounds: (129,189),(147,192),(145,201),(127,198)
542, 0.0 bounds: (147,194),(164,197),(162,204),(146,201)
15t 0.0 bounds: (168,198),(179,200),(178,206),(167,204)
Floor, 0.0 bounds: (184,201),(205,205),(203,213),(182,209)
B.V. 0.0 bounds: (110,196),(128,199),(126,207),(109,204)
Masion 0.0 bounds: (131,202),(164,207),(162,214),(130,209)
Avenue 0.0 bounds: (167,208),(195,213),(194,219),(166,215)
Road 0.0 bounds: (200,211),(219,214),(217,223),(199,220)
Bangalore 0.0 bounds: (125,211),(169,218),(168,227),(124,220)
-S60 0.0 bounds: (173,220),(192,223),(191,229),(172,226)
002 0.0 bounds: (194,220),(211,223),(209,231),(193,229)
ROYALE 0.0 bounds: (377,223),(429,230),(428,243),(375,236)
LINEN 0.0 bounds: (439,235),(475,240),(473,251),(437,246)
SIEK 0.0 bounds: (5,205),(35,209),(34,216),(4,212)
SAREES 0.0 bounds: (40,210),(95,218),(94,227),(39,219)
Ph: 0.0 bounds: (106,217),(119,219),(118,228),(105,226)
080-22258584, 0.0 bounds: (123,220),(190,230),(189,240),(122,230)
AI234048 0.0 bounds: (192,230),(228,235),(226,246),(190,241)
MIN 0.0 bounds: (409,243),(425,245),(424,252),(408,250)
CORMAN 0.0 bounds: (427,245),(445,247),(444,254),(426,252)
Condin 0.0 bounds: (682,270),(706,273),(705,283),(681,280)
మేనా 0.0 bounds: (362,261),(386,263),(385,278),(361,276)
న్ేఆర్ా 0.0 bounds: (392,264),(417,266),(416,280),(391,278)
MEN 0.0 bounds: (424,269),(443,271),(442,281),(423,279)
S 0.0 bounds: (446,268),(449,268),(448,283),(445,283)
SQUARES 0.0 bounds: (451,268),(488,271),(487,286),(450,283)
ond 0.0 bounds: (11,242),(69,246),(65,299),(8,295)
ATH 0.0 bounds: (766,314),(788,318),(786,330),(764,326)
MANSION 0.0 bounds: (135,275),(208,283),(205,303),(133,295)
na 0.0 bounds: (377,310),(401,309),(401,316),(377,317)
SH-N-CARRY 0.0 bounds: (7,322),(94,326),(93,345),(6,341)
GRT 0.0 bounds: (3,665),(66,655),(71,686),(8,697)
