intel
Introducing the world's best processor
ina thin and ligh luprop
CORe
 0.0 bounds: (464,285),(746,285),(746,345),(464,345)
intel 0.0 bounds: (465,285),(481,287),(480,292),(464,290)
Introducing 0.0 bounds: (563,302),(610,310),(609,320),(561,312)
the 0.0 bounds: (614,313),(625,315),(624,321),(613,319)
world's 0.0 bounds: (629,316),(656,321),(655,326),(628,321)
best 0.0 bounds: (659,321),(675,324),(674,330),(658,327)
processor 0.0 bounds: (679,325),(717,332),(716,338),(678,331)
ina 0.0 bounds: (565,316),(574,318),(573,320),(564,319)
thin 0.0 bounds: (576,317),(585,319),(584,322),(575,321)
and 0.0 bounds: (588,319),(597,321),(596,324),(587,323)
ligh 0.0 bounds: (599,320),(611,322),(610,328),(598,326)
luprop 0.0 bounds: (613,322),(630,325),(629,331),(612,328)
CORe 0.0 bounds: (729,337),(746,339),(745,344),(728,342)
