upos
Agtoem
ma dare be brt
bo ns Southe
 0.0 bounds: (919,214),(1018,214),(1018,252),(919,252)
upos 0.0 bounds: (919,217),(954,216),(954,224),(919,225)
Agtoem 0.0 bounds: (971,215),(999,214),(999,221),(971,222)
ma 0.0 bounds: (919,226),(936,225),(936,236),(919,237)
dare 0.0 bounds: (940,226),(968,225),(968,233),(940,234)
be 0.0 bounds: (973,223),(989,222),(989,234),(973,235)
brt 0.0 bounds: (997,222),(1011,221),(1011,233),(997,234)
bo 0.0 bounds: (921,241),(945,240),(945,251),(922,252)
ns 0.0 bounds: (977,238),(997,237),(997,248),(978,249)
Southe 0.0 bounds: (999,237),(1017,236),(1018,248),(1000,249)
