TAILORS
66
బు్ాంజరి వించ్లో
ate
Prints
Me DS Style
POONA
Bablet NX
పండా 0
Raymond,
Ram
O M.
dngDee t
ION
Moghi Ain House
ARASSANZ
 0.0 bounds: (-1,120),(1023,120),(1023,422),(-1,422)
TAILORS 0.0 bounds: (295,122),(325,120),(325,127),(295,129)
66 0.0 bounds: (973,191),(995,186),(998,201),(976,206)
బు్ాంజరి 0.0 bounds: (83,139),(141,170),(134,184),(76,152)
వించ్లో 0.0 bounds: (146,175),(177,192),(170,204),(139,187)
ate 0.0 bounds: (970,239),(993,238),(993,249),(971,250)
Prints 0.0 bounds: (68,160),(115,183),(104,204),(57,182)
Me 0.0 bounds: (320,219),(329,219),(329,226),(320,226)
DS 0.0 bounds: (332,218),(345,218),(345,225),(332,225)
Style 0.0 bounds: (348,218),(362,218),(362,225),(348,225)
POONA 0.0 bounds: (988,297),(1022,296),(1023,318),(989,319)
Bablet 0.0 bounds: (335,251),(354,251),(354,257),(335,257)
NX 0.0 bounds: (356,250),(364,250),(364,256),(356,256)
పండా 0.0 bounds: (13,241),(69,260),(55,299),(0,280)
0 0.0 bounds: (162,293),(191,303),(178,341),(149,331)
Raymond, 0.0 bounds: (989,331),(1019,328),(1020,344),(991,347)
Ram 0.0 bounds: (1001,347),(1022,346),(1023,358),(1002,359)
O 0.0 bounds: (38,304),(49,307),(44,323),(34,320)
M. 0.0 bounds: (87,317),(102,321),(98,337),(83,333)
dngDee 0.0 bounds: (3,316),(24,321),(23,329),(1,324)
t 0.0 bounds: (27,323),(30,324),(28,330),(25,330)
ION 0.0 bounds: (160,344),(183,346),(182,360),(159,358)
Moghi 0.0 bounds: (176,393),(198,399),(195,411),(173,406)
Ain 0.0 bounds: (201,399),(215,402),(212,412),(199,409)
House 0.0 bounds: (217,403),(238,408),(235,422),(214,417)
ARASSANZ 0.0 bounds: (567,266),(567,349),(549,349),(549,266)
