stonsa aaa
శ్ాంతి కిరి
SANKEY TANK
యగప్తి జృత్తి
MEKHRI CIRCLE
 0.0 bounds: (685,210),(907,210),(907,282),(685,282)
stonsa 0.0 bounds: (773,210),(810,214),(809,221),(772,218)
aaa 0.0 bounds: (816,215),(840,217),(839,225),(815,223)
శ్ాంతి 0.0 bounds: (697,228),(740,231),(738,253),(695,250)
కిరి 0.0 bounds: (751,237),(771,239),(770,250),(750,249)
SANKEY 0.0 bounds: (687,246),(741,252),(739,265),(686,259)
TANK 0.0 bounds: (745,255),(781,259),(780,269),(744,265)
యగప్తి 0.0 bounds: (811,243),(859,249),(857,264),(809,258)
జృత్తి 0.0 bounds: (869,250),(899,254),(897,271),(867,267)
MEKHRI 0.0 bounds: (801,261),(852,266),(851,277),(800,272)
CIRCLE 0.0 bounds: (859,264),(907,269),(905,282),(858,277)
