i Chains DAN . JO
D.A.NARASIMY
BRACELETS
JEWELLERS
m
NOISNYN YHIYNYENTE
E 400 AVERUE A
 0.0 bounds: (767,116),(1024,116),(1024,330),(767,330)
i 0.0 bounds: (866,200),(878,193),(889,213),(877,220)
Chains 0.0 bounds: (884,189),(930,163),(942,185),(896,211)
DAN 0.0 bounds: (936,161),(956,150),(966,167),(946,178)
. 0.0 bounds: (960,149),(984,135),(993,151),(969,165)
JO 0.0 bounds: (987,131),(1013,116),(1023,135),(997,149)
D.A.NARASIMY 0.0 bounds: (935,192),(1012,150),(1023,170),(946,212)
BRACELETS 0.0 bounds: (880,223),(918,203),(922,210),(884,230)
JEWELLERS 0.0 bounds: (782,305),(821,286),(826,298),(788,317)
m 0.0 bounds: (767,324),(783,317),(785,324),(770,330)
NOISNYN 0.0 bounds: (944,249),(905,267),(899,254),(938,235)
YHIYNYENTE 0.0 bounds: (900,269),(856,290),(851,280),(895,259)
E 0.0 bounds: (965,237),(971,235),(975,245),(969,247)
400 0.0 bounds: (972,233),(982,229),(987,240),(977,244)
AVERUE 0.0 bounds: (984,228),(1013,215),(1018,226),(989,239)
A 0.0 bounds: (1017,215),(1019,214),(1023,224),(1021,225)
