dadodaopd.
चहाँ जनता खाना
मिलता है।
JANATHA KHANA
AVAILARLE HERE
 0.0 bounds: (480,41),(565,41),(565,104),(480,104)
dadodaopd. 0.0 bounds: (498,44),(549,41),(550,54),(499,57)
चहाँ 0.0 bounds: (483,63),(500,62),(501,72),(484,73)
जनता 0.0 bounds: (504,62),(532,60),(532,68),(505,70)
खाना 0.0 bounds: (537,61),(562,59),(562,65),(537,67)
मिलता 0.0 bounds: (499,72),(528,69),(529,81),(500,84)
है। 0.0 bounds: (530,70),(546,69),(547,79),(531,81)
JANATHA 0.0 bounds: (480,87),(523,84),(524,95),(481,98)
KHANA 0.0 bounds: (528,84),(564,82),(564,90),(529,92)
AVAILARLE 0.0 bounds: (490,98),(528,95),(528,101),(490,104)
HERE 0.0 bounds: (534,95),(551,94),(551,100),(534,101)
