YAXIS
YAXIS
LENTUS
YAXIS
YAXIS
YAXIS
ELTS-PTE
COACHING
 0.0 bounds: (379,-4),(839,-4),(839,192),(379,192)
YAXIS 0.0 bounds: (657,16),(691,-4),(698,8),(664,28)
YAXIS 0.0 bounds: (484,96),(540,58),(554,79),(498,117)
LENTUS 0.0 bounds: (379,173),(437,155),(443,174),(385,192)
YAXIS 0.0 bounds: (715,25),(756,2),(763,15),(722,38)
YAXIS 0.0 bounds: (813,19),(836,13),(839,22),(816,29)
YAXIS 0.0 bounds: (560,144),(578,136),(582,144),(563,151)
ELTS-PTE 0.0 bounds: (560,164),(595,152),(601,169),(566,181)
COACHING 0.0 bounds: (567,181),(599,169),(601,176),(569,188)
