38332
ARADHANA TEX
FANCY
AOKA MAET OR ERCA BANGALOR
రే జ్యువేల్లరి మోజాక్
ara Dewellery Mart
ट
Jewellery
ngalore 560 002. Ph (0) 22370140, 22206887 (A) 281Asou 9341727708
BHASKAN ART CENTRE
Jio
DIGITAL
LIFE
A
FINE ART
DRAWING, INKJET A COMPUTER CONSUMARLES
QUALITY OFICE STATIONEAY
STAT
SUGAM
AST ARUSHES TOtring Sihl folex TechNovd d
---
రేవెరింగాో జ్యువెల్లరి
Ph:491 374696830
ld Covering Jewellery
!dea 4G
ry that Spetk for Iself
HOKA MARKET, AVENUE ROAD. Opp. JANATA HOTEL, BENGALURU - S0 02
53P
0000
ASKAR ART CENTRE
ww.
 0.0 bounds: (-1,42),(880,42),(880,605),(-1,605)
38332 0.0 bounds: (2,42),(30,47),(27,61),(0,56)
ARADHANA 0.0 bounds: (210,57),(324,87),(320,102),(206,72)
TEX 0.0 bounds: (329,86),(371,97),(366,116),(324,105)
FANCY 0.0 bounds: (315,108),(339,113),(338,119),(314,114)
AOKA 0.0 bounds: (214,89),(238,95),(236,102),(212,96)
MAET 0.0 bounds: (240,96),(258,101),(257,108),(238,103)
OR 0.0 bounds: (275,106),(282,108),(280,114),(273,112)
ERCA 0.0 bounds: (284,108),(311,115),(310,121),(282,114)
BANGALOR 0.0 bounds: (317,116),(339,122),(337,129),(315,123)
రే 0.0 bounds: (34,216),(104,227),(99,260),(29,249)
జ్యువేల్లరి 0.0 bounds: (118,227),(227,244),(221,278),(113,261)
మోజాక్ 0.0 bounds: (233,246),(341,263),(336,295),(228,279)
ara 0.0 bounds: (11,248),(82,258),(76,302),(5,293)
Dewellery 0.0 bounds: (100,260),(279,285),(273,330),(94,306)
Mart 0.0 bounds: (298,288),(369,298),(363,343),(292,334)
ट 0.0 bounds: (403,320),(442,325),(440,338),(401,333)
Jewellery 0.0 bounds: (2,296),(67,303),(64,323),(0,316)
ngalore 0.0 bounds: (3,315),(37,319),(36,330),(2,326)
560 0.0 bounds: (49,320),(77,323),(76,333),(48,330)
002. 0.0 bounds: (79,323),(96,325),(95,335),(78,333)
Ph 0.0 bounds: (99,327),(111,328),(110,337),(98,336)
(0) 0.0 bounds: (116,328),(136,330),(135,339),(115,337)
22370140, 0.0 bounds: (138,330),(191,336),(190,346),(137,340)
22206887 0.0 bounds: (190,339),(234,344),(233,351),(189,346)
(A) 0.0 bounds: (239,345),(250,346),(249,352),(238,351)
281Asou 0.0 bounds: (254,342),(311,348),(309,359),(253,353)
9341727708 0.0 bounds: (316,350),(364,355),(363,365),(315,360)
BHASKAN 0.0 bounds: (391,336),(517,352),(514,373),(388,358)
ART 0.0 bounds: (556,357),(583,360),(580,381),(553,378)
CENTRE 0.0 bounds: (599,362),(678,372),(676,394),(596,384)
Jio 0.0 bounds: (794,364),(825,365),(824,387),(793,386)
DIGITAL 0.0 bounds: (832,372),(862,369),(863,381),(833,384)
LIFE 0.0 bounds: (833,381),(849,381),(849,390),(833,390)
A 0.0 bounds: (343,332),(364,334),(363,346),(342,344)
FINE 0.0 bounds: (390,358),(411,360),(410,367),(389,365)
ART 0.0 bounds: (419,359),(441,361),(440,371),(418,369)
DRAWING, 0.0 bounds: (453,366),(500,371),(499,378),(452,373)
INKJET 0.0 bounds: (511,373),(541,376),(540,381),(510,378)
A 0.0 bounds: (551,378),(555,378),(554,383),(550,383)
COMPUTER 0.0 bounds: (564,379),(608,384),(607,391),(563,386)
CONSUMARLES 0.0 bounds: (618,386),(673,392),(672,398),(617,392)
QUALITY 0.0 bounds: (472,379),(511,383),(510,389),(471,385)
OFICE 0.0 bounds: (523,382),(556,385),(555,395),(522,392)
STATIONEAY 0.0 bounds: (559,388),(607,393),(606,399),(558,394)
STAT 0.0 bounds: (560,384),(581,386),(580,394),(559,392)
SUGAM 0.0 bounds: (408,385),(439,388),(438,400),(407,397)
AST 0.0 bounds: (390,393),(410,394),(409,411),(389,410)
ARUSHES 0.0 bounds: (412,394),(443,396),(442,414),(411,412)
TOtring 0.0 bounds: (456,397),(520,402),(519,420),(455,415)
Sihl 0.0 bounds: (534,403),(565,405),(564,422),(533,420)
folex 0.0 bounds: (579,409),(623,412),(622,427),(578,424)
TechNovd 0.0 bounds: (636,414),(676,417),(675,431),(635,428)
d 0.0 bounds: (691,415),(735,418),(734,435),(690,432)
--- 0.0 bounds: (267,383),(291,386),(290,391),(266,389)
రేవెరింగాో 0.0 bounds: (16,376),(96,385),(94,410),(13,401)
జ్యువెల్లరి 0.0 bounds: (108,386),(175,394),(171,424),(104,417)
Ph:491 0.0 bounds: (190,393),(216,395),(215,406),(189,404)
374696830 0.0 bounds: (220,395),(257,398),(256,409),(219,406)
ld 0.0 bounds: (2,415),(36,417),(33,457),(0,455)
Covering 0.0 bounds: (33,416),(140,423),(137,463),(30,457)
Jewellery 0.0 bounds: (150,427),(255,433),(253,462),(148,456)
!dea 0.0 bounds: (779,470),(837,471),(837,508),(779,507)
4G 0.0 bounds: (859,487),(880,487),(880,500),(859,500)
ry 0.0 bounds: (1,452),(14,453),(14,464),(1,463)
that 0.0 bounds: (15,456),(32,457),(32,462),(15,461)
Spetk 0.0 bounds: (38,453),(62,454),(62,465),(38,464)
for 0.0 bounds: (71,458),(81,458),(81,463),(71,463)
Iself 0.0 bounds: (86,458),(106,459),(106,465),(86,464)
HOKA 0.0 bounds: (1,467),(19,468),(19,477),(1,476)
MARKET, 0.0 bounds: (21,468),(52,469),(52,476),(21,475)
AVENUE 0.0 bounds: (55,470),(83,471),(83,477),(55,476)
ROAD. 0.0 bounds: (87,471),(107,472),(107,479),(87,478)
Opp. 0.0 bounds: (111,472),(125,473),(125,479),(111,479)
JANATA 0.0 bounds: (129,472),(154,473),(154,480),(129,479)
HOTEL, 0.0 bounds: (157,473),(180,474),(180,481),(157,480)
BENGALURU 0.0 bounds: (183,474),(223,475),(223,482),(183,481)
- 0.0 bounds: (226,479),(227,479),(227,480),(226,480)
S0 0.0 bounds: (230,476),(239,476),(239,481),(230,481)
02 0.0 bounds: (242,477),(251,477),(251,482),(242,482)
53P 0.0 bounds: (727,525),(738,525),(738,530),(727,530)
0000 0.0 bounds: (726,533),(745,533),(745,542),(726,542)
ASKAR 0.0 bounds: (439,571),(483,570),(483,604),(439,605)
ART 0.0 bounds: (490,571),(513,571),(513,604),(490,604)
CENTRE 0.0 bounds: (520,570),(565,569),(565,603),(520,604)
ww. 0.0 bounds: (9,559),(67,558),(67,589),(9,590)
