TOP SENG
SPRING
MATTRESS
LIGHT & E
ALFURNISHING
Kurlon
Indiaslarge
dureflex
mattresses
PH: 080-4123TI WOe A
URNISHING
Aurt-on
 0.0 bounds: (0,36),(1000,36),(1000,326),(0,326)
TOP 0.0 bounds: (101,36),(137,58),(126,75),(90,53)
SENG 0.0 bounds: (138,58),(183,86),(173,103),(127,75)
SPRING 0.0 bounds: (96,60),(149,88),(140,105),(87,77)
MATTRESS 0.0 bounds: (88,78),(169,120),(160,137),(79,95)
LIGHT 0.0 bounds: (931,305),(982,305),(982,322),(931,322)
& 0.0 bounds: (987,305),(994,305),(994,322),(987,322)
E 0.0 bounds: (996,305),(1000,305),(1000,322),(996,322)
ALFURNISHING 0.0 bounds: (9,99),(144,160),(135,180),(0,119)
Kurlon 0.0 bounds: (269,182),(375,237),(352,280),(246,226)
Indiaslarge 0.0 bounds: (259,249),(315,266),(310,280),(255,263)
dureflex 0.0 bounds: (94,200),(201,228),(192,265),(85,237)
mattresses 0.0 bounds: (104,252),(184,270),(181,282),(101,265)
PH: 0.0 bounds: (112,279),(119,280),(118,287),(111,286)
080-4123TI 0.0 bounds: (119,279),(158,286),(157,294),(118,287)
WOe 0.0 bounds: (162,288),(172,290),(171,297),(161,295)
A 0.0 bounds: (175,291),(198,295),(197,300),(174,296)
URNISHING 0.0 bounds: (7,254),(79,268),(76,284),(4,271)
Aurt-on 0.0 bounds: (191,306),(232,310),(230,326),(189,322)
