WAMAT HOTEL A
UHASASHT SAT RAM BOOK HOUS
TET BOOKS&SC H
Beom, BM, B RCA
DIPLOMA E VIU ENGO.S
ICERT
CBSE&C
KAMAT HOTEL
KAMAT HOTEL
 0.0 bounds: (17,71),(1037,71),(1037,495),(17,495)
WAMAT 0.0 bounds: (66,325),(149,350),(138,387),(55,361)
HOTEL 0.0 bounds: (158,353),(216,371),(205,407),(147,389)
A 0.0 bounds: (225,374),(246,380),(235,416),(214,409)
UHASASHT 0.0 bounds: (733,282),(789,240),(811,270),(755,312)
SAT 0.0 bounds: (791,239),(819,218),(841,247),(813,268)
RAM 0.0 bounds: (820,217),(862,185),(885,215),(842,247)
BOOK 0.0 bounds: (864,184),(937,130),(958,158),(886,213)
HOUS 0.0 bounds: (942,125),(1014,71),(1036,101),(964,155)
TET 0.0 bounds: (780,348),(796,345),(798,356),(782,359)
BOOKS&SC 0.0 bounds: (799,346),(834,339),(836,349),(801,356)
H 0.0 bounds: (849,335),(861,333),(863,344),(851,346)
Beom, 0.0 bounds: (789,362),(805,360),(806,369),(790,371)
BM, 0.0 bounds: (808,359),(822,357),(823,366),(809,368)
B 0.0 bounds: (826,356),(830,356),(831,366),(827,367)
RCA 0.0 bounds: (839,355),(848,354),(849,361),(840,362)
DIPLOMA 0.0 bounds: (783,377),(812,374),(813,382),(784,385)
E 0.0 bounds: (815,373),(819,373),(820,380),(816,380)
VIU 0.0 bounds: (822,372),(832,371),(833,379),(823,380)
ENGO.S 0.0 bounds: (836,368),(874,364),(875,374),(837,378)
ICERT 0.0 bounds: (982,309),(1018,303),(1021,322),(985,328)
CBSE&C 0.0 bounds: (971,331),(1019,324),(1023,346),(974,353)
KAMAT 0.0 bounds: (20,422),(78,430),(76,450),(17,442)
HOTEL 0.0 bounds: (80,431),(121,437),(118,455),(77,450)
KAMAT 0.0 bounds: (119,488),(132,488),(132,495),(119,495)
HOTEL 0.0 bounds: (135,487),(153,487),(153,495),(135,495)
