EDHOBIVWALA
RELAX O
K HORN
DRY CLEANING Rs. 66 onwards
50% OFF
on 1 one onder
10. stores
dwng
Laundry Servi
Prom Code
Door Step Service
A 10000 l www.dhobiwala.comI tranchisedhahala.com
 0.0 bounds: (244,344),(677,344),(677,465),(244,465)
EDHOBIVWALA 0.0 bounds: (528,344),(637,345),(637,355),(528,354)
RELAX 0.0 bounds: (245,372),(276,375),(275,385),(244,382)
O 0.0 bounds: (288,374),(301,375),(300,387),(287,386)
K 0.0 bounds: (394,373),(402,373),(402,388),(394,388)
HORN 0.0 bounds: (399,376),(430,376),(430,385),(399,385)
DRY 0.0 bounds: (510,369),(528,370),(528,382),(510,381)
CLEANING 0.0 bounds: (532,369),(576,370),(576,382),(532,381)
Rs. 0.0 bounds: (580,371),(596,372),(596,384),(580,383)
66 0.0 bounds: (598,372),(608,372),(608,383),(598,383)
onwards 0.0 bounds: (610,372),(648,373),(648,385),(610,384)
50% 0.0 bounds: (492,388),(512,388),(512,395),(492,395)
OFF 0.0 bounds: (517,389),(536,389),(536,395),(517,395)
on 0.0 bounds: (492,398),(501,398),(501,404),(492,404)
1 0.0 bounds: (503,398),(504,398),(504,404),(503,404)
one 0.0 bounds: (508,398),(523,398),(523,404),(508,404)
onder 0.0 bounds: (525,398),(538,398),(538,404),(525,404)
10. 0.0 bounds: (630,396),(637,396),(637,399),(630,399)
stores 0.0 bounds: (639,397),(653,397),(653,400),(639,400)
dwng 0.0 bounds: (627,402),(656,403),(656,407),(627,406)
Laundry 0.0 bounds: (621,409),(640,409),(640,413),(621,413)
Servi 0.0 bounds: (642,409),(655,409),(655,413),(642,413)
Prom 0.0 bounds: (494,409),(522,408),(522,414),(494,415)
Code 0.0 bounds: (525,408),(537,408),(537,412),(525,413)
Door 0.0 bounds: (544,417),(560,418),(560,424),(544,423)
Step 0.0 bounds: (563,418),(577,418),(577,423),(563,423)
Service 0.0 bounds: (581,418),(605,419),(605,425),(581,424)
A 0.0 bounds: (502,450),(505,450),(505,456),(502,456)
10000 0.0 bounds: (507,452),(523,453),(523,458),(507,457)
l 0.0 bounds: (525,451),(532,451),(532,457),(525,457)
www.dhobiwala.comI 0.0 bounds: (534,451),(595,454),(595,461),(534,458)
tranchisedhahala.com 0.0 bounds: (596,456),(677,460),(677,465),(596,461)
