îndeed
The world's job sie
Senlor Medical Officer
Jeva Develop
NDIA,
LET'S GET TO WORK..
 0.0 bounds: (265,29),(523,29),(523,305),(265,305)
îndeed 0.0 bounds: (438,35),(507,29),(508,50),(440,56)
The 0.0 bounds: (445,59),(454,58),(454,62),(445,63)
world's 0.0 bounds: (457,58),(477,56),(477,61),(457,63)
job 0.0 bounds: (488,56),(495,55),(495,60),(488,61)
sie 0.0 bounds: (498,55),(507,54),(507,58),(498,59)
Senlor 0.0 bounds: (412,142),(445,141),(445,149),(412,150)
Medical 0.0 bounds: (447,142),(474,141),(474,147),(447,148)
Officer 0.0 bounds: (477,139),(500,138),(500,145),(477,146)
Jeva 0.0 bounds: (276,184),(289,183),(289,189),(276,190)
Develop 0.0 bounds: (292,183),(312,182),(312,188),(292,189)
NDIA, 0.0 bounds: (265,259),(352,254),(353,277),(266,282)
LET'S 0.0 bounds: (282,288),(340,283),(341,300),(284,305)
GET 0.0 bounds: (349,282),(394,278),(395,295),(351,299)
TO 0.0 bounds: (401,277),(431,274),(432,291),(403,294)
WORK.. 0.0 bounds: (438,271),(521,263),(523,285),(440,293)
