CEAT TE
YOKOHAMA
apollo
GOoD YEAR
RSUPP
SREE
TYR
Apndes P.(
 0.0 bounds: (386,51),(998,51),(998,471),(386,471)
CEAT 0.0 bounds: (399,51),(456,81),(443,106),(386,76)
TE 0.0 bounds: (467,86),(511,109),(499,133),(454,110)
YOKOHAMA 0.0 bounds: (424,116),(524,158),(515,179),(415,137)
apollo 0.0 bounds: (474,182),(528,198),(521,221),(467,205)
GOoD 0.0 bounds: (397,298),(460,310),(453,348),(390,336)
YEAR 0.0 bounds: (464,310),(519,320),(512,360),(457,349)
RSUPP 0.0 bounds: (934,459),(997,453),(998,465),(935,471)
SREE 0.0 bounds: (659,400),(689,406),(686,425),(655,420)
TYR 0.0 bounds: (675,425),(702,427),(700,446),(673,444)
Apndes 0.0 bounds: (400,382),(443,387),(441,401),(398,396)
P.( 0.0 bounds: (448,389),(468,391),(466,404),(446,402)
