1 month INTEREST FREE*
with 2 year loan
" nd co s a l
AUTAZng ers.
Superfast processing
HDFC BANK
HDFC BANK
undarstand yurwong
month
EREST
REE
1 month
INTEREST
FREE*
ar ben
with 2 year loan
24 HOUR
ATM
Sampoorna
Bharosa
Gold Loan
pan
Tak to our statt today
BANK
 0.0 bounds: (0,75),(524,75),(524,353),(0,353)
1 0.0 bounds: (46,75),(66,78),(63,101),(43,99)
month 0.0 bounds: (57,79),(143,91),(141,111),(54,99)
INTEREST 0.0 bounds: (156,93),(301,113),(298,132),(153,112)
FREE* 0.0 bounds: (312,114),(397,126),(394,146),(309,135)
with 0.0 bounds: (147,117),(180,122),(178,134),(145,129)
2 0.0 bounds: (187,124),(195,125),(194,135),(186,134)
year 0.0 bounds: (202,128),(235,133),(233,144),(200,139)
loan 0.0 bounds: (243,132),(276,137),(274,148),(241,143)
" 0.0 bounds: (250,161),(264,163),(263,167),(249,165)
nd 0.0 bounds: (266,165),(273,166),(272,170),(265,169)
co 0.0 bounds: (276,162),(281,163),(280,170),(275,169)
s 0.0 bounds: (295,165),(297,165),(296,171),(294,171)
a 0.0 bounds: (297,169),(307,170),(307,173),(297,172)
l 0.0 bounds: (315,171),(315,171),(315,174),(315,174)
AUTAZng 0.0 bounds: (151,153),(178,158),(176,164),(150,159)
ers. 0.0 bounds: (181,158),(200,161),(198,168),(180,165)
Superfast 0.0 bounds: (141,160),(169,165),(168,171),(140,166)
processing 0.0 bounds: (172,165),(206,171),(205,177),(171,171)
HDFC 0.0 bounds: (5,149),(32,153),(30,162),(4,158)
BANK 0.0 bounds: (35,155),(60,159),(58,167),(34,163)
HDFC 0.0 bounds: (361,194),(382,196),(381,206),(360,204)
BANK 0.0 bounds: (377,196),(406,198),(405,207),(376,205)
undarstand 0.0 bounds: (351,206),(381,209),(380,213),(351,210)
yurwong 0.0 bounds: (384,210),(407,213),(406,218),(383,215)
month 0.0 bounds: (6,187),(44,189),(43,203),(5,201)
EREST 0.0 bounds: (1,201),(48,204),(47,220),(0,217)
REE 0.0 bounds: (1,215),(25,217),(24,233),(0,231)
1 0.0 bounds: (351,229),(361,231),(359,243),(349,242)
month 0.0 bounds: (363,231),(400,237),(398,249),(361,244)
INTEREST 0.0 bounds: (332,242),(407,254),(405,265),(330,254)
FREE* 0.0 bounds: (344,260),(389,265),(387,277),(343,272)
ar 0.0 bounds: (2,233),(12,234),(12,241),(2,240)
ben 0.0 bounds: (13,235),(25,236),(25,241),(13,240)
with 0.0 bounds: (340,274),(352,275),(351,280),(339,279)
2 0.0 bounds: (355,276),(358,276),(357,281),(354,281)
year 0.0 bounds: (360,279),(372,280),(372,283),(360,282)
loan 0.0 bounds: (375,280),(387,281),(386,285),(375,284)
24 0.0 bounds: (476,290),(489,292),(488,297),(475,295)
HOUR 0.0 bounds: (493,293),(524,297),(523,302),(492,298)
ATM 0.0 bounds: (478,306),(518,309),(517,320),(477,317)
Sampoorna 0.0 bounds: (338,293),(382,298),(381,304),(337,299)
Bharosa 0.0 bounds: (344,298),(375,301),(374,311),(343,308)
Gold 0.0 bounds: (331,308),(354,311),(353,319),(330,316)
Loan 0.0 bounds: (358,313),(383,316),(382,323),(357,320)
pan 0.0 bounds: (1,268),(19,269),(18,278),(0,277)
Tak 0.0 bounds: (315,338),(331,340),(330,346),(314,344)
to 0.0 bounds: (333,340),(341,341),(340,347),(332,346)
our 0.0 bounds: (340,344),(348,345),(348,348),(340,347)
statt 0.0 bounds: (351,345),(362,346),(361,350),(350,349)
today 0.0 bounds: (365,346),(381,348),(380,353),(364,351)
BANK 0.0 bounds: (514,214),(509,279),(496,278),(501,213)
