అదికా మిల
Adityaa mil
Ice Cream
P OR
2WHEELER
INSURANCE
AVAILABLE
 0.0 bounds: (469,287),(698,287),(698,413),(469,413)
అదికా 0.0 bounds: (469,287),(494,288),(494,297),(469,296)
మిల 0.0 bounds: (500,288),(520,289),(520,297),(500,296)
Adityaa 0.0 bounds: (518,304),(574,305),(574,326),(518,325)
mil 0.0 bounds: (581,305),(602,305),(602,321),(581,321)
Ice 0.0 bounds: (533,324),(554,324),(554,336),(533,336)
Cream 0.0 bounds: (560,324),(597,324),(597,336),(560,336)
P 0.0 bounds: (530,335),(535,335),(535,341),(530,341)
OR 0.0 bounds: (544,337),(552,337),(552,341),(544,341)
2WHEELER 0.0 bounds: (650,332),(675,332),(675,341),(650,341)
INSURANCE 0.0 bounds: (650,380),(693,381),(693,394),(650,393)
AVAILABLE 0.0 bounds: (652,397),(698,399),(697,413),(651,411)
