LERS PYTU
Panganha Hanira
र
wwOLE SALE
జ్యూయలరి రానా
amala
LERY HOUSE
Laxmi Chains DANAA olostale
CHANS &
RACELT
V.ANANTHAPADIMANARHAIAH & SON
JEWELLERS
FLOOR
our A
RANGANATHA MANSION
-JEWILERS
JENELLES
 0.0 bounds: (3,-3),(1009,-3),(1009,334),(3,334)
LERS 0.0 bounds: (482,-3),(508,10),(502,22),(476,9)
PYTU 0.0 bounds: (510,11),(530,22),(525,32),(505,22)
Panganha 0.0 bounds: (474,111),(510,126),(505,137),(469,122)
Hanira 0.0 bounds: (513,127),(538,137),(533,148),(508,138)
र 0.0 bounds: (489,135),(512,143),(510,147),(488,139)
wwOLE 0.0 bounds: (956,230),(986,232),(986,239),(956,237)
SALE 0.0 bounds: (990,234),(1009,235),(1009,240),(990,239)
జ్యూయలరి 0.0 bounds: (13,128),(104,146),(99,171),(8,154)
రానా 0.0 bounds: (114,148),(173,159),(169,181),(110,170)
amala 0.0 bounds: (9,159),(172,188),(166,222),(3,193)
LERY 0.0 bounds: (54,207),(99,214),(96,235),(51,228)
HOUSE 0.0 bounds: (113,213),(183,224),(180,247),(109,237)
Laxmi 0.0 bounds: (421,244),(457,251),(455,266),(418,259)
Chains 0.0 bounds: (464,253),(498,260),(496,273),(461,267)
DANAA 0.0 bounds: (504,260),(540,267),(537,284),(501,277)
olostale 0.0 bounds: (541,267),(584,275),(581,292),(538,284)
CHANS 0.0 bounds: (429,264),(448,267),(447,272),(428,269)
& 0.0 bounds: (451,268),(456,269),(455,273),(450,272)
RACELT 0.0 bounds: (457,269),(484,268),(484,276),(457,277)
V.ANANTHAPADIMANARHAIAH 0.0 bounds: (245,237),(380,260),(377,280),(242,257)
& 0.0 bounds: (382,262),(387,263),(384,281),(379,280)
SON 0.0 bounds: (389,263),(406,266),(403,284),(386,281)
JEWELLERS 0.0 bounds: (294,268),(367,280),(365,291),(292,280)
FLOOR 0.0 bounds: (444,275),(470,279),(469,285),(443,281)
our 0.0 bounds: (423,281),(441,283),(440,291),(422,289)
A 0.0 bounds: (457,286),(474,288),(473,295),(456,293)
RANGANATHA 0.0 bounds: (414,291),(462,298),(461,307),(413,300)
MANSION 0.0 bounds: (466,298),(493,302),(492,310),(465,306)
-JEWILERS 0.0 bounds: (505,293),(569,304),(567,317),(503,306)
JENELLES 0.0 bounds: (596,323),(630,327),(629,334),(595,330)
