olympic
The Sport Shop
OLYMPIG
PURE LIFE GYM
 0.0 bounds: (87,1),(296,1),(296,67),(87,67)
olympic 0.0 bounds: (88,1),(161,7),(159,24),(87,18)
The 0.0 bounds: (117,18),(134,20),(133,29),(116,27)
Sport 0.0 bounds: (136,20),(156,23),(155,33),(135,30)
Shop 0.0 bounds: (157,23),(174,25),(173,34),(156,32)
OLYMPIG 0.0 bounds: (237,25),(276,28),(276,33),(237,30)
PURE 0.0 bounds: (245,48),(264,49),(263,64),(244,63)
LIFE 0.0 bounds: (267,49),(280,50),(279,66),(266,65)
GYM 0.0 bounds: (283,50),(296,51),(295,67),(282,66)
