Ma
GET SOFT MOTHN
ALL DAY LONG
I0-25 E
sianoos
 0.0 bounds: (70,181),(294,181),(294,293),(70,293)
Ma 0.0 bounds: (126,181),(136,182),(135,188),(125,187)
GET 0.0 bounds: (240,235),(251,243),(242,254),(232,246)
SOFT 0.0 bounds: (252,245),(263,253),(255,263),(244,256)
MOTHN 0.0 bounds: (265,253),(294,274),(286,285),(257,264)
ALL 0.0 bounds: (248,257),(262,267),(254,277),(241,267)
DAY 0.0 bounds: (263,269),(269,273),(261,283),(256,279)
LONG 0.0 bounds: (271,273),(283,282),(275,292),(263,283)
I0-25 0.0 bounds: (71,220),(91,223),(90,230),(70,228)
E 0.0 bounds: (113,226),(122,227),(121,234),(112,233)
sianoos 0.0 bounds: (105,239),(154,245),(152,257),(104,251)
