A odent deta
SANJANEYA S TEMILE
dediad
e bnde dedaad
S MAHALAKn TEML
 0.0 bounds: (13,388),(111,388),(111,448),(13,448)
A 0.0 bounds: (13,396),(20,395),(21,402),(14,403)
odent 0.0 bounds: (24,395),(52,393),(53,401),(25,403)
deta 0.0 bounds: (68,391),(97,388),(98,396),(69,399)
SANJANEYA 0.0 bounds: (14,408),(55,404),(55,409),(14,413)
S 0.0 bounds: (60,403),(62,403),(63,410),(61,410)
TEMILE 0.0 bounds: (80,400),(104,398),(105,406),(81,408)
dediad 0.0 bounds: (74,409),(111,407),(111,415),(74,417)
e 0.0 bounds: (21,433),(29,432),(30,439),(22,440)
bnde 0.0 bounds: (34,431),(68,428),(69,437),(35,440)
dedaad 0.0 bounds: (72,428),(103,425),(104,434),(73,437)
S 0.0 bounds: (16,444),(25,443),(25,447),(16,448)
MAHALAKn 0.0 bounds: (29,440),(78,436),(78,443),(30,447)
TEML 0.0 bounds: (82,436),(102,434),(103,444),(83,446)
