onSchneic
AKSHATHA EN
SPECIALIST IN LE.D. DISPLAY, STONE WORK
FANCY MIRRORS, DIVINE LAMPS, LAMINATION
TANJORE PAINTING, SYNTHETIC &WOOD
No : 243, ADI COMPLEX, CHICKPET, BAN
Use any bank's card here*
"Aepicate VSA Master Card and NFS networ
ICICI Bank
GM
IGHTING
Inathindialy
UNLIMITED FOR ALL
349 1GB/DAY
+ UNLIMITED CALL
C eate 4G eairtel 4G te
G PALACE
PRICES SLASHED
Unlimited Fun with idea 40
PRICES SLASHED
Uniimited Fun with idea 4G
Surrncy
 0.0 bounds: (104,-3),(1024,-3),(1024,532),(104,532)
onSchneic 0.0 bounds: (128,29),(190,49),(185,65),(123,45)
AKSHATHA 0.0 bounds: (261,25),(351,4),(356,28),(267,49)
EN 0.0 bounds: (357,4),(387,-3),(392,17),(362,24)
SPECIALIST 0.0 bounds: (251,56),(296,45),(300,62),(255,73)
IN 0.0 bounds: (298,45),(307,43),(311,58),(302,61)
LE.D. 0.0 bounds: (308,42),(332,36),(336,53),(312,59)
DISPLAY, 0.0 bounds: (334,36),(368,28),(372,44),(338,53)
STONE 0.0 bounds: (369,27),(394,21),(398,37),(373,44)
WORK 0.0 bounds: (397,21),(422,15),(426,30),(401,37)
FANCY 0.0 bounds: (251,75),(272,70),(275,82),(254,87)
MIRRORS, 0.0 bounds: (275,69),(309,61),(312,75),(278,83)
DIVINE 0.0 bounds: (313,60),(338,54),(341,66),(316,72)
LAMPS, 0.0 bounds: (341,51),(368,45),(372,61),(345,68)
LAMINATION 0.0 bounds: (372,44),(429,31),(432,47),(376,60)
TANJORE 0.0 bounds: (271,85),(303,78),(306,89),(273,96)
PAINTING, 0.0 bounds: (306,78),(343,70),(346,83),(309,91)
SYNTHETIC 0.0 bounds: (346,69),(391,59),(394,72),(349,82)
&WOOD 0.0 bounds: (393,57),(430,49),(434,66),(397,74)
No 0.0 bounds: (273,103),(282,101),(283,108),(274,110)
: 0.0 bounds: (285,98),(289,97),(291,109),(287,110)
243, 0.0 bounds: (290,99),(304,96),(306,105),(292,108)
ADI 0.0 bounds: (308,96),(321,93),(322,100),(309,103)
COMPLEX, 0.0 bounds: (322,93),(362,85),(364,93),(324,101)
CHICKPET, 0.0 bounds: (368,83),(408,75),(410,85),(370,93)
BAN 0.0 bounds: (414,74),(428,71),(430,81),(416,84)
Use 0.0 bounds: (468,68),(487,64),(489,75),(470,79)
any 0.0 bounds: (492,67),(512,63),(513,71),(494,75)
bank's 0.0 bounds: (515,59),(552,51),(554,62),(517,70)
card 0.0 bounds: (556,50),(583,44),(586,55),(558,61)
here* 0.0 bounds: (588,43),(621,36),(624,48),(590,55)
"Aepicate 0.0 bounds: (537,75),(562,70),(562,75),(538,80)
VSA 0.0 bounds: (572,68),(584,66),(585,70),(573,72)
Master 0.0 bounds: (586,65),(603,62),(604,67),(587,70)
Card 0.0 bounds: (605,61),(617,59),(618,64),(606,66)
and 0.0 bounds: (619,60),(628,58),(629,62),(620,64)
NFS 0.0 bounds: (630,57),(641,55),(642,60),(631,62)
networ 0.0 bounds: (643,55),(662,52),(663,56),(644,60)
ICICI 0.0 bounds: (475,116),(566,106),(570,142),(479,152)
Bank 0.0 bounds: (570,106),(647,98),(650,134),(574,142)
GM 0.0 bounds: (104,186),(179,180),(182,215),(107,221)
IGHTING 0.0 bounds: (116,223),(139,221),(140,229),(117,231)
Inathindialy 0.0 bounds: (144,259),(187,257),(187,265),(144,267)
UNLIMITED 0.0 bounds: (912,244),(971,235),(973,243),(913,253)
FOR 0.0 bounds: (976,234),(996,231),(997,239),(977,242)
ALL 0.0 bounds: (1000,230),(1020,227),(1021,235),(1001,238)
349 0.0 bounds: (887,255),(912,252),(914,270),(889,273)
1GB/DAY 0.0 bounds: (926,252),(1021,242),(1023,260),(928,270)
+ 0.0 bounds: (932,266),(940,266),(940,275),(932,275)
UNLIMITED 0.0 bounds: (942,265),(995,262),(995,272),(942,275)
CALL 0.0 bounds: (1003,262),(1023,261),(1023,271),(1003,272)
C 0.0 bounds: (920,275),(925,275),(925,281),(920,281)
eate 0.0 bounds: (952,274),(965,274),(965,281),(952,281)
4G 0.0 bounds: (968,275),(981,275),(981,281),(968,281)
eairtel 0.0 bounds: (984,274),(999,274),(999,280),(984,280)
4G 0.0 bounds: (1002,274),(1009,274),(1009,280),(1002,280)
te 0.0 bounds: (1013,274),(1023,274),(1023,280),(1013,280)
G 0.0 bounds: (148,399),(153,399),(153,408),(148,408)
PALACE 0.0 bounds: (156,396),(188,396),(188,409),(156,409)
PRICES 0.0 bounds: (933,368),(961,368),(961,373),(933,373)
SLASHED 0.0 bounds: (966,369),(1005,369),(1005,375),(966,375)
Unlimited 0.0 bounds: (927,376),(955,377),(955,382),(927,381)
Fun 0.0 bounds: (958,377),(968,377),(968,380),(958,380)
with 0.0 bounds: (972,377),(984,377),(984,381),(972,381)
idea 0.0 bounds: (988,378),(1000,378),(1000,382),(988,382)
40 0.0 bounds: (1003,378),(1011,378),(1011,382),(1003,382)
PRICES 0.0 bounds: (932,418),(961,418),(961,424),(932,424)
SLASHED 0.0 bounds: (966,417),(1006,417),(1006,425),(966,425)
Uniimited 0.0 bounds: (927,425),(955,425),(955,430),(927,430)
Fun 0.0 bounds: (958,427),(968,427),(968,431),(958,431)
with 0.0 bounds: (972,427),(984,427),(984,431),(972,431)
idea 0.0 bounds: (988,428),(1000,428),(1000,431),(988,431)
4G 0.0 bounds: (1003,427),(1011,427),(1011,432),(1003,432)
Surrncy 0.0 bounds: (916,508),(975,516),(972,531),(914,524)
