FAME
MANY STO
24.00
TOROUE
min
ADVAITH HYUNDAI
Ces n ay
Call: 98450 64948
www.advaintvunta
E ZONE
NO PARKG
NO HALTING
TOW AWAY ZONE
TORYTELLERS.
1PL
 0.0 bounds: (657,203),(1001,203),(1001,602),(657,602)
FAME 0.0 bounds: (813,206),(828,204),(829,211),(814,213)
MANY 0.0 bounds: (657,310),(677,290),(684,298),(664,317)
STO 0.0 bounds: (682,287),(694,275),(700,282),(688,293)
24.00 0.0 bounds: (858,320),(877,319),(877,330),(858,331)
TOROUE 0.0 bounds: (750,380),(778,365),(782,373),(754,388)
min 0.0 bounds: (761,384),(776,376),(780,383),(765,391)
ADVAITH 0.0 bounds: (875,440),(926,443),(925,454),(874,451)
HYUNDAI 0.0 bounds: (930,442),(988,445),(987,457),(929,454)
Ces 0.0 bounds: (894,455),(916,456),(916,463),(894,462)
n 0.0 bounds: (919,457),(927,458),(927,465),(919,464)
ay 0.0 bounds: (949,459),(969,460),(969,467),(949,466)
Call: 0.0 bounds: (879,468),(898,469),(897,479),(878,478)
98450 0.0 bounds: (900,467),(942,469),(941,483),(899,481)
64948 0.0 bounds: (947,470),(986,472),(985,486),(946,484)
www.advaintvunta 0.0 bounds: (899,484),(960,487),(960,494),(899,491)
E 0.0 bounds: (750,564),(755,563),(757,572),(752,574)
ZONE 0.0 bounds: (757,562),(766,560),(768,569),(759,572)
NO 0.0 bounds: (928,550),(945,550),(945,558),(928,558)
PARKG 0.0 bounds: (950,550),(992,549),(992,556),(950,557)
NO 0.0 bounds: (935,562),(948,562),(948,568),(935,568)
HALTING 0.0 bounds: (952,560),(992,559),(992,567),(952,568)
TOW 0.0 bounds: (930,593),(951,593),(951,602),(930,602)
AWAY 0.0 bounds: (956,594),(976,594),(976,602),(956,602)
ZONE 0.0 bounds: (981,594),(1001,594),(1001,601),(981,601)
TORYTELLERS. 0.0 bounds: (685,284),(737,229),(744,236),(692,291)
1PL 0.0 bounds: (663,318),(678,303),(683,309),(669,324)
