4.Millerm Rod Cian
Mo TEL
CocaCla
a NATARA
 0.0 bounds: (7,231),(294,231),(294,340),(7,340)
4.Millerm 0.0 bounds: (210,231),(241,245),(235,257),(205,243)
Rod 0.0 bounds: (243,245),(255,250),(249,262),(238,257)
Cian 0.0 bounds: (258,253),(294,270),(289,281),(253,264)
Mo 0.0 bounds: (223,254),(235,259),(231,268),(219,263)
TEL 0.0 bounds: (275,276),(288,281),(284,290),(272,284)
CocaCla 0.0 bounds: (15,279),(88,296),(80,330),(7,313)
a 0.0 bounds: (96,323),(103,324),(101,337),(95,336)
NATARA 0.0 bounds: (105,323),(133,326),(131,340),(103,337)
