tortetect 0.a..
RICHMOND ROAD LANGFORD ROAD
WHEEL ALIGNMENT
WHEEL BALANGING
 0.0 bounds: (427,120),(942,120),(942,269),(427,269)
tortetect 0.0 bounds: (765,133),(804,127),(805,139),(767,145)
0.a.. 0.0 bounds: (812,125),(844,120),(845,132),(814,137)
RICHMOND 0.0 bounds: (661,227),(739,217),(741,233),(663,243)
ROAD 0.0 bounds: (747,216),(787,211),(789,227),(749,232)
LANGFORD 0.0 bounds: (803,212),(887,202),(889,214),(805,225)
ROAD 0.0 bounds: (893,200),(940,194),(941,208),(895,214)
WHEEL 0.0 bounds: (431,215),(468,224),(464,240),(427,230)
ALIGNMENT 0.0 bounds: (470,225),(515,236),(511,252),(466,240)
WHEEL 0.0 bounds: (433,233),(468,241),(464,257),(429,249)
BALANGING 0.0 bounds: (470,242),(517,253),(513,269),(466,258)
