OUest offica
Qunst offices
దేమ్మల రు
1 DOMLUR
K.R. PURAM
తెలనరు
E PEGOWDA BUS STAND
చిం.జి. రెస్జీ
M.G. ROAD
ULSOOR
TRINITY CIRCLE
 0.0 bounds: (379,165),(885,165),(885,273),(379,273)
OUest 0.0 bounds: (535,165),(558,165),(558,174),(535,174)
offica 0.0 bounds: (561,165),(587,165),(587,175),(561,175)
Qunst 0.0 bounds: (532,184),(558,185),(558,191),(532,190)
offices 0.0 bounds: (562,183),(595,184),(595,193),(562,192)
దేమ్మల 0.0 bounds: (500,227),(540,226),(540,236),(500,237)
రు 0.0 bounds: (571,226),(579,226),(579,236),(571,236)
1 0.0 bounds: (488,235),(499,235),(499,246),(488,246)
DOMLUR 0.0 bounds: (499,235),(560,237),(560,248),(499,246)
K.R. 0.0 bounds: (380,241),(402,241),(402,247),(380,247)
PURAM 0.0 bounds: (408,240),(450,239),(450,247),(408,248)
తెలనరు 0.0 bounds: (380,251),(435,252),(435,260),(380,259)
E 0.0 bounds: (771,237),(779,237),(779,247),(771,247)
PEGOWDA 0.0 bounds: (780,239),(827,239),(827,245),(780,245)
BUS 0.0 bounds: (832,238),(850,238),(850,245),(832,245)
STAND 0.0 bounds: (855,236),(885,236),(885,244),(855,244)
చిం.జి. 0.0 bounds: (760,252),(793,252),(793,258),(760,258)
రెస్జీ 0.0 bounds: (800,251),(818,251),(818,261),(800,261)
M.G. 0.0 bounds: (760,264),(779,264),(779,270),(760,270)
ROAD 0.0 bounds: (784,261),(813,261),(813,271),(784,271)
ULSOOR 0.0 bounds: (379,264),(432,265),(432,271),(379,270)
TRINITY 0.0 bounds: (499,262),(538,262),(538,272),(499,272)
CIRCLE 0.0 bounds: (545,262),(581,262),(581,273),(545,273)
