OAD
www.bengalurufc.com
JSW
B.M.T.C BUS STOP
HOSMAT HOSPITAL
#WEAREBFC
 0.0 bounds: (87,240),(1007,240),(1007,375),(87,375)
OAD 0.0 bounds: (979,240),(1007,240),(1007,250),(979,250)
www.bengalurufc.com 0.0 bounds: (901,269),(981,271),(981,278),(901,276)
JSW 0.0 bounds: (913,303),(969,302),(969,319),(913,320)
B.M.T.C 0.0 bounds: (88,277),(120,281),(119,290),(87,286)
BUS 0.0 bounds: (125,281),(142,283),(141,292),(124,290)
STOP 0.0 bounds: (145,284),(162,286),(161,295),(144,293)
HOSMAT 0.0 bounds: (88,301),(120,305),(119,313),(87,309)
HOSPITAL 0.0 bounds: (126,305),(162,310),(161,317),(125,312)
#WEAREBFC 0.0 bounds: (891,359),(995,363),(994,375),(891,371)
