AMO
SILKS
PAVAN
PARADISE
DHOTIS
SHRI SNKS
ASEMENT LOOR
O ar
Slka
 0.0 bounds: (0,154),(652,154),(652,422),(0,422)
AMO 0.0 bounds: (191,154),(217,172),(210,182),(184,164)
SILKS 0.0 bounds: (415,215),(433,215),(433,221),(415,221)
PAVAN 0.0 bounds: (332,305),(378,308),(377,323),(331,320)
PARADISE 0.0 bounds: (331,323),(377,325),(376,340),(330,338)
DHOTIS 0.0 bounds: (630,352),(652,353),(652,362),(630,361)
SHRI 0.0 bounds: (9,299),(53,312),(44,342),(0,329)
SNKS 0.0 bounds: (55,313),(91,324),(83,354),(46,343)
ASEMENT 0.0 bounds: (334,355),(357,354),(357,364),(334,365)
LOOR 0.0 bounds: (359,355),(375,355),(375,364),(359,364)
O 0.0 bounds: (303,400),(319,400),(319,409),(303,409)
ar 0.0 bounds: (343,399),(355,399),(355,408),(343,408)
Slka 0.0 bounds: (352,414),(367,414),(367,422),(352,422)
