Galaxy S7 edge
SAMSUNG
water Resistant
ght Camera(F L1.7)
99000 31000
A-
 0.0 bounds: (332,84),(592,84),(592,345),(332,345)
Galaxy 0.0 bounds: (333,84),(366,87),(365,96),(332,93)
S7 0.0 bounds: (369,88),(379,89),(378,95),(368,94)
edge 0.0 bounds: (380,90),(400,92),(399,99),(379,97)
SAMSUNG 0.0 bounds: (464,97),(511,100),(510,107),(463,104)
water 0.0 bounds: (341,125),(374,129),(372,141),(339,137)
Resistant 0.0 bounds: (378,129),(422,135),(420,148),(376,142)
ght 0.0 bounds: (348,185),(360,186),(359,192),(347,191)
Camera(F 0.0 bounds: (364,183),(403,187),(402,197),(363,193)
L1.7) 0.0 bounds: (406,189),(416,190),(415,197),(405,196)
99000 0.0 bounds: (532,286),(566,287),(566,299),(532,298)
31000 0.0 bounds: (568,287),(592,288),(592,300),(568,299)
A- 0.0 bounds: (505,335),(528,335),(528,345),(505,345)
