PYA DISPLAY PARENG
Pay & Parking
FOUR WHEELER
PAYG W" O
PARK PA
PAY&PARK
 0.0 bounds: (404,232),(644,232),(644,422),(404,422)
PYA 0.0 bounds: (463,232),(477,232),(477,238),(463,238)
DISPLAY 0.0 bounds: (479,233),(495,234),(495,240),(479,239)
PARENG 0.0 bounds: (497,233),(515,234),(515,241),(497,240)
Pay 0.0 bounds: (457,244),(477,245),(477,257),(457,256)
& 0.0 bounds: (480,247),(485,247),(485,255),(480,255)
Parking 0.0 bounds: (489,245),(520,246),(520,258),(489,257)
FOUR 0.0 bounds: (593,363),(612,364),(611,373),(592,372)
WHEELER 0.0 bounds: (615,364),(644,366),(643,376),(614,374)
PAYG 0.0 bounds: (409,362),(442,363),(442,381),(409,380)
W" 0.0 bounds: (449,363),(470,363),(470,380),(449,380)
O 0.0 bounds: (476,362),(493,362),(493,380),(476,380)
PARK 0.0 bounds: (404,380),(444,380),(444,399),(404,399)
PA 0.0 bounds: (447,380),(457,380),(457,399),(447,399)
PAY&PARK 0.0 bounds: (591,398),(642,401),(641,422),(590,419)
