ritlees Sucs
becdne no
GANESH VEG
MAYO HALL
Coca-Cola
Coca-Cola
 0.0 bounds: (33,339),(352,339),(352,397),(33,397)
ritlees 0.0 bounds: (146,339),(194,341),(193,355),(145,353)
Sucs 0.0 bounds: (203,342),(236,344),(235,357),(202,355)
becdne 0.0 bounds: (151,354),(194,357),(193,368),(150,365)
no 0.0 bounds: (200,358),(225,360),(224,370),(199,368)
GANESH 0.0 bounds: (142,370),(200,372),(200,383),(142,381)
VEG 0.0 bounds: (206,374),(233,375),(233,384),(206,383)
MAYO 0.0 bounds: (150,386),(186,386),(186,396),(150,396)
HALL 0.0 bounds: (192,388),(223,388),(223,397),(192,397)
Coca-Cola 0.0 bounds: (36,341),(128,350),(125,378),(33,369)
Coca-Cola 0.0 bounds: (288,361),(352,366),(350,387),(286,382)
