जया बैंक
|भारत सरकर पपक्रम)
oreaveo
ITA
Sahs
VUAYA HOME LOAN
hicle Loa
www.
 0.0 bounds: (246,-5),(989,-5),(989,240),(246,240)
जया 0.0 bounds: (509,-5),(561,16),(555,31),(503,10)
बैंक 0.0 bounds: (565,18),(606,34),(600,48),(559,32)
|भारत 0.0 bounds: (474,9),(508,22),(505,29),(471,16)
सरकर 0.0 bounds: (510,22),(538,33),(534,42),(506,31)
पपक्रम) 0.0 bounds: (545,37),(585,53),(583,59),(542,44)
oreaveo 0.0 bounds: (274,27),(343,50),(340,59),(271,36)
ITA 0.0 bounds: (603,152),(624,157),(622,167),(601,162)
Sahs 0.0 bounds: (957,213),(989,230),(984,240),(952,223)
VUAYA 0.0 bounds: (375,133),(397,138),(396,143),(374,138)
HOME 0.0 bounds: (399,137),(418,141),(416,148),(397,144)
LOAN 0.0 bounds: (418,143),(434,147),(432,151),(417,148)
hicle 0.0 bounds: (249,111),(273,119),(270,128),(246,121)
Loa 0.0 bounds: (277,120),(293,125),(290,134),(274,129)
www. 0.0 bounds: (379,159),(393,162),(391,168),(378,165)
