Dasaprak
O BANGALORE CITY TRAFFIC POLICE
BANGALORE CITY TRAFFIC POLICE
dorielad d zod
O dorlelect rtd
BMMO
MENTS
BMMO
BMM O
CEMENTS
BMM O
BMM
సిచుంట్
R bos
TRIDENT RENAULT
 0.0 bounds: (170,177),(1020,177),(1020,490),(170,490)
Dasaprak 0.0 bounds: (842,179),(938,177),(938,195),(842,197)
O 0.0 bounds: (246,357),(257,357),(257,366),(246,366)
BANGALORE 0.0 bounds: (261,357),(289,356),(289,363),(261,364)
CITY 0.0 bounds: (291,357),(301,357),(301,362),(291,362)
TRAFFIC 0.0 bounds: (304,356),(322,355),(322,361),(304,362)
POLICE 0.0 bounds: (325,355),(341,354),(341,361),(325,362)
BANGALORE 0.0 bounds: (599,350),(642,350),(642,359),(599,359)
CITY 0.0 bounds: (645,352),(655,352),(655,358),(645,358)
TRAFFIC 0.0 bounds: (657,349),(678,349),(678,359),(657,359)
POLICE 0.0 bounds: (680,349),(697,349),(697,358),(680,358)
dorielad 0.0 bounds: (785,349),(810,348),(810,356),(785,357)
d 0.0 bounds: (814,348),(831,347),(831,354),(814,355)
zod 0.0 bounds: (833,347),(850,346),(850,354),(833,355)
O 0.0 bounds: (969,347),(973,347),(973,354),(969,354)
dorlelect 0.0 bounds: (972,345),(1000,344),(1000,351),(972,352)
rtd 0.0 bounds: (1003,346),(1016,346),(1016,351),(1003,351)
BMMO 0.0 bounds: (258,383),(325,386),(324,403),(257,400)
MENTS 0.0 bounds: (260,400),(303,399),(303,408),(260,409)
BMMO 0.0 bounds: (408,385),(457,389),(456,405),(407,401)
BMM 0.0 bounds: (615,382),(657,384),(656,401),(614,399)
O 0.0 bounds: (664,385),(681,386),(680,402),(663,401)
CEMENTS 0.0 bounds: (616,397),(656,397),(656,409),(616,409)
BMM 0.0 bounds: (791,383),(832,385),(831,401),(790,399)
O 0.0 bounds: (838,385),(856,386),(855,402),(837,401)
BMM 0.0 bounds: (977,382),(1020,382),(1020,398),(977,398)
సిచుంట్ 0.0 bounds: (792,400),(831,400),(831,406),(792,406)
R 0.0 bounds: (981,397),(986,397),(986,404),(981,404)
bos 0.0 bounds: (1002,396),(1014,396),(1014,403),(1002,403)
TRIDENT 0.0 bounds: (170,477),(220,459),(225,472),(175,490)
RENAULT 0.0 bounds: (226,460),(264,446),(267,456),(229,469)
