ఇల్లనితో
కయస్టోరో శ్లినితో
GE
8884
8074
19, 9449343046
CLINIC&
CER CLINIC
BLC. Cance ep
Bangabre S0
DR.COPPER
C Atmue
Te fan Ce
100%
EAS TO
IE CUDD CNce
UTW DL CHPPER
 0.0 bounds: (1,241),(1006,241),(1006,525),(1,525)
ఇల్లనితో 0.0 bounds: (1,264),(60,262),(61,292),(2,294)
కయస్టోరో 0.0 bounds: (1,296),(40,291),(43,315),(4,320)
శ్లినితో 0.0 bounds: (42,294),(76,289),(78,304),(44,309)
GE 0.0 bounds: (324,241),(350,241),(350,252),(324,252)
8884 0.0 bounds: (325,271),(352,270),(352,282),(325,283)
8074 0.0 bounds: (326,284),(353,281),(354,292),(327,295)
19, 0.0 bounds: (1,347),(13,345),(16,364),(4,366)
9449343046 0.0 bounds: (15,344),(75,334),(78,354),(18,364)
CLINIC& 0.0 bounds: (1,369),(67,356),(70,372),(4,386)
CER 0.0 bounds: (1,390),(24,385),(28,402),(4,407)
CLINIC 0.0 bounds: (33,383),(70,375),(74,393),(37,401)
BLC. 0.0 bounds: (3,409),(22,405),(23,414),(5,418)
Cance 0.0 bounds: (21,407),(38,403),(39,409),(22,413)
ep 0.0 bounds: (40,403),(60,399),(61,404),(41,408)
Bangabre 0.0 bounds: (1,420),(23,414),(26,424),(3,430)
S0 0.0 bounds: (25,414),(35,412),(37,420),(27,423)
DR.COPPER 0.0 bounds: (929,353),(1003,340),(1006,359),(932,372)
C 0.0 bounds: (962,367),(966,366),(967,372),(963,373)
Atmue 0.0 bounds: (987,363),(1000,361),(1001,369),(988,371)
Te 0.0 bounds: (937,398),(946,398),(946,408),(937,408)
fan 0.0 bounds: (948,397),(963,396),(963,406),(948,407)
Ce 0.0 bounds: (987,396),(996,396),(996,406),(987,406)
100% 0.0 bounds: (933,451),(952,451),(952,461),(933,461)
EAS 0.0 bounds: (938,487),(964,489),(963,496),(937,494)
TO 0.0 bounds: (966,489),(971,489),(970,497),(965,497)
IE 0.0 bounds: (928,499),(947,501),(947,505),(928,503)
CUDD 0.0 bounds: (951,501),(970,503),(969,509),(950,507)
CNce 0.0 bounds: (973,504),(993,506),(993,510),(973,508)
UTW 0.0 bounds: (930,507),(951,509),(950,521),(929,519)
DL 0.0 bounds: (953,510),(961,511),(960,522),(952,521)
CHPPER 0.0 bounds: (965,510),(993,513),(992,525),(964,522)
