cashiesst
WOWW RWD Ttons
Dose at
विजया बें
VIJAYA B
62daf A
Residency
 0.0 bounds: (750,89),(1022,89),(1022,444),(750,444)
cashiesst 0.0 bounds: (907,96),(940,89),(942,97),(909,104)
WOWW 0.0 bounds: (921,169),(940,165),(941,173),(923,177)
RWD 0.0 bounds: (941,166),(958,163),(959,170),(942,173)
Ttons 0.0 bounds: (960,162),(997,155),(999,163),(962,170)
Dose 0.0 bounds: (922,210),(942,206),(943,213),(923,217)
at 0.0 bounds: (944,205),(958,202),(959,210),(946,213)
विजया 0.0 bounds: (968,237),(1008,232),(1009,241),(969,247)
बें 0.0 bounds: (1013,231),(1021,230),(1022,240),(1014,241)
VIJAYA 0.0 bounds: (957,253),(1006,247),(1007,256),(958,263)
B 0.0 bounds: (1012,246),(1021,245),(1022,254),(1013,255)
62daf 0.0 bounds: (773,406),(811,407),(811,416),(773,415)
A 0.0 bounds: (818,409),(823,409),(823,416),(818,416)
Residency 0.0 bounds: (751,422),(831,426),(830,444),(750,440)
