WSEAT ROAD
Contact+9968503
The Mark Residences
NRLaymut Hamamunityag
 0.0 bounds: (139,28),(294,28),(294,159),(139,159)
WSEAT 0.0 bounds: (148,28),(215,52),(208,69),(142,45)
ROAD 0.0 bounds: (217,53),(240,62),(234,78),(211,70)
Contact+9968503 0.0 bounds: (143,67),(273,106),(269,119),(139,80)
The 0.0 bounds: (146,93),(180,102),(176,116),(142,106)
Mark 0.0 bounds: (184,103),(224,114),(221,126),(181,115)
Residences 0.0 bounds: (228,115),(294,134),(291,145),(225,127)
NRLaymut 0.0 bounds: (159,114),(205,126),(202,139),(156,127)
Hamamunityag 0.0 bounds: (209,127),(282,146),(279,159),(206,140)
