PAESTIGE
TOWERS
BHIVE
mscripts
VANCE
COVANEE
MR ENTR
 0.0 bounds: (77,169),(407,169),(407,388),(77,388)
PAESTIGE 0.0 bounds: (77,181),(115,169),(121,186),(82,198)
TOWERS 0.0 bounds: (79,200),(112,189),(118,206),(85,217)
BHIVE 0.0 bounds: (156,196),(194,202),(192,211),(155,205)
mscripts 0.0 bounds: (147,239),(188,246),(187,256),(145,249)
VANCE 0.0 bounds: (154,268),(192,268),(192,276),(154,276)
COVANEE 0.0 bounds: (166,300),(195,300),(195,305),(166,305)
MR 0.0 bounds: (335,377),(371,372),(372,383),(337,388)
ENTR 0.0 bounds: (383,369),(405,366),(407,378),(385,381)
