urJaby
PRAVEEN N
SUITINGS
aree Cenfer
Delent in A
FABRICS
KAVITA
Agencies
DZEPAK
EEPAK
 0.0 bounds: (-1,27),(787,27),(787,200),(-1,200)
urJaby 0.0 bounds: (14,129),(77,160),(62,189),(0,158)
PRAVEEN 0.0 bounds: (557,87),(609,90),(608,105),(556,102)
N 0.0 bounds: (612,90),(622,91),(621,105),(611,105)
SUITINGS 0.0 bounds: (281,160),(311,159),(311,166),(281,167)
aree 0.0 bounds: (670,155),(703,128),(714,142),(681,169)
Cenfer 0.0 bounds: (711,122),(752,88),(763,102),(722,136)
Delent 0.0 bounds: (691,158),(708,146),(714,155),(697,166)
in 0.0 bounds: (711,146),(713,144),(718,152),(716,153)
A 0.0 bounds: (718,142),(725,138),(728,143),(721,147)
FABRICS 0.0 bounds: (284,191),(310,189),(311,198),(285,200)
KAVITA 0.0 bounds: (554,158),(593,159),(592,174),(553,173)
Agencies 0.0 bounds: (551,178),(594,177),(594,189),(551,190)
DZEPAK 0.0 bounds: (642,147),(732,76),(745,93),(655,163)
EEPAK 0.0 bounds: (749,79),(772,28),(787,35),(765,86)
