SALE
UP TO S1% OFF
DULD YOU KILL
OU COULDNT
CENTRAL
ITCAUG
ISENCY A
JAMA AR ARTS EM, IRIUM
AR ARTS EMPORIUM
 0.0 bounds: (51,74),(918,74),(918,309),(51,309)
SALE 0.0 bounds: (865,76),(896,74),(897,86),(866,88)
UP 0.0 bounds: (865,91),(871,91),(871,97),(865,97)
TO 0.0 bounds: (875,89),(880,89),(880,96),(875,96)
S1% 0.0 bounds: (882,89),(891,89),(891,95),(882,96)
OFF 0.0 bounds: (894,89),(903,89),(903,93),(894,94)
DULD 0.0 bounds: (297,183),(328,177),(331,188),(299,195)
YOU 0.0 bounds: (331,175),(352,171),(354,184),(334,188)
KILL 0.0 bounds: (354,171),(375,167),(377,179),(356,183)
OU 0.0 bounds: (309,192),(324,190),(325,197),(310,199)
COULDNT 0.0 bounds: (327,190),(362,185),(363,192),(328,197)
CENTRAL 0.0 bounds: (879,138),(913,137),(913,152),(879,153)
ITCAUG 0.0 bounds: (308,202),(342,197),(343,203),(309,208)
ISENCY 0.0 bounds: (876,164),(905,163),(905,167),(876,168)
A 0.0 bounds: (909,163),(918,163),(918,166),(909,166)
JAMA 0.0 bounds: (51,299),(71,297),(72,307),(52,309)
AR 0.0 bounds: (77,296),(88,295),(89,305),(78,306)
ARTS 0.0 bounds: (91,294),(110,292),(111,303),(92,305)
EM, 0.0 bounds: (114,293),(130,291),(131,297),(115,299)
IRIUM 0.0 bounds: (133,292),(154,290),(154,295),(134,297)
AR 0.0 bounds: (203,283),(217,282),(217,289),(204,290)
ARTS 0.0 bounds: (221,281),(237,280),(238,288),(222,289)
EMPORIUM 0.0 bounds: (240,280),(275,277),(275,285),(241,288)
