Justdial
Chunbal
oppo
ONE APE
OR EVERYTHING
oppo
ASALE
SALE
SALE
EMDER 15
3001
 0.0 bounds: (648,54),(1001,54),(1001,533),(648,533)
Justdial 0.0 bounds: (648,97),(722,98),(722,116),(648,115)
Chunbal 0.0 bounds: (837,253),(875,218),(887,230),(848,266)
oppo 0.0 bounds: (931,346),(958,335),(961,344),(934,354)
ONE 0.0 bounds: (668,402),(689,402),(689,412),(668,412)
APE 0.0 bounds: (692,402),(704,402),(704,412),(692,412)
OR 0.0 bounds: (651,409),(670,410),(669,421),(650,420)
EVERYTHING 0.0 bounds: (674,411),(727,414),(726,425),(673,422)
oppo 0.0 bounds: (846,431),(876,421),(880,431),(850,441)
ASALE 0.0 bounds: (923,424),(962,412),(971,443),(932,455)
SALE 0.0 bounds: (890,462),(914,456),(918,469),(893,476)
SALE 0.0 bounds: (889,520),(914,519),(914,532),(889,533)
EMDER 0.0 bounds: (842,110),(871,69),(881,76),(853,117)
15 0.0 bounds: (875,70),(885,55),(891,59),(881,74)
3001 0.0 bounds: (909,191),(972,124),(1000,151),(937,218)
