I OLLOW
TRAFFIC HULES
SALE
LO YOU KILL
CENTRAL
CAUD
3875
 0.0 bounds: (94,60),(855,60),(855,326),(94,326)
I 0.0 bounds: (122,60),(129,61),(127,73),(120,72)
OLLOW 0.0 bounds: (131,61),(154,65),(151,78),(129,74)
TRAFFIC 0.0 bounds: (96,74),(136,81),(134,91),(94,84)
HULES 0.0 bounds: (139,83),(169,89),(168,98),(137,92)
SALE 0.0 bounds: (696,162),(715,161),(715,170),(696,171)
LO 0.0 bounds: (309,196),(331,194),(332,204),(310,206)
YOU 0.0 bounds: (333,193),(349,191),(350,202),(334,204)
KILL 0.0 bounds: (350,193),(366,191),(367,198),(351,200)
CENTRAL 0.0 bounds: (700,204),(722,203),(722,212),(700,213)
CAUD 0.0 bounds: (324,214),(343,211),(344,217),(325,220)
3875 0.0 bounds: (832,319),(855,319),(855,326),(832,326)
