formulated with immunity boosting
nutrients Selenium and Zinc
die
AA19
 0.0 bounds: (332,354),(597,354),(597,718),(332,718)
formulated 0.0 bounds: (332,361),(380,359),(380,370),(333,372)
with 0.0 bounds: (384,360),(403,359),(403,369),(384,370)
immunity 0.0 bounds: (407,359),(453,357),(454,370),(408,372)
boosting 0.0 bounds: (457,356),(503,354),(504,368),(458,370)
nutrients 0.0 bounds: (351,376),(387,374),(387,384),(352,386)
Selenium 0.0 bounds: (392,373),(433,371),(434,383),(393,385)
and 0.0 bounds: (438,370),(455,369),(456,381),(439,382)
Zinc 0.0 bounds: (459,369),(481,368),(482,380),(460,381)
die 0.0 bounds: (431,434),(444,434),(444,440),(431,440)
AA19 0.0 bounds: (545,702),(596,709),(595,717),(544,710)
