TRRCKA TRAIL
TRACK&TRAIL p
HERCULES SA LIDD
Alice
TAMANNA
Alice
VRPLAZA
 0.0 bounds: (109,55),(953,55),(953,361),(109,361)
TRRCKA 0.0 bounds: (109,59),(140,55),(141,63),(110,67)
TRAIL 0.0 bounds: (141,58),(161,56),(161,61),(142,63)
TRACK&TRAIL 0.0 bounds: (169,234),(239,252),(234,269),(165,250)
p 0.0 bounds: (293,267),(303,270),(298,286),(289,283)
HERCULES 0.0 bounds: (114,269),(150,275),(149,280),(113,274)
SA 0.0 bounds: (156,273),(170,275),(168,284),(155,282)
LIDD 0.0 bounds: (176,276),(201,280),(199,290),(174,286)
Alice 0.0 bounds: (691,290),(735,289),(735,302),(691,303)
TAMANNA 0.0 bounds: (906,352),(953,351),(953,360),(906,361)
Alice 0.0 bounds: (670,350),(701,349),(701,359),(670,360)
VRPLAZA 0.0 bounds: (355,116),(350,231),(332,230),(337,115)
