DECATHLON
cult.fit - 8ef.
TRAC
WE MAK
NO PARK NG
NO HALTING
CATHLON
లోబియలో
TOW AWAY ZONE
 0.0 bounds: (187,25),(564,25),(564,370),(187,370)
DECATHLON 0.0 bounds: (235,25),(310,68),(301,85),(226,41)
cult.fit 0.0 bounds: (226,113),(258,125),(254,136),(222,123)
- 0.0 bounds: (260,127),(267,130),(263,141),(256,138)
8ef. 0.0 bounds: (270,130),(289,137),(284,148),(266,141)
TRAC 0.0 bounds: (256,231),(289,239),(286,253),(253,246)
WE 0.0 bounds: (188,238),(200,240),(199,247),(187,245)
MAK 0.0 bounds: (205,240),(214,242),(212,250),(204,248)
NO 0.0 bounds: (190,241),(244,252),(241,265),(187,254)
PARK 0.0 bounds: (256,253),(283,259),(280,273),(253,268)
NG 0.0 bounds: (292,262),(307,265),(304,278),(289,275)
NO 0.0 bounds: (225,266),(242,269),(240,278),(223,275)
HALTING 0.0 bounds: (249,268),(303,279),(300,291),(246,281)
CATHLON 0.0 bounds: (457,314),(564,316),(563,338),(457,336)
లోబియలో 0.0 bounds: (512,354),(562,355),(562,369),(512,368)
TOW 0.0 bounds: (202,306),(231,311),(228,324),(200,319)
AWAY 0.0 bounds: (235,316),(264,321),(262,330),(233,325)
ZONE 0.0 bounds: (270,318),(301,323),(298,336),(268,331)
