GajendráE
Wholesale & Retail Cloth Merchants a cuor lgni
SOCIETY SILKS
SILKS
STRLE SULSIE
EETE CO
Padimini Silks
PHILIPS
ANA
IP
ADEEP
YAMAHA
 0.0 bounds: (-1,1),(1044,1),(1044,477),(-1,477)
GajendráE 0.0 bounds: (21,1),(261,96),(239,150),(0,55)
Wholesale 0.0 bounds: (15,69),(68,89),(63,104),(9,84)
& 0.0 bounds: (70,95),(76,97),(72,106),(67,104)
Retail 0.0 bounds: (81,92),(104,100),(98,115),(75,107)
Cloth 0.0 bounds: (108,103),(126,110),(121,124),(103,117)
Merchants 0.0 bounds: (130,110),(167,123),(161,138),(124,125)
a 0.0 bounds: (172,125),(180,128),(173,145),(166,142)
cuor 0.0 bounds: (195,139),(212,145),(209,154),(192,147)
lgni 0.0 bounds: (214,147),(234,154),(230,166),(210,158)
SOCIETY 0.0 bounds: (820,18),(854,11),(858,28),(824,36)
SILKS 0.0 bounds: (856,11),(879,6),(883,22),(860,28)
SILKS 0.0 bounds: (756,93),(802,88),(804,103),(758,109)
STRLE 0.0 bounds: (857,112),(904,80),(932,120),(885,152)
SULSIE 0.0 bounds: (906,78),(1016,3),(1043,43),(934,118)
EETE 0.0 bounds: (805,156),(840,133),(847,143),(811,166)
CO 0.0 bounds: (845,135),(857,127),(862,135),(850,143)
Padimini 0.0 bounds: (798,175),(836,153),(848,174),(810,196)
Silks 0.0 bounds: (839,153),(863,139),(874,158),(850,172)
PHILIPS 0.0 bounds: (989,157),(1019,150),(1021,160),(991,167)
ANA 0.0 bounds: (541,216),(555,216),(555,223),(541,223)
IP 0.0 bounds: (419,272),(460,273),(459,303),(418,302)
ADEEP 0.0 bounds: (431,301),(463,307),(461,322),(428,316)
YAMAHA 0.0 bounds: (167,469),(196,468),(196,476),(167,477)
