HOW CAN A
SNESS BAR
DE BUILT
18 MONTHS
EARLIERP
honor
NOF INFRA ONE
WHEREUILDNGS ARE
NANUPACTURED OFFSITE
 0.0 bounds: (697,112),(953,112),(953,401),(697,401)
HOW 0.0 bounds: (750,174),(770,165),(773,171),(753,180)
CAN 0.0 bounds: (774,160),(792,152),(796,161),(778,169)
A 0.0 bounds: (794,151),(799,149),(803,158),(798,160)
SNESS 0.0 bounds: (742,185),(777,170),(781,179),(746,194)
BAR 0.0 bounds: (778,168),(794,161),(798,171),(782,178)
DE 0.0 bounds: (760,189),(777,183),(780,193),(763,198)
BUILT 0.0 bounds: (778,182),(799,175),(803,186),(782,193)
18 0.0 bounds: (748,206),(763,200),(767,211),(752,216)
MONTHS 0.0 bounds: (765,199),(799,187),(803,199),(769,211)
EARLIERP 0.0 bounds: (754,216),(806,196),(811,207),(758,227)
honor 0.0 bounds: (898,135),(946,112),(952,125),(905,149)
NOF 0.0 bounds: (697,366),(713,363),(715,374),(699,377)
INFRA 0.0 bounds: (715,362),(732,359),(734,371),(717,374)
ONE 0.0 bounds: (734,359),(747,357),(749,367),(736,370)
WHEREUILDNGS 0.0 bounds: (701,376),(760,368),(762,380),(703,388)
ARE 0.0 bounds: (762,368),(774,366),(775,377),(763,379)
NANUPACTURED 0.0 bounds: (702,388),(753,381),(754,394),(704,401)
OFFSITE 0.0 bounds: (756,381),(782,377),(783,389),(758,393)
