O Sta
1800-26
- celel
mee
Potrair
 0.0 bounds: (973,126),(1023,126),(1023,362),(973,362)
O 0.0 bounds: (1004,126),(1009,126),(1009,138),(1004,138)
Sta 0.0 bounds: (1011,126),(1020,126),(1020,138),(1011,138)
1800-26 0.0 bounds: (982,154),(1023,154),(1023,162),(982,162)
- 0.0 bounds: (995,291),(1001,291),(1001,305),(995,305)
celel 0.0 bounds: (1003,291),(1021,291),(1021,305),(1003,305)
mee 0.0 bounds: (998,327),(1022,327),(1022,333),(998,333)
Potrair 0.0 bounds: (973,351),(1023,351),(1023,362),(973,362)
