traffline
C ae arts & s
Can't y
from Indirager
to Koramangala?
Auryou
 0.0 bounds: (147,441),(342,441),(342,529),(147,529)
traffline 0.0 bounds: (147,441),(233,443),(233,458),(147,456)
C 0.0 bounds: (150,458),(159,458),(159,465),(150,465)
ae 0.0 bounds: (170,459),(186,459),(186,462),(170,462)
arts 0.0 bounds: (190,461),(206,461),(206,466),(190,466)
& 0.0 bounds: (209,461),(212,461),(212,464),(209,464)
s 0.0 bounds: (248,460),(251,460),(251,467),(248,467)
Can't 0.0 bounds: (273,488),(296,488),(296,497),(273,497)
y 0.0 bounds: (298,488),(308,488),(308,497),(298,497)
from 0.0 bounds: (272,497),(292,498),(292,507),(272,506)
Indirager 0.0 bounds: (295,496),(342,497),(342,507),(295,506)
to 0.0 bounds: (269,507),(285,507),(285,517),(269,517)
Koramangala? 0.0 bounds: (287,507),(342,508),(342,519),(287,518)
Auryou 0.0 bounds: (267,520),(300,520),(300,529),(267,529)
