HCG
ETO
ETO
WHEN AYEA WAS 2 W
TREATED HR FOuop
WHEN SHEINED0.a
TREATEDU TO CAKE
Junction
Togethewn
 0.0 bounds: (40,42),(974,42),(974,321),(40,321)
HCG 0.0 bounds: (40,42),(73,42),(73,57),(40,57)
ETO 0.0 bounds: (776,160),(866,129),(878,164),(788,195)
ETO 0.0 bounds: (900,165),(973,164),(973,197),(901,198)
WHEN 0.0 bounds: (142,255),(160,255),(160,262),(142,262)
AYEA 0.0 bounds: (162,255),(184,255),(184,262),(162,262)
WAS 0.0 bounds: (186,255),(200,255),(200,262),(186,262)
2 0.0 bounds: (203,255),(207,255),(207,262),(203,262)
W 0.0 bounds: (209,254),(213,254),(213,261),(209,261)
TREATED 0.0 bounds: (142,262),(168,262),(168,270),(142,270)
HR 0.0 bounds: (170,262),(183,262),(183,270),(170,270)
FOuop 0.0 bounds: (179,262),(220,262),(220,270),(179,270)
WHEN 0.0 bounds: (141,272),(161,272),(161,279),(141,279)
SHEINED0.a 0.0 bounds: (163,271),(218,270),(218,278),(163,279)
TREATEDU 0.0 bounds: (138,282),(173,280),(173,287),(138,289)
TO 0.0 bounds: (180,280),(185,280),(185,287),(180,287)
CAKE 0.0 bounds: (194,279),(205,278),(205,285),(194,286)
Junction 0.0 bounds: (791,201),(865,182),(869,199),(795,218)
Togethewn 0.0 bounds: (138,312),(194,311),(194,320),(138,321)
