DECITHC
Space
Available
1300
stowe
9199020 99205
DECIT
NISSAN
 0.0 bounds: (341,116),(1023,116),(1023,328),(341,328)
DECITHC 0.0 bounds: (728,116),(783,127),(779,144),(725,133)
Space 0.0 bounds: (356,143),(412,150),(408,175),(353,168)
Available 0.0 bounds: (348,160),(435,174),(430,203),(343,190)
1300 0.0 bounds: (357,189),(377,191),(376,203),(356,201)
stowe 0.0 bounds: (383,196),(414,199),(413,207),(382,204)
9199020 0.0 bounds: (343,209),(394,216),(392,228),(341,221)
99205 0.0 bounds: (397,217),(428,221),(426,233),(395,229)
DECIT 0.0 bounds: (960,306),(1021,300),(1023,322),(962,328)
NISSAN 0.0 bounds: (344,260),(430,271),(429,285),(342,275)
