బాంబి ల
BOMBAY
LAKSHMI
TEXTILES
GARMENTS
hneider
CElectric
RAYMOND
WEDDING SUIT
ALITY
 0.0 bounds: (-1,50),(419,50),(419,296),(-1,296)
బాంబి 0.0 bounds: (178,50),(213,52),(212,72),(177,70)
ల 0.0 bounds: (215,52),(226,53),(225,72),(214,71)
BOMBAY 0.0 bounds: (165,89),(260,89),(260,111),(165,111)
LAKSHMI 0.0 bounds: (166,117),(258,116),(258,142),(166,143)
TEXTILES 0.0 bounds: (179,149),(255,147),(255,166),(179,168)
GARMENTS 0.0 bounds: (176,177),(261,175),(261,195),(176,197)
hneider 0.0 bounds: (2,185),(69,192),(67,210),(0,203)
CElectric 0.0 bounds: (1,199),(68,206),(66,219),(0,212)
RAYMOND 0.0 bounds: (185,205),(249,204),(249,215),(185,216)
WEDDING 0.0 bounds: (190,217),(235,217),(235,230),(190,230)
SUIT 0.0 bounds: (240,217),(263,217),(263,229),(240,229)
ALITY 0.0 bounds: (394,290),(419,290),(419,296),(394,296)
