Balaji's TA.PManor
మొక్టో ఫనాన్నా
Muthoot Fhance
VISHAL
 0.0 bounds: (27,197),(566,197),(566,390),(27,390)
Balaji's 0.0 bounds: (38,220),(74,212),(77,227),(41,235)
TA.PManor 0.0 bounds: (77,211),(139,197),(142,211),(80,225)
మొక్టో 0.0 bounds: (27,369),(67,362),(69,372),(29,379)
ఫనాన్నా 0.0 bounds: (71,361),(102,356),(103,366),(73,372)
Muthoot 0.0 bounds: (28,380),(58,374),(60,384),(30,390)
Fhance 0.0 bounds: (62,374),(91,368),(93,378),(64,384)
VISHAL 0.0 bounds: (522,332),(558,312),(566,325),(530,346)
