style
THE YLG
100%
SALE
NAVRATHAN
PAY & PAN
FR OF TE GATE
 0.0 bounds: (673,59),(910,59),(910,414),(673,414)
style 0.0 bounds: (689,59),(705,59),(705,67),(689,67)
THE 0.0 bounds: (679,69),(698,69),(698,80),(679,80)
YLG 0.0 bounds: (700,68),(712,68),(712,79),(700,79)
100% 0.0 bounds: (675,78),(712,77),(712,89),(675,90)
SALE 0.0 bounds: (673,87),(712,86),(713,102),(674,103)
NAVRATHAN 0.0 bounds: (741,173),(825,165),(826,176),(742,184)
PAY 0.0 bounds: (850,340),(869,338),(870,349),(851,351)
& 0.0 bounds: (873,339),(882,338),(883,348),(874,349)
PAN 0.0 bounds: (886,338),(904,336),(905,346),(887,348)
FR 0.0 bounds: (846,404),(855,404),(855,414),(846,414)
OF 0.0 bounds: (870,404),(881,404),(881,414),(870,414)
TE 0.0 bounds: (883,404),(894,404),(894,414),(883,414)
GATE 0.0 bounds: (896,404),(910,404),(910,414),(896,414)
