EaseMyT
ECE & INS RY
56EE
SEXUAL
OFF
SIORAKARS SETTY CR JANARDRANA
PG
4000
96450884
PG
4000
 0.0 bounds: (44,86),(915,86),(915,762),(44,762)
EaseMyT 0.0 bounds: (84,86),(128,99),(125,111),(80,99)
ECE 0.0 bounds: (148,218),(193,218),(193,232),(148,232)
& 0.0 bounds: (191,218),(203,218),(203,229),(191,229)
INS 0.0 bounds: (206,218),(237,218),(237,232),(206,232)
RY 0.0 bounds: (249,218),(269,218),(269,231),(249,231)
56EE 0.0 bounds: (44,335),(120,334),(120,348),(44,349)
SEXUAL 0.0 bounds: (355,381),(380,381),(380,392),(355,392)
OFF 0.0 bounds: (409,399),(440,398),(440,408),(409,409)
SIORAKARS 0.0 bounds: (193,419),(224,418),(224,423),(193,424)
SETTY 0.0 bounds: (228,418),(245,417),(245,422),(228,423)
CR 0.0 bounds: (254,417),(261,417),(261,422),(254,422)
JANARDRANA 0.0 bounds: (264,418),(296,417),(296,422),(264,423)
PG 0.0 bounds: (830,517),(889,517),(889,550),(830,550)
4000 0.0 bounds: (837,549),(884,549),(884,571),(837,571)
96450884 0.0 bounds: (840,574),(884,572),(885,585),(841,587)
PG 0.0 bounds: (856,699),(915,702),(913,741),(854,738)
4000 0.0 bounds: (861,735),(906,740),(903,762),(859,757)
