143
Sony Center
ROW
MOCH
EY
ARROW
ocs
 0.0 bounds: (-1,176),(842,176),(842,355),(-1,355)
143 0.0 bounds: (650,180),(704,176),(706,212),(653,216)
Sony 0.0 bounds: (361,208),(386,209),(386,219),(361,218)
Center 0.0 bounds: (391,210),(424,211),(424,219),(391,218)
ROW 0.0 bounds: (729,256),(756,247),(762,265),(735,274)
MOCH 0.0 bounds: (7,266),(111,281),(103,332),(0,316)
EY 0.0 bounds: (181,308),(191,309),(190,320),(180,319)
ARROW 0.0 bounds: (800,310),(842,307),(842,312),(800,315)
ocs 0.0 bounds: (90,345),(115,346),(115,355),(90,354)
