30omo a
SMOR VSUANTHAAN SETTY SSONS
SNDAL WOOD HANDICRAFT
AGARA e.
Awar n brahe
1858
 0.0 bounds: (165,78),(270,78),(270,151),(165,151)
30omo 0.0 bounds: (176,78),(214,80),(213,94),(175,92)
a 0.0 bounds: (237,82),(251,83),(250,96),(236,95)
SMOR 0.0 bounds: (166,94),(189,96),(188,110),(165,108)
VSUANTHAAN 0.0 bounds: (191,95),(231,98),(230,112),(190,109)
SETTY 0.0 bounds: (233,98),(249,99),(248,113),(232,112)
SSONS 0.0 bounds: (251,99),(270,100),(269,114),(250,113)
SNDAL 0.0 bounds: (174,114),(197,116),(196,126),(173,124)
WOOD 0.0 bounds: (200,116),(218,117),(217,126),(199,125)
HANDICRAFT 0.0 bounds: (221,117),(262,120),(261,130),(220,127)
AGARA 0.0 bounds: (190,126),(223,128),(223,135),(190,133)
e. 0.0 bounds: (240,129),(243,129),(243,136),(240,136)
Awar 0.0 bounds: (179,136),(208,138),(208,145),(179,143)
n 0.0 bounds: (222,139),(224,139),(224,145),(222,145)
brahe 0.0 bounds: (225,142),(242,143),(242,147),(225,146)
1858 0.0 bounds: (170,145),(207,145),(207,151),(170,151)
