్యా
SILKS
Y SAREES
man
AW
A KANCHI -co olrupal
DHOTI
SHIR
ASRI DEVI SILKS
PASHUPATHI S
 0.0 bounds: (-1,7),(866,7),(866,595),(-1,595)
్యా 0.0 bounds: (157,7),(184,32),(176,40),(149,15)
SILKS 0.0 bounds: (126,20),(230,103),(205,134),(101,51)
Y 0.0 bounds: (73,24),(90,37),(72,61),(55,48)
SAREES 0.0 bounds: (93,41),(183,110),(164,134),(75,65)
man 0.0 bounds: (780,362),(812,362),(812,372),(780,372)
AW 0.0 bounds: (157,297),(173,302),(170,312),(154,308)
A 0.0 bounds: (71,281),(79,284),(75,296),(67,293)
KANCHI 0.0 bounds: (85,287),(125,301),(120,313),(81,299)
-co 0.0 bounds: (127,300),(159,312),(154,325),(122,313)
olrupal 0.0 bounds: (187,322),(228,337),(224,350),(182,335)
DHOTI 0.0 bounds: (831,572),(863,570),(863,580),(832,582)
SHIR 0.0 bounds: (841,585),(865,583),(866,593),(842,595)
ASRI 0.0 bounds: (9,279),(72,301),(63,328),(0,306)
DEVI 0.0 bounds: (76,303),(129,321),(121,345),(68,327)
SILKS 0.0 bounds: (132,321),(182,338),(172,367),(122,349)
PASHUPATHI 0.0 bounds: (56,486),(105,524),(93,539),(44,501)
S 0.0 bounds: (105,527),(111,531),(100,545),(94,540)
