SERVE
VOLLEY
P: 253279n
00
FREE
Specsmake
BMTC
EYE
FREE
LENSES
 0.0 bounds: (77,88),(1021,88),(1021,256),(77,256)
SERVE 0.0 bounds: (77,162),(239,149),(241,185),(80,198)
VOLLEY 0.0 bounds: (83,197),(238,184),(241,213),(85,226)
P: 0.0 bounds: (122,222),(144,220),(145,231),(123,233)
253279n 0.0 bounds: (151,216),(205,210),(206,224),(152,230)
00 0.0 bounds: (863,107),(875,101),(879,109),(867,115)
FREE 0.0 bounds: (901,95),(919,88),(923,99),(905,106)
Specsmake 0.0 bounds: (844,124),(897,101),(904,118),(851,141)
BMTC 0.0 bounds: (380,248),(408,246),(409,254),(381,256)
EYE 0.0 bounds: (858,182),(882,177),(886,194),(862,200)
FREE 0.0 bounds: (988,223),(1018,220),(1019,231),(989,234)
LENSES 0.0 bounds: (993,235),(1020,233),(1020,240),(993,242)
