NO PARKING
NO HALTING
86
7OW AVWAAY ZUDNE
 0.0 bounds: (816,247),(929,247),(929,346),(816,346)
NO 0.0 bounds: (819,263),(844,259),(846,274),(821,278)
PARKING 0.0 bounds: (850,258),(919,247),(922,261),(852,273)
NO 0.0 bounds: (828,278),(858,273),(860,288),(830,293)
HALTING 0.0 bounds: (863,272),(918,263),(921,278),(865,287)
86 0.0 bounds: (828,297),(882,291),(884,318),(831,324)
7OW 0.0 bounds: (816,331),(853,327),(854,342),(818,346)
AVWAAY 0.0 bounds: (855,326),(893,322),(895,338),(857,342)
ZUDNE 0.0 bounds: (895,324),(928,320),(929,332),(896,336)
