trouucin
0prents
58% n they
started saving ear
for Child's education
JEWELLERS SINCE 1954
యెండో
THE
Räymond
SHOP
NAVRATHA
JEWELLER
PVT. LTD.
DIAMOND I PLATIMUN I ANT
 0.0 bounds: (517,39),(1023,39),(1023,347),(517,347)
trouucin 0.0 bounds: (748,42),(778,39),(779,48),(749,51)
0prents 0.0 bounds: (645,162),(688,161),(688,168),(645,169)
58% 0.0 bounds: (616,166),(654,167),(654,178),(616,177)
n 0.0 bounds: (661,167),(675,167),(675,178),(661,178)
they 0.0 bounds: (677,167),(691,167),(691,179),(677,179)
started 0.0 bounds: (616,180),(646,180),(646,189),(616,189)
saving 0.0 bounds: (650,181),(679,181),(679,189),(650,189)
ear 0.0 bounds: (683,179),(704,179),(704,188),(683,188)
for 0.0 bounds: (615,193),(622,193),(622,198),(615,198)
Child's 0.0 bounds: (625,191),(653,190),(653,197),(625,198)
education 0.0 bounds: (658,188),(711,186),(711,195),(658,197)
JEWELLERS 0.0 bounds: (881,209),(948,212),(947,225),(880,222)
SINCE 0.0 bounds: (955,214),(991,216),(990,226),(955,224)
1954 0.0 bounds: (1000,216),(1023,217),(1022,228),(999,227)
యెండో 0.0 bounds: (517,210),(577,210),(577,236),(517,236)
THE 0.0 bounds: (675,212),(690,212),(690,217),(675,217)
Räymond 0.0 bounds: (675,215),(747,216),(747,245),(675,244)
SHOP 0.0 bounds: (715,238),(747,238),(747,245),(715,245)
NAVRATHA 0.0 bounds: (854,239),(1023,248),(1022,269),(853,260)
JEWELLER 0.0 bounds: (859,270),(1021,279),(1020,299),(858,290)
PVT. 0.0 bounds: (902,301),(945,304),(944,318),(901,315)
LTD. 0.0 bounds: (955,304),(998,307),(997,321),(954,318)
DIAMOND 0.0 bounds: (878,331),(928,334),(927,341),(878,338)
I 0.0 bounds: (933,333),(937,333),(936,343),(932,343)
PLATIMUN 0.0 bounds: (939,335),(994,338),(993,345),(939,342)
I 0.0 bounds: (999,336),(1005,336),(1004,346),(998,346)
ANT 0.0 bounds: (1005,340),(1023,341),(1023,347),(1005,346)
