SHOP
H
T
THT
58% they
started saving early
for Child's education
parents
COTTAGE INDUST
Have you started vet?
 0.0 bounds: (442,28),(996,28),(996,212),(442,212)
SHOP 0.0 bounds: (907,29),(996,28),(996,49),(907,50)
H 0.0 bounds: (446,158),(467,157),(467,168),(447,169)
T 0.0 bounds: (449,169),(468,169),(468,180),(449,180)
THT 0.0 bounds: (442,182),(467,182),(467,195),(442,195)
58% 0.0 bounds: (498,160),(542,159),(542,174),(498,175)
they 0.0 bounds: (550,158),(582,157),(582,170),(550,171)
started 0.0 bounds: (499,178),(534,176),(534,184),(500,186)
saving 0.0 bounds: (538,176),(571,174),(571,182),(539,184)
early 0.0 bounds: (576,172),(601,170),(602,179),(577,181)
for 0.0 bounds: (499,191),(508,190),(508,195),(499,196)
Child's 0.0 bounds: (511,188),(544,186),(544,193),(511,195)
education 0.0 bounds: (548,185),(600,182),(600,189),(548,192)
parents 0.0 bounds: (543,155),(581,152),(581,159),(543,162)
COTTAGE 0.0 bounds: (687,150),(731,114),(746,131),(702,168)
INDUST 0.0 bounds: (733,113),(778,76),(792,94),(748,131)
Have 0.0 bounds: (498,206),(512,205),(512,211),(499,212)
you 0.0 bounds: (514,204),(523,203),(524,210),(515,211)
started 0.0 bounds: (525,203),(543,201),(544,208),(526,210)
vet? 0.0 bounds: (546,201),(556,200),(557,207),(547,208)
