WANTHI
EDICALS
లనిధి జనివేలకో,
SRINIDHI JEWELLERS
ark
A BIS 818 hallmark Gold Jewlary & Sivw Artiden T VIC
KAMAT HOTE
es
DHI
LERS
Sler Aices
 0.0 bounds: (1,186),(566,186),(566,325),(1,325)
WANTHI 0.0 bounds: (284,193),(313,191),(314,200),(285,202)
EDICALS 0.0 bounds: (283,204),(310,202),(311,213),(284,215)
లనిధి 0.0 bounds: (75,186),(139,206),(131,230),(67,210)
జనివేలకో, 0.0 bounds: (141,207),(217,231),(209,256),(133,232)
SRINIDHI 0.0 bounds: (55,214),(150,239),(143,264),(48,239)
JEWELLERS 0.0 bounds: (152,240),(238,263),(231,288),(145,265)
ark 0.0 bounds: (1,235),(11,235),(11,242),(1,242)
A 0.0 bounds: (80,254),(86,255),(83,266),(77,265)
BIS 0.0 bounds: (88,255),(100,258),(97,269),(85,266)
818 0.0 bounds: (102,258),(113,261),(110,271),(99,269)
hallmark 0.0 bounds: (115,261),(143,268),(140,280),(112,273)
Gold 0.0 bounds: (144,268),(160,272),(158,284),(141,280)
Jewlary 0.0 bounds: (162,273),(187,279),(184,291),(159,285)
& 0.0 bounds: (189,280),(193,281),(190,292),(186,291)
Sivw 0.0 bounds: (195,281),(207,284),(204,296),(192,293)
Artiden 0.0 bounds: (210,285),(227,289),(225,300),(207,296)
T 0.0 bounds: (251,295),(263,298),(260,309),(248,306)
VIC 0.0 bounds: (269,300),(285,304),(283,315),(266,311)
KAMAT 0.0 bounds: (529,266),(549,264),(550,273),(530,275)
HOTE 0.0 bounds: (552,265),(565,264),(566,271),(553,272)
es 0.0 bounds: (1,259),(13,259),(13,265),(1,265)
DHI 0.0 bounds: (1,281),(28,277),(31,298),(4,302)
LERS 0.0 bounds: (1,301),(31,299),(32,318),(2,320)
Sler 0.0 bounds: (110,313),(126,315),(125,321),(109,319)
Aices 0.0 bounds: (128,314),(150,317),(149,324),(127,321)
