agt
మెల బ్యూయలరీ యన
SRI Kamala
JEWELLERY HOUSE
Lasmi Chains ae
V.ANANTHAPADMANABAM L SON
JEWELLERS
DOWLERS
RANGANATHA MANSON
 0.0 bounds: (55,112),(679,112),(679,315),(55,315)
agt 0.0 bounds: (567,112),(600,124),(596,135),(563,123)
మెల 0.0 bounds: (63,126),(126,139),(120,165),(58,152)
బ్యూయలరీ 0.0 bounds: (142,142),(222,158),(217,185),(137,168)
యన 0.0 bounds: (232,160),(289,171),(285,192),(228,181)
SRI 0.0 bounds: (59,165),(103,173),(99,196),(55,189)
Kamala 0.0 bounds: (112,165),(294,196),(288,235),(105,204)
JEWELLERY 0.0 bounds: (105,206),(219,223),(216,241),(102,225)
HOUSE 0.0 bounds: (230,225),(292,234),(289,255),(227,246)
Lasmi 0.0 bounds: (516,244),(553,251),(551,265),(513,259)
Chains 0.0 bounds: (558,251),(592,257),(589,276),(555,270)
ae 0.0 bounds: (639,266),(678,273),(675,290),(636,283)
V.ANANTHAPADMANABAM 0.0 bounds: (350,242),(477,261),(474,281),(347,262)
L 0.0 bounds: (479,263),(486,264),(483,282),(476,281)
SON 0.0 bounds: (487,263),(501,265),(498,284),(484,282)
JEWELLERS 0.0 bounds: (396,270),(464,279),(463,290),(394,281)
DOWLERS 0.0 bounds: (615,294),(664,302),(662,315),(613,307)
RANGANATHA 0.0 bounds: (510,289),(558,295),(556,308),(508,302)
MANSON 0.0 bounds: (562,296),(587,299),(585,310),(561,307)
