DIESE
DELIVERY
RTRUCKS GENERA
mypet olpum
280 88 9
 0.0 bounds: (935,246),(1024,246),(1024,411),(935,411)
DIESE 0.0 bounds: (937,268),(1011,246),(1024,289),(950,311)
DELIVERY 0.0 bounds: (942,313),(1014,295),(1019,316),(947,334)
RTRUCKS 0.0 bounds: (935,336),(983,327),(986,343),(938,352)
GENERA 0.0 bounds: (985,327),(1019,321),(1022,336),(988,343)
mypet 0.0 bounds: (953,378),(983,376),(984,397),(954,399)
olpum 0.0 bounds: (985,375),(1020,373),(1021,395),(986,397)
280 0.0 bounds: (979,398),(997,398),(997,411),(979,411)
88 0.0 bounds: (1001,400),(1013,400),(1013,411),(1001,411)
9 0.0 bounds: (1017,398),(1023,398),(1023,411),(1017,411)
