DIVINE
IN
PEDIATRIC
LINIC
PDI
oston
FOLYCLINIC
LAB
 0.0 bounds: (0,186),(847,186),(847,436),(0,436)
DIVINE 0.0 bounds: (60,187),(88,186),(88,197),(60,198)
IN 0.0 bounds: (58,222),(74,222),(74,232),(58,232)
PEDIATRIC 0.0 bounds: (41,257),(83,256),(83,263),(41,264)
LINIC 0.0 bounds: (3,338),(31,345),(28,357),(0,350)
PDI 0.0 bounds: (815,350),(825,349),(826,356),(816,357)
oston 0.0 bounds: (825,362),(846,359),(847,364),(826,368)
FOLYCLINIC 0.0 bounds: (30,398),(78,398),(78,409),(30,409)
LAB 0.0 bounds: (32,422),(79,422),(79,436),(32,436)
