92 FM 92.7 FM
M A Me
HE E
BMTC
P1LL
 0.0 bounds: (87,360),(707,360),(707,546),(87,546)
92 0.0 bounds: (553,369),(586,367),(587,386),(554,388)
FM 0.0 bounds: (591,366),(622,364),(623,383),(592,385)
92.7 0.0 bounds: (625,364),(667,362),(668,384),(626,386)
FM 0.0 bounds: (669,362),(696,360),(697,382),(670,384)
M 0.0 bounds: (584,399),(601,398),(601,408),(584,409)
A 0.0 bounds: (614,394),(647,392),(648,411),(615,413)
Me 0.0 bounds: (661,392),(706,390),(707,409),(662,411)
HE 0.0 bounds: (88,425),(112,426),(111,441),(87,440)
E 0.0 bounds: (130,427),(147,428),(146,443),(129,442)
BMTC 0.0 bounds: (112,442),(169,445),(168,456),(111,453)
P1LL 0.0 bounds: (98,539),(138,539),(138,546),(98,546)
