dida
B-TRAC
BROC
Bww.
AKSHITHH
|更
書 ■
 0.0 bounds: (52,5),(828,5),(828,567),(52,567)
dida 0.0 bounds: (642,234),(663,234),(663,243),(642,243)
B-TRAC 0.0 bounds: (757,236),(825,223),(828,240),(760,253)
BROC 0.0 bounds: (651,280),(683,276),(684,285),(652,289)
Bww. 0.0 bounds: (527,501),(565,500),(565,509),(527,510)
AKSHITHH 0.0 bounds: (52,559),(92,559),(92,567),(52,567)
| 0.0 bounds: (175,5),(175,26),(157,26),(157,5)
更 0.0 bounds: (173,24),(173,40),(160,40),(160,24)
書 0.0 bounds: (97,20),(96,90),(80,90),(81,20)
■ 0.0 bounds: (96,123),(96,152),(80,152),(80,123)
