Lacile dorndad Aru
HOTEL
BANGALORE GATE
YRBU DEY ADIGA'S
 0.0 bounds: (587,152),(733,152),(733,244),(587,244)
Lacile 0.0 bounds: (587,163),(615,161),(615,168),(587,170)
dorndad 0.0 bounds: (622,161),(653,159),(653,165),(622,167)
Aru 0.0 bounds: (658,159),(673,158),(673,163),(658,164)
HOTEL 0.0 bounds: (695,155),(731,152),(731,159),(696,162)
BANGALORE 0.0 bounds: (587,176),(682,169),(683,182),(588,189)
GATE 0.0 bounds: (690,169),(732,166),(733,179),(691,182)
YRBU 0.0 bounds: (634,227),(664,225),(665,242),(635,244)
DEY 0.0 bounds: (666,225),(685,224),(686,241),(667,242)
ADIGA'S 0.0 bounds: (686,225),(723,223),(724,239),(687,241)
