istavar
VS ASSOCIATES
we
eader mer sout
Bhuramal Rajmal Suranaor
Kndan, ddou, Mon & Diamond Jowlery
JAIPUR BENGALURU KOLKATA
deco C
MITHILA S.R. GOPAL RAO
Fos Lighting
 0.0 bounds: (365,15),(976,15),(976,234),(365,234)
istavar 0.0 bounds: (390,50),(420,38),(423,47),(394,59)
VS 0.0 bounds: (578,46),(601,37),(607,51),(583,60)
ASSOCIATES 0.0 bounds: (603,37),(661,15),(666,29),(608,51)
we 0.0 bounds: (438,134),(458,129),(460,134),(440,140)
eader 0.0 bounds: (806,115),(843,108),(845,116),(808,123)
mer 0.0 bounds: (873,98),(887,95),(889,105),(875,108)
sout 0.0 bounds: (890,97),(914,92),(915,99),(891,104)
Bhuramal 0.0 bounds: (752,132),(818,120),(822,141),(756,153)
Rajmal 0.0 bounds: (820,120),(877,110),(881,130),(823,140)
Suranaor 0.0 bounds: (882,109),(973,93),(976,113),(885,129)
Kndan, 0.0 bounds: (761,153),(790,148),(791,157),(763,162)
ddou, 0.0 bounds: (792,148),(816,144),(817,152),(793,156)
Mon 0.0 bounds: (819,139),(839,136),(841,149),(821,153)
& 0.0 bounds: (864,134),(870,133),(871,141),(865,142)
Diamond 0.0 bounds: (873,132),(912,125),(914,135),(875,142)
Jowlery 0.0 bounds: (916,125),(965,117),(967,127),(918,136)
JAIPUR 0.0 bounds: (779,159),(811,154),(813,167),(781,172)
BENGALURU 0.0 bounds: (823,153),(877,145),(879,156),(825,165)
KOLKATA 0.0 bounds: (891,142),(933,136),(934,147),(893,154)
deco 0.0 bounds: (463,189),(501,182),(503,190),(464,197)
C 0.0 bounds: (506,182),(520,179),(521,186),(507,189)
MITHILA 0.0 bounds: (365,215),(435,204),(438,222),(368,234)
S.R. 0.0 bounds: (437,203),(461,199),(464,219),(440,223)
GOPAL 0.0 bounds: (464,199),(500,193),(503,212),(467,218)
RAO 0.0 bounds: (504,194),(531,190),(533,205),(507,210)
Fos 0.0 bounds: (594,184),(606,182),(607,190),(595,192)
Lighting 0.0 bounds: (609,181),(638,177),(639,187),(610,191)
