దోమ్మెలూు
1 DOMLUR
జె.ఆరో.పరం
hEnlEGOWDA BUS ST
20.28. d
K.R. PURAM
బ్రినిబి త్యాట
TRINITY CIRCLE
ULSOOR
M.G. ROAD
Idea
 0.0 bounds: (240,125),(1023,125),(1023,340),(240,340)
దోమ్మెలూు 0.0 bounds: (433,127),(564,125),(564,144),(433,146)
1 0.0 bounds: (418,144),(435,145),(434,161),(417,160)
DOMLUR 0.0 bounds: (432,146),(530,150),(529,164),(431,160)
జె.ఆరో.పరం 0.0 bounds: (243,126),(362,127),(362,145),(243,144)
hEnlEGOWDA 0.0 bounds: (855,144),(960,143),(960,159),(855,160)
BUS 0.0 bounds: (970,144),(1000,144),(1000,159),(970,159)
ST 0.0 bounds: (1006,146),(1023,146),(1023,157),(1006,157)
20.28. 0.0 bounds: (850,168),(904,168),(904,178),(850,178)
d 0.0 bounds: (914,166),(936,166),(936,182),(914,182)
K.R. 0.0 bounds: (241,150),(277,150),(277,160),(241,160)
PURAM 0.0 bounds: (285,150),(353,150),(353,160),(285,160)
బ్రినిబి 0.0 bounds: (431,171),(486,170),(486,184),(431,185)
త్యాట 0.0 bounds: (501,169),(548,168),(548,183),(501,184)
TRINITY 0.0 bounds: (431,190),(495,190),(495,199),(431,199)
CIRCLE 0.0 bounds: (505,186),(562,186),(562,199),(505,199)
ULSOOR 0.0 bounds: (240,188),(324,188),(324,198),(240,198)
M.G. 0.0 bounds: (849,187),(882,187),(882,197),(849,197)
ROAD 0.0 bounds: (889,187),(932,187),(932,198),(889,198)
Idea 0.0 bounds: (661,334),(678,334),(678,340),(661,340)
