20%
OFF
ON LENSES
FOR EVERYONE
ZM Lawrence & Mayo
Doyee
Barton Centre, MG Road
Kaushik
 0.0 bounds: (254,-2),(862,-2),(862,282),(254,282)
20% 0.0 bounds: (728,25),(814,-2),(827,40),(741,67)
OFF 0.0 bounds: (798,33),(819,27),(823,41),(802,47)
ON 0.0 bounds: (743,62),(768,56),(772,73),(747,79)
LENSES 0.0 bounds: (770,59),(827,46),(829,57),(772,70)
FOR 0.0 bounds: (746,82),(766,77),(768,85),(748,90)
EVERYONE 0.0 bounds: (772,75),(831,62),(833,71),(774,84)
ZM 0.0 bounds: (732,114),(750,112),(752,128),(734,130)
Lawrence 0.0 bounds: (756,112),(808,105),(809,116),(757,123)
& 0.0 bounds: (811,104),(819,103),(820,114),(812,115)
Mayo 0.0 bounds: (824,103),(852,99),(854,114),(826,118)
Doyee 0.0 bounds: (254,248),(286,246),(286,251),(254,253)
Barton 0.0 bounds: (742,147),(773,143),(774,152),(743,156)
Centre, 0.0 bounds: (778,142),(812,138),(813,148),(779,152)
MG 0.0 bounds: (815,138),(834,136),(835,144),(816,147)
Road 0.0 bounds: (837,135),(861,132),(862,141),(838,144)
Kaushik 0.0 bounds: (368,275),(395,256),(400,263),(373,282)
