SREE MANIUNATHA KRUPA
No.85-88
LALBACH ROAD
BANGALORE - 560 027
 0.0 bounds: (103,481),(180,481),(180,547),(103,547)
SREE 0.0 bounds: (112,481),(131,484),(128,500),(109,497)
MANIUNATHA 0.0 bounds: (133,485),(163,490),(160,506),(130,501)
KRUPA 0.0 bounds: (164,491),(180,494),(177,510),(161,507)
No.85-88 0.0 bounds: (116,514),(168,522),(167,530),(115,522)
LALBACH 0.0 bounds: (117,526),(143,528),(142,534),(116,532)
ROAD 0.0 bounds: (146,527),(159,528),(158,535),(145,534)
BANGALORE 0.0 bounds: (104,533),(140,537),(139,544),(103,540)
- 0.0 bounds: (142,542),(144,542),(144,542),(142,542)
560 0.0 bounds: (147,539),(157,540),(156,545),(146,544)
027 0.0 bounds: (159,540),(171,541),(170,547),(158,546)
