SHRI ANANDPUR TRUST
श्री आनन्दपुर टूरस्ट
KENSINGTON ROAO
NGALORE-S60042
TR
 0.0 bounds: (186,-3),(306,-3),(306,111),(186,111)
SHRI 0.0 bounds: (195,-3),(218,0),(216,13),(193,10)
ANANDPUR 0.0 bounds: (221,0),(265,5),(263,17),(220,12)
TRUST 0.0 bounds: (266,5),(292,8),(290,22),(264,19)
श्री 0.0 bounds: (189,21),(209,25),(205,42),(186,39)
आनन्दपुर 0.0 bounds: (216,29),(260,37),(258,52),(213,44)
टूरस्ट 0.0 bounds: (263,35),(287,39),(283,57),(260,53)
KENSINGTON 0.0 bounds: (212,57),(257,63),(255,72),(211,66)
ROAO 0.0 bounds: (259,66),(277,69),(276,76),(258,73)
NGALORE-S60042 0.0 bounds: (219,66),(286,75),(285,85),(218,76)
TR 0.0 bounds: (289,98),(305,103),(303,111),(287,107)
