HumanT
Raika
Kurlon
mahindra
Siiver Jewellery Store
B-TRAC
 0.0 bounds: (37,194),(1022,194),(1022,438),(37,438)
HumanT 0.0 bounds: (218,225),(272,244),(266,261),(212,242)
Raika 0.0 bounds: (66,194),(151,217),(138,263),(54,239)
Kurlon 0.0 bounds: (346,268),(374,279),(369,292),(341,281)
mahindra 0.0 bounds: (960,427),(1022,429),(1022,438),(960,436)
Siiver 0.0 bounds: (40,250),(75,258),(73,268),(38,261)
Jewellery 0.0 bounds: (84,258),(136,269),(133,283),(81,272)
Store 0.0 bounds: (139,271),(169,278),(167,290),(136,284)
B-TRAC 0.0 bounds: (205,301),(234,304),(233,315),(204,312)
