PASSONA E
SANTOSH DIAGNOSTIC L
SCAN CENTRE
ue n
LompacT
 0.0 bounds: (2,235),(547,235),(547,512),(2,512)
PASSONA 0.0 bounds: (512,297),(538,302),(537,312),(510,307)
E 0.0 bounds: (540,303),(547,304),(545,313),(538,312)
SANTOSH 0.0 bounds: (5,235),(47,248),(44,256),(2,244)
DIAGNOSTIC 0.0 bounds: (50,249),(95,263),(92,271),(47,258)
L 0.0 bounds: (98,265),(101,266),(99,272),(96,271)
SCAN 0.0 bounds: (27,257),(49,263),(47,272),(25,266)
CENTRE 0.0 bounds: (52,264),(81,272),(79,279),(50,272)
ue 0.0 bounds: (149,326),(162,326),(162,332),(149,332)
n 0.0 bounds: (177,327),(179,327),(179,333),(177,333)
LompacT 0.0 bounds: (248,499),(321,502),(321,512),(248,509)
