NOTHING
FITS
BETTER
Us POLO ASS
JACKEJONES
 0.0 bounds: (624,173),(873,173),(873,314),(624,314)
NOTHING 0.0 bounds: (628,173),(664,173),(664,183),(628,183)
FITS 0.0 bounds: (626,183),(647,183),(647,192),(626,192)
BETTER 0.0 bounds: (624,191),(659,191),(659,200),(624,200)
Us 0.0 bounds: (755,232),(779,231),(779,241),(756,242)
POLO 0.0 bounds: (785,230),(806,229),(807,240),(786,241)
ASS 0.0 bounds: (808,229),(819,228),(820,238),(809,239)
JACKEJONES 0.0 bounds: (804,307),(873,307),(873,314),(804,314)
