BlackBerry
htt
SONY
SAMSUNG
Mobie Unlocking LAVA
M.
OAS Kinds oF
బదలాబెడే బయన గాంధి
cromax
4100 erte ded
LG
Flashisinghard
KIA
3-02-201s
COMPUTE
Associatiom
ANTAS
OBILESWRYICE
 0.0 bounds: (299,170),(1021,170),(1021,756),(299,756)
BlackBerry 0.0 bounds: (447,178),(495,170),(498,187),(450,195)
htt 0.0 bounds: (455,200),(483,196),(485,209),(457,213)
SONY 0.0 bounds: (454,220),(487,216),(488,227),(455,231)
SAMSUNG 0.0 bounds: (453,236),(494,233),(495,244),(454,247)
Mobie 0.0 bounds: (341,249),(387,248),(387,270),(341,271)
Unlocking 0.0 bounds: (389,248),(449,247),(449,269),(389,270)
LAVA 0.0 bounds: (455,254),(482,254),(482,265),(455,265)
M. 0.0 bounds: (301,194),(325,192),(326,215),(302,217)
OAS 0.0 bounds: (302,219),(366,215),(367,234),(303,238)
Kinds 0.0 bounds: (368,215),(409,212),(410,231),(369,234)
oF 0.0 bounds: (414,214),(433,213),(434,229),(415,230)
బదలాబెడే 0.0 bounds: (853,226),(914,226),(914,238),(853,238)
బయన 0.0 bounds: (922,226),(964,226),(964,236),(922,236)
గాంధి 0.0 bounds: (971,225),(1021,225),(1021,236),(971,236)
cromax 0.0 bounds: (452,275),(490,273),(490,280),(452,282)
4100 0.0 bounds: (876,272),(909,271),(909,284),(876,285)
erte 0.0 bounds: (936,270),(972,269),(972,282),(936,283)
ded 0.0 bounds: (977,269),(998,268),(998,281),(977,282)
LG 0.0 bounds: (454,309),(486,308),(486,320),(454,321)
Flashisinghard 0.0 bounds: (338,320),(424,320),(424,343),(338,343)
KIA 0.0 bounds: (462,328),(485,328),(485,337),(462,337)
3-02-201s 0.0 bounds: (941,313),(983,313),(983,321),(941,321)
COMPUTE 0.0 bounds: (330,357),(412,355),(413,390),(331,392)
Associatiom 0.0 bounds: (950,479),(996,478),(996,487),(950,488)
ANTAS 0.0 bounds: (490,746),(538,748),(538,756),(490,754)
OBILESWRYICE 0.0 bounds: (320,211),(322,419),(302,419),(300,211)
