Balaji's 1.A.PManor
ALSA
DIGITAL SOUND 5.1
మొకటో నినా
Muthoot Fance
Andhra Ban
TRAVELLER
Incredible india
 0.0 bounds: (27,32),(995,32),(995,429),(27,429)
Balaji's 0.0 bounds: (39,220),(76,212),(80,228),(43,237)
1.A.PManor 0.0 bounds: (78,210),(134,198),(138,215),(82,228)
ALSA 0.0 bounds: (87,274),(137,266),(140,283),(90,291)
DIGITAL 0.0 bounds: (817,132),(881,94),(888,107),(824,144)
SOUND 0.0 bounds: (888,85),(954,46),(963,63),(898,101)
5.1 0.0 bounds: (964,46),(987,32),(994,44),(971,58)
మొకటో 0.0 bounds: (27,368),(67,360),(70,372),(29,380)
నినా 0.0 bounds: (71,362),(101,356),(103,366),(73,372)
Muthoot 0.0 bounds: (29,381),(60,375),(62,384),(31,390)
Fance 0.0 bounds: (62,374),(90,368),(92,378),(64,384)
Andhra 0.0 bounds: (95,421),(118,418),(119,425),(96,429)
Ban 0.0 bounds: (120,417),(130,415),(131,423),(121,425)
TRAVELLER 0.0 bounds: (776,309),(966,248),(975,274),(785,336)
Incredible 0.0 bounds: (782,365),(820,356),(823,369),(785,378)
india 0.0 bounds: (825,355),(844,350),(847,363),(828,368)
