907
farhins Timine
11..AM.
9.0.P.M.UT
Arma
1 An
(AWWA PROJECT)
ST -A
 0.0 bounds: (50,104),(889,104),(889,335),(50,335)
907 0.0 bounds: (839,111),(886,105),(888,126),(842,132)
farhins 0.0 bounds: (465,192),(493,189),(494,198),(466,201)
Timine 0.0 bounds: (496,189),(516,187),(517,194),(497,196)
11..AM. 0.0 bounds: (467,205),(510,199),(511,209),(468,215)
9.0.P.M.UT 0.0 bounds: (462,231),(520,224),(521,236),(463,243)
Arma 0.0 bounds: (464,246),(490,243),(491,253),(465,256)
1 0.0 bounds: (74,286),(89,286),(89,302),(74,302)
An 0.0 bounds: (99,286),(126,287),(126,303),(99,302)
(AWWA 0.0 bounds: (67,321),(92,321),(92,326),(67,326)
PROJECT) 0.0 bounds: (96,322),(130,322),(130,328),(96,328)
ST 0.0 bounds: (50,328),(61,328),(61,335),(50,335)
-A 0.0 bounds: (94,328),(110,328),(110,335),(94,335)
