Svi Ganesla
PIRGOPANNA
Phipada
CAR
GOODS
WHOLESALE CLOTH M
-शुभ-
m de
 0.0 bounds: (170,214),(1023,214),(1023,347),(170,347)
Svi 0.0 bounds: (925,223),(953,220),(954,228),(926,231)
Ganesla 0.0 bounds: (959,219),(1017,214),(1018,224),(960,229)
PIRGOPANNA 0.0 bounds: (181,241),(306,281),(295,314),(170,274)
Phipada 0.0 bounds: (337,264),(437,304),(421,346),(320,306)
CAR 0.0 bounds: (928,230),(1022,227),(1023,261),(929,264)
GOODS 0.0 bounds: (842,282),(911,225),(939,258),(869,315)
WHOLESALE 0.0 bounds: (187,293),(234,306),(232,315),(184,303)
CLOTH 0.0 bounds: (237,305),(258,311),(255,322),(234,317)
M 0.0 bounds: (259,311),(264,312),(261,324),(256,323)
-शुभ- 0.0 bounds: (889,305),(946,298),(947,314),(891,321)
m 0.0 bounds: (196,317),(200,318),(199,325),(195,324)
de 0.0 bounds: (233,324),(241,326),(240,332),(232,331)
