144E
MTC
ww.hmybimtc.com
elpline No-18004251663
EMENGENCY EX
w.mybmtc.com
hension Vehicle
ocicie
Dea
4701
 0.0 bounds: (0,29),(475,29),(475,663),(0,663)
144E 0.0 bounds: (33,29),(99,41),(93,75),(27,62)
MTC 0.0 bounds: (24,79),(188,103),(181,150),(17,125)
ww.hmybimtc.com 0.0 bounds: (15,114),(135,132),(133,145),(13,127)
elpline 0.0 bounds: (2,125),(38,130),(35,147),(0,142)
No-18004251663 0.0 bounds: (44,131),(138,144),(136,160),(42,147)
EMENGENCY 0.0 bounds: (15,165),(83,175),(81,189),(13,179)
EX 0.0 bounds: (85,176),(95,177),(93,190),(83,189)
w.mybmtc.com 0.0 bounds: (9,198),(141,214),(139,233),(7,217)
hension 0.0 bounds: (19,221),(97,229),(95,248),(17,240)
Vehicle 0.0 bounds: (100,230),(164,237),(162,255),(98,248)
ocicie 0.0 bounds: (476,488),(448,488),(448,482),(476,482)
Dea 0.0 bounds: (11,457),(42,458),(42,469),(11,468)
4701 0.0 bounds: (1,628),(59,627),(60,662),(2,663)
