EEEICY FET
EICHER
OSind
SENDHU CARGO SER
SUPERSTOR
 0.0 bounds: (718,402),(826,402),(826,579),(718,579)
EEEICY 0.0 bounds: (759,402),(799,405),(798,413),(758,410)
FET 0.0 bounds: (802,406),(815,407),(814,415),(801,414)
EICHER 0.0 bounds: (752,473),(826,477),(825,487),(751,483)
OSind 0.0 bounds: (739,521),(811,530),(809,552),(736,544)
SENDHU 0.0 bounds: (726,547),(753,550),(752,555),(725,552)
CARGO 0.0 bounds: (758,548),(788,551),(787,558),(757,555)
SER 0.0 bounds: (784,554),(801,556),(800,560),(784,558)
SUPERSTOR 0.0 bounds: (719,568),(777,573),(776,579),(719,574)
