SALE
50%
Till 19" Jan
PARK AVENUE
58%
ColorPlas
Chil
por
NAVRA
JEWEI
PVT.
BAN
ANARA
NO
PARKING
 0.0 bounds: (298,-1),(791,-1),(791,307),(298,307)
SALE 0.0 bounds: (674,-1),(719,2),(718,19),(673,16)
50% 0.0 bounds: (669,32),(704,38),(701,55),(666,50)
Till 0.0 bounds: (661,67),(674,69),(673,79),(660,77)
19" 0.0 bounds: (680,70),(695,72),(694,81),(679,79)
Jan 0.0 bounds: (699,73),(717,75),(716,84),(698,82)
PARK 0.0 bounds: (729,100),(754,101),(754,111),(729,110)
AVENUE 0.0 bounds: (759,105),(787,106),(787,112),(759,111)
58% 0.0 bounds: (613,109),(646,110),(646,122),(613,121)
ColorPlas 0.0 bounds: (727,120),(791,122),(791,135),(727,133)
Chil 0.0 bounds: (624,128),(637,128),(637,135),(624,135)
por 0.0 bounds: (746,147),(759,147),(759,154),(746,154)
NAVRA 0.0 bounds: (682,204),(722,206),(721,215),(681,213)
JEWEI 0.0 bounds: (685,214),(725,215),(725,227),(685,226)
PVT. 0.0 bounds: (702,228),(718,228),(718,235),(702,235)
BAN 0.0 bounds: (333,266),(352,275),(346,286),(328,277)
ANARA 0.0 bounds: (298,277),(328,264),(333,275),(303,288)
NO 0.0 bounds: (318,286),(333,286),(333,291),(318,291)
PARKING 0.0 bounds: (301,300),(347,296),(347,303),(302,307)
