RESIDENCY PLAZA
BMTC
2558 1211
4211 0055
EN Cf
COFFE
SELF DEE Csn
 0.0 bounds: (0,289),(662,289),(662,410),(0,410)
RESIDENCY 0.0 bounds: (45,289),(85,301),(83,310),(42,298)
PLAZA 0.0 bounds: (87,300),(109,307),(106,317),(84,311)
BMTC 0.0 bounds: (621,308),(659,299),(661,310),(624,319)
2558 0.0 bounds: (295,352),(312,349),(314,360),(297,364)
1211 0.0 bounds: (317,347),(333,344),(335,357),(320,360)
4211 0.0 bounds: (296,364),(313,361),(316,376),(299,380)
0055 0.0 bounds: (318,360),(339,356),(342,372),(321,376)
EN 0.0 bounds: (2,383),(20,385),(18,401),(0,399)
Cf 0.0 bounds: (26,380),(54,383),(51,408),(23,405)
COFFE 0.0 bounds: (68,388),(91,389),(91,397),(68,396)
SELF 0.0 bounds: (68,397),(85,398),(85,407),(68,406)
DEE 0.0 bounds: (87,398),(105,399),(105,408),(87,407)
Csn 0.0 bounds: (107,399),(142,401),(142,410),(107,408)
