SERVICE STAI
19 dn
Ecees le evice
Sur M p
me s OS
ARCHANA MENICALS
ARCHANA MEDAN
ws dowr
CHANA
oICALS
 0.0 bounds: (97,-1),(932,-1),(932,557),(97,557)
SERVICE 0.0 bounds: (742,1),(821,-1),(821,13),(742,15)
STAI 0.0 bounds: (829,0),(870,-1),(870,9),(829,10)
19 0.0 bounds: (827,151),(838,151),(838,158),(827,158)
dn 0.0 bounds: (860,151),(875,151),(875,155),(860,155)
Ecees 0.0 bounds: (758,155),(779,154),(779,158),(758,159)
le 0.0 bounds: (782,154),(794,154),(794,158),(782,158)
evice 0.0 bounds: (796,152),(816,151),(816,157),(796,158)
Sur 0.0 bounds: (751,162),(761,162),(761,168),(751,168)
M 0.0 bounds: (775,161),(778,161),(778,167),(775,167)
p 0.0 bounds: (808,160),(816,160),(816,166),(808,166)
me 0.0 bounds: (864,159),(877,158),(878,165),(865,166)
s 0.0 bounds: (896,156),(901,156),(902,163),(897,163)
OS 0.0 bounds: (910,155),(931,153),(931,160),(911,162)
ARCHANA 0.0 bounds: (110,411),(167,434),(157,460),(99,437)
MENICALS 0.0 bounds: (169,435),(207,450),(197,476),(158,461)
ARCHANA 0.0 bounds: (101,450),(161,464),(157,482),(97,469)
MEDAN 0.0 bounds: (163,464),(207,474),(203,492),(159,483)
ws 0.0 bounds: (217,536),(228,536),(228,540),(217,540)
dowr 0.0 bounds: (231,536),(246,536),(246,540),(231,540)
CHANA 0.0 bounds: (219,544),(251,544),(251,551),(219,551)
oICALS 0.0 bounds: (221,550),(249,550),(249,557),(221,557)
