E A Nilkamat
MATTREZZI
CEclipse
The Fiun l
alora l Coing
SLEEP NICE
AK
REPOSE
FURNITURE SOTon
 0.0 bounds: (2,149),(1002,149),(1002,282),(2,282)
E 0.0 bounds: (154,149),(187,150),(187,161),(154,160)
A 0.0 bounds: (184,151),(193,151),(193,159),(184,159)
Nilkamat 0.0 bounds: (196,151),(242,152),(242,162),(196,161)
MATTREZZI 0.0 bounds: (184,160),(242,163),(241,173),(184,170)
CEclipse 0.0 bounds: (10,182),(56,169),(60,184),(14,196)
The 0.0 bounds: (965,161),(976,162),(975,170),(964,169)
Fiun 0.0 bounds: (979,159),(997,161),(995,173),(978,171)
l 0.0 bounds: (999,161),(1002,161),(1001,173),(998,173)
alora 0.0 bounds: (666,191),(690,184),(693,193),(668,200)
l 0.0 bounds: (693,181),(697,180),(700,190),(696,192)
Coing 0.0 bounds: (700,178),(724,171),(727,183),(703,190)
SLEEP 0.0 bounds: (97,251),(144,246),(146,262),(99,268)
NICE 0.0 bounds: (151,246),(189,242),(190,256),(153,260)
AK 0.0 bounds: (230,239),(261,243),(259,255),(228,251)
REPOSE 0.0 bounds: (2,266),(45,254),(50,270),(7,282)
FURNITURE 0.0 bounds: (217,258),(241,258),(241,264),(217,264)
SOTon 0.0 bounds: (243,257),(261,257),(261,263),(243,263)
