జబ్లదూర
వారంగా న్యారా దరికి
ములువ
ఇ ు గ ఇ క్రజ్ఞలో
 0.0 bounds: (419,-10),(678,-10),(678,356),(419,356)
జబ్లదూర 0.0 bounds: (434,49),(489,9),(510,37),(455,77)
వారంగా 0.0 bounds: (419,94),(495,52),(513,83),(436,126)
న్యారా 0.0 bounds: (501,48),(554,19),(571,51),(519,80)
దరికి 0.0 bounds: (561,16),(607,-9),(624,22),(578,48)
ములువ 0.0 bounds: (439,175),(531,136),(551,184),(459,223)
ఇ 0.0 bounds: (432,335),(453,332),(456,352),(435,356)
ు 0.0 bounds: (495,325),(514,322),(517,343),(498,346)
గ 0.0 bounds: (524,319),(536,317),(539,338),(527,340)
ఇ 0.0 bounds: (596,308),(612,305),(615,326),(599,329)
క్రజ్ఞలో 0.0 bounds: (632,302),(673,295),(677,317),(636,324)
