EMTC
Milky
AADYA
721
TATA
Suith
KA
15
 0.0 bounds: (121,368),(994,368),(994,528),(121,528)
EMTC 0.0 bounds: (127,375),(156,368),(158,375),(129,382)
Milky 0.0 bounds: (121,404),(168,398),(170,414),(123,420)
AADYA 0.0 bounds: (334,453),(376,451),(377,462),(335,464)
721 0.0 bounds: (740,450),(766,448),(766,454),(740,456)
TATA 0.0 bounds: (336,509),(356,509),(356,514),(336,514)
Suith 0.0 bounds: (845,481),(883,478),(884,488),(846,491)
KA 0.0 bounds: (951,499),(974,497),(975,514),(952,516)
15 0.0 bounds: (960,512),(993,510),(994,526),(961,528)
