Presented to:
APP IED DN
BANGALORE,
THE BIOTECH CITY
by
4y W suAradtal
 0.0 bounds: (218,493),(843,493),(843,776),(218,776)
Presented 0.0 bounds: (291,493),(395,547),(381,574),(277,520)
to: 0.0 bounds: (401,552),(443,574),(429,600),(388,578)
APP 0.0 bounds: (691,650),(744,601),(768,627),(715,676)
IED 0.0 bounds: (744,598),(786,559),(811,587),(769,625)
DN 0.0 bounds: (790,558),(819,532),(842,557),(814,584)
BANGALORE, 0.0 bounds: (270,543),(471,660),(455,686),(254,570)
THE 0.0 bounds: (237,568),(295,605),(276,635),(218,598)
BIOTECH 0.0 bounds: (303,610),(438,696),(419,725),(284,640)
CITY 0.0 bounds: (450,704),(518,747),(499,776),(432,733)
by 0.0 bounds: (342,693),(368,718),(356,730),(331,704)
4y 0.0 bounds: (683,724),(713,693),(729,709),(699,739)
W 0.0 bounds: (720,681),(738,662),(757,681),(739,700)
suAradtal 0.0 bounds: (739,659),(818,579),(838,598),(759,679)
