నెందిని
nandini
SHOPPE
didof deo-
Delight in ry be
 0.0 bounds: (706,314),(949,314),(949,384),(706,384)
నెందిని 0.0 bounds: (706,322),(767,318),(768,336),(707,340)
nandini 0.0 bounds: (818,317),(876,314),(877,329),(819,332)
SHOPPE 0.0 bounds: (824,338),(864,336),(864,345),(824,347)
didof 0.0 bounds: (717,363),(739,362),(739,367),(717,368)
deo- 0.0 bounds: (743,360),(761,359),(761,365),(743,366)
Delight 0.0 bounds: (884,376),(905,375),(905,383),(884,384)
in 0.0 bounds: (908,375),(913,375),(913,383),(908,383)
ry 0.0 bounds: (929,374),(934,374),(934,382),(929,382)
be 0.0 bounds: (937,373),(949,372),(949,380),(937,381)
