STREET SI
9886592
145
ngatioe
Raai tale
We Make Ea
 0.0 bounds: (337,72),(1023,72),(1023,276),(337,276)
STREET 0.0 bounds: (954,77),(1007,73),(1008,84),(955,88)
SI 0.0 bounds: (1012,73),(1022,72),(1023,83),(1013,84)
9886592 0.0 bounds: (975,89),(1022,86),(1023,97),(976,100)
145 0.0 bounds: (834,121),(862,113),(868,134),(840,142)
ngatioe 0.0 bounds: (350,207),(373,206),(373,213),(350,214)
Raai 0.0 bounds: (344,223),(355,223),(355,229),(344,229)
tale 0.0 bounds: (357,222),(369,222),(369,229),(357,229)
We 0.0 bounds: (337,270),(348,270),(348,276),(337,276)
Make 0.0 bounds: (351,269),(363,269),(363,276),(351,276)
Ea 0.0 bounds: (371,269),(379,269),(379,275),(371,275)
