coutE
e AE MATA PE
GOODS
CARIEER
CINO
 0.0 bounds: (707,263),(937,263),(937,641),(707,641)
coutE 0.0 bounds: (797,265),(826,263),(826,270),(797,272)
e 0.0 bounds: (715,327),(734,327),(734,339),(715,339)
AE 0.0 bounds: (737,327),(773,327),(773,339),(737,339)
MATA 0.0 bounds: (776,326),(838,326),(838,339),(776,339)
PE 0.0 bounds: (849,326),(866,326),(866,338),(849,338)
GOODS 0.0 bounds: (708,610),(747,612),(746,624),(707,622)
CARIEER 0.0 bounds: (883,612),(937,612),(937,629),(883,629)
CINO 0.0 bounds: (892,631),(931,631),(931,641),(892,641)
