soch
RED
SALE
50%tt
Till 29" Jan
www.soch.in
 0.0 bounds: (683,21),(768,21),(768,170),(683,170)
soch 0.0 bounds: (683,37),(722,21),(729,39),(691,55)
RED 0.0 bounds: (688,61),(731,47),(736,63),(693,76)
SALE 0.0 bounds: (697,91),(741,77),(746,92),(702,106)
50%tt 0.0 bounds: (703,117),(746,105),(751,122),(707,133)
Till 0.0 bounds: (707,143),(720,140),(722,148),(709,152)
29" 0.0 bounds: (723,138),(738,134),(741,144),(726,149)
Jan 0.0 bounds: (742,135),(759,130),(762,139),(744,144)
www.soch.in 0.0 bounds: (710,160),(765,143),(767,153),(713,170)
