std Bigade Rond+
aOld Airport
t Rabhavan
DA TRAC
Ei Ter
SAP
INDIAN ARMY: SYM IZING THE SPIR OU TURE
 0.0 bounds: (79,149),(875,149),(875,349),(79,349)
std 0.0 bounds: (795,157),(815,156),(816,166),(796,167)
Bigade 0.0 bounds: (830,153),(848,152),(849,164),(831,165)
Rond+ 0.0 bounds: (850,151),(874,149),(875,161),(851,163)
aOld 0.0 bounds: (813,169),(839,166),(840,176),(814,179)
Airport 0.0 bounds: (841,165),(861,163),(862,173),(842,176)
t 0.0 bounds: (810,182),(815,181),(816,190),(811,191)
Rabhavan 0.0 bounds: (830,179),(859,176),(860,186),(831,189)
DA 0.0 bounds: (811,192),(827,191),(827,198),(811,199)
TRAC 0.0 bounds: (845,190),(857,189),(857,196),(845,197)
Ei 0.0 bounds: (86,226),(101,235),(95,244),(80,235)
Ter 0.0 bounds: (105,235),(125,247),(119,257),(99,245)
SAP 0.0 bounds: (136,286),(149,295),(145,301),(132,292)
INDIAN 0.0 bounds: (457,341),(490,340),(490,347),(457,348)
ARMY: 0.0 bounds: (495,341),(523,341),(523,347),(495,347)
SYM 0.0 bounds: (529,339),(546,339),(546,349),(529,349)
IZING 0.0 bounds: (568,340),(591,340),(591,346),(568,346)
THE 0.0 bounds: (597,337),(614,337),(614,348),(597,348)
SPIR 0.0 bounds: (617,337),(636,337),(636,348),(617,348)
OU 0.0 bounds: (648,337),(665,337),(665,347),(648,347)
TURE 0.0 bounds: (687,336),(713,336),(713,346),(687,346)
