Hlappines
SALE
UP TO S1 OFF
CENTRAL
RESIDENCY ROAD
STREET SMART
INSUS
S5S TMT
 0.0 bounds: (234,8),(696,8),(696,328),(234,328)
Hlappines 0.0 bounds: (604,13),(675,8),(676,25),(605,30)
SALE 0.0 bounds: (618,33),(663,25),(665,37),(620,45)
UP 0.0 bounds: (612,49),(626,47),(628,59),(614,61)
TO 0.0 bounds: (626,50),(636,49),(637,55),(627,56)
S1 0.0 bounds: (640,46),(648,45),(649,56),(642,57)
OFF 0.0 bounds: (657,43),(672,41),(673,52),(659,54)
CENTRAL 0.0 bounds: (628,113),(683,110),(684,129),(629,132)
RESIDENCY 0.0 bounds: (619,149),(667,142),(669,152),(620,159)
ROAD 0.0 bounds: (674,143),(695,140),(696,147),(675,150)
STREET 0.0 bounds: (644,167),(668,163),(669,170),(645,174)
SMART 0.0 bounds: (670,164),(691,161),(692,167),(671,170)
INSUS 0.0 bounds: (234,309),(274,306),(275,319),(235,322)
S5S 0.0 bounds: (241,320),(260,318),(261,326),(242,328)
TMT 0.0 bounds: (262,318),(273,317),(274,325),(263,326)
