BULZETE
RONICS
ARAUN COMPUTERS.COMNER
SNA
AS CASH BACKASPOT LUCKYORA
AECOR
 0.0 bounds: (0,191),(957,191),(957,378),(0,378)
BULZETE 0.0 bounds: (443,234),(488,231),(488,239),(444,242)
RONICS 0.0 bounds: (5,308),(51,319),(46,339),(0,327)
ARAUN 0.0 bounds: (744,277),(786,260),(794,280),(752,297)
COMPUTERS.COMNER 0.0 bounds: (788,258),(949,191),(957,212),(796,278)
SNA 0.0 bounds: (259,366),(287,367),(286,378),(259,377)
AS 0.0 bounds: (726,314),(784,299),(788,313),(730,329)
CASH 0.0 bounds: (786,298),(800,294),(804,310),(790,313)
BACKASPOT 0.0 bounds: (802,294),(835,285),(839,301),(806,309)
LUCKYORA 0.0 bounds: (836,285),(874,275),(878,291),(840,300)
AECOR 0.0 bounds: (913,305),(942,300),(943,306),(914,311)
