JHAMPSTEA
Silks
DE IGN STUD
GAYATHRI
JEWELLERS
Deale
Tmang agater
#G-1, S
SINGIRI
shol
Frae of Enclustine Ornaments
Jerelle
#154 Avenue Road Bangalore- 560 002
420
 0.0 bounds: (120,-10),(1003,-10),(1003,426),(120,426)
JHAMPSTEA 0.0 bounds: (139,99),(195,115),(192,123),(137,107)
Silks 0.0 bounds: (393,69),(489,97),(483,117),(387,89)
DE 0.0 bounds: (121,232),(133,235),(132,239),(120,236)
IGN 0.0 bounds: (135,235),(147,238),(146,242),(134,239)
STUD 0.0 bounds: (150,238),(171,244),(170,247),(149,242)
GAYATHRI 0.0 bounds: (435,240),(672,88),(701,132),(464,285)
JEWELLERS 0.0 bounds: (514,252),(661,165),(681,199),(534,286)
Deale 0.0 bounds: (825,47),(909,-2),(922,21),(839,70)
Tmang 0.0 bounds: (448,187),(528,123),(555,156),(474,220)
agater 0.0 bounds: (527,117),(686,-10),(719,32),(561,159)
#G-1, 0.0 bounds: (798,105),(936,27),(949,51),(811,129)
S 0.0 bounds: (959,15),(985,0),(996,19),(970,34)
SINGIRI 0.0 bounds: (857,112),(993,42),(1003,61),(867,131)
shol 0.0 bounds: (328,354),(410,311),(433,354),(350,397)
Frae 0.0 bounds: (444,334),(486,313),(503,346),(460,367)
of 0.0 bounds: (489,313),(508,304),(524,336),(505,345)
Enclustine 0.0 bounds: (510,302),(568,273),(585,306),(526,335)
Ornaments 0.0 bounds: (571,272),(668,224),(684,256),(587,304)
Jerelle 0.0 bounds: (344,390),(407,359),(424,395),(362,426)
#154 0.0 bounds: (460,372),(478,364),(482,371),(463,379)
Avenue 0.0 bounds: (484,358),(511,346),(516,358),(489,370)
Road 0.0 bounds: (516,345),(540,335),(545,347),(521,357)
Bangalore- 0.0 bounds: (544,335),(607,308),(612,318),(548,345)
560 0.0 bounds: (610,305),(634,295),(638,304),(614,314)
002 0.0 bounds: (638,293),(663,282),(667,292),(642,303)
420 0.0 bounds: (487,7),(477,121),(400,114),(409,0)
