Idea 4G
50% CASH BACK
ON INTERNET
airtel
Best call rates. No daly charges
Dial 55353 ( hee
10p
ARTEL TAPNOW
ATM
imited Calts Data
NL BA
958 36458
 0.0 bounds: (14,167),(732,167),(732,765),(14,765)
Idea 0.0 bounds: (645,167),(676,167),(676,184),(645,184)
4G 0.0 bounds: (684,170),(732,171),(732,191),(684,190)
50% 0.0 bounds: (14,201),(53,198),(54,212),(15,215)
CASH 0.0 bounds: (59,197),(108,194),(109,209),(60,213)
BACK 0.0 bounds: (114,193),(164,189),(165,206),(115,210)
ON 0.0 bounds: (24,224),(49,222),(50,234),(25,236)
INTERNET 0.0 bounds: (57,216),(148,210),(149,230),(58,236)
airtel 0.0 bounds: (233,211),(272,210),(272,222),(233,223)
Best 0.0 bounds: (593,207),(610,209),(609,218),(592,216)
call 0.0 bounds: (612,211),(622,212),(621,218),(611,217)
rates. 0.0 bounds: (624,212),(639,214),(638,221),(623,219)
No 0.0 bounds: (643,215),(650,216),(649,223),(642,222)
daly 0.0 bounds: (653,216),(668,218),(667,226),(652,224)
charges 0.0 bounds: (671,218),(699,221),(698,228),(670,225)
Dial 0.0 bounds: (35,245),(57,244),(57,253),(35,254)
55353 0.0 bounds: (62,241),(101,239),(102,251),(63,253)
( 0.0 bounds: (105,242),(110,242),(110,250),(105,250)
hee 0.0 bounds: (123,240),(142,239),(142,248),(123,249)
10p 0.0 bounds: (600,228),(619,229),(618,241),(599,240)
ARTEL 0.0 bounds: (72,391),(102,389),(103,398),(73,400)
TAPNOW 0.0 bounds: (106,389),(163,385),(164,395),(107,399)
ATM 0.0 bounds: (650,430),(672,429),(672,437),(650,438)
imited 0.0 bounds: (91,474),(131,471),(132,484),(92,487)
Calts 0.0 bounds: (136,472),(166,470),(167,482),(137,484)
Data 0.0 bounds: (179,469),(200,468),(201,481),(180,482)
NL 0.0 bounds: (252,661),(270,660),(270,669),(252,670)
BA 0.0 bounds: (274,660),(286,660),(286,669),(274,669)
958 0.0 bounds: (221,755),(252,753),(253,763),(222,765)
36458 0.0 bounds: (257,752),(288,750),(289,762),(258,764)
