మెన్మాకత
త్రెనెన్సె డాచఁతి గైగా
SILKS
టాటమే శెరేశాడ
రాత్రిమే
NA
Colons
OPEN SCE S
moml
LAMMI
PRASSANN
 0.0 bounds: (17,2),(607,2),(607,590),(17,590)
మెన్మాకత 0.0 bounds: (94,44),(401,150),(378,217),(71,111)
త్రెనెన్సె 0.0 bounds: (63,103),(247,162),(224,233),(40,173)
డాచఁతి 0.0 bounds: (250,164),(421,219),(398,290),(227,234)
గైగా 0.0 bounds: (427,221),(517,250),(495,321),(404,291)
SILKS 0.0 bounds: (534,266),(587,257),(589,270),(536,279)
టాటమే 0.0 bounds: (32,218),(165,247),(151,313),(18,284)
శెరేశాడ 0.0 bounds: (192,248),(398,293),(383,363),(177,318)
రాత్రిమే 0.0 bounds: (137,319),(360,337),(355,407),(131,390)
NA 0.0 bounds: (476,375),(521,380),(519,393),(474,388)
Colons 0.0 bounds: (496,386),(529,391),(525,413),(492,408)
OPEN 0.0 bounds: (562,423),(585,428),(584,437),(560,432)
SCE 0.0 bounds: (587,428),(597,430),(595,440),(585,438)
S 0.0 bounds: (603,432),(607,433),(605,442),(601,441)
moml 0.0 bounds: (127,583),(160,579),(161,586),(128,590)
LAMMI 0.0 bounds: (575,155),(574,254),(551,254),(552,155)
PRASSANN 0.0 bounds: (419,3),(413,189),(388,188),(394,2)
