CANARA P
in...
www.ca
Gr
THI PACKAGE TOURS
ickup Bus
 0.0 bounds: (10,398),(1023,398),(1023,691),(10,691)
CANARA 0.0 bounds: (906,415),(998,400),(1004,440),(912,455)
P 0.0 bounds: (1000,401),(1017,398),(1023,437),(1006,440)
in... 0.0 bounds: (10,500),(46,500),(46,512),(10,512)
www.ca 0.0 bounds: (950,487),(1023,486),(1023,505),(950,506)
Gr 0.0 bounds: (812,582),(895,583),(894,624),(811,623)
THI 0.0 bounds: (752,652),(779,652),(779,674),(752,674)
PACKAGE 0.0 bounds: (782,652),(833,652),(833,674),(782,674)
TOURS 0.0 bounds: (835,652),(875,652),(875,675),(835,675)
ickup 0.0 bounds: (765,679),(804,679),(804,691),(765,691)
Bus 0.0 bounds: (812,679),(835,679),(835,690),(812,690)
