NO HALTING
NO PARKING
BRAA i
TOW AWAY ZONE
 0.0 bounds: (414,369),(644,369),(644,415),(414,415)
NO 0.0 bounds: (600,382),(612,381),(613,388),(601,389)
HALTING 0.0 bounds: (616,380),(638,378),(638,385),(617,387)
NO 0.0 bounds: (597,373),(614,372),(614,378),(597,379)
PARKING 0.0 bounds: (616,371),(637,369),(637,376),(617,378)
BRAA 0.0 bounds: (414,404),(452,404),(452,410),(414,410)
i 0.0 bounds: (456,400),(466,400),(466,412),(456,412)
TOW 0.0 bounds: (595,406),(611,405),(611,414),(595,415)
AWAY 0.0 bounds: (613,404),(626,403),(627,413),(614,414)
ZONE 0.0 bounds: (628,403),(643,402),(644,412),(629,413)
