అణ చద్యాచేరి జ్యచేల్లర్లో
Ph 40920549
ERS
dmavathi
PORTERS
- Gold
ections..!
Davanam
 0.0 bounds: (0,5),(544,5),(544,468),(0,468)
అణ 0.0 bounds: (238,5),(299,8),(297,44),(236,41)
చద్యాచేరి 0.0 bounds: (301,8),(373,12),(371,49),(299,45)
జ్యచేల్లర్లో 0.0 bounds: (375,12),(478,17),(476,54),(373,49)
Ph 0.0 bounds: (495,255),(504,255),(504,260),(495,260)
40920549 0.0 bounds: (508,253),(544,254),(544,262),(508,261)
ERS 0.0 bounds: (1,264),(88,263),(88,309),(1,310)
dmavathi 0.0 bounds: (242,292),(537,294),(537,365),(242,363)
PORTERS 0.0 bounds: (0,381),(150,381),(150,415),(0,415)
- 0.0 bounds: (7,440),(15,440),(15,453),(7,453)
Gold 0.0 bounds: (17,440),(41,440),(41,454),(17,454)
ections..! 0.0 bounds: (4,455),(61,454),(61,467),(4,468)
Davanam 0.0 bounds: (66,440),(125,440),(125,450),(66,450)
