INTER TRADE P
The
7676 10 3333
WHU2
KATIONAL PLATA
Bront
DKM
SONY
Lo
SUNVIK
 0.0 bounds: (1,-8),(961,-8),(961,477),(1,477)
INTER 0.0 bounds: (9,153),(45,175),(38,187),(2,165)
TRADE 0.0 bounds: (47,176),(81,197),(74,209),(40,188)
P 0.0 bounds: (85,199),(91,203),(83,216),(77,213)
The 0.0 bounds: (790,10),(804,-3),(813,6),(799,19)
7676 0.0 bounds: (822,91),(844,70),(857,82),(834,104)
10 0.0 bounds: (846,68),(853,61),(866,74),(858,81)
3333 0.0 bounds: (855,59),(880,35),(893,50),(869,73)
WHU2 0.0 bounds: (900,125),(946,92),(961,114),(915,146)
KATIONAL 0.0 bounds: (161,318),(204,329),(199,348),(156,337)
PLATA 0.0 bounds: (206,330),(231,337),(226,355),(201,348)
Bront 0.0 bounds: (184,355),(198,357),(197,365),(183,363)
DKM 0.0 bounds: (512,369),(552,359),(553,366),(514,376)
SONY 0.0 bounds: (96,473),(118,471),(118,475),(96,477)
Lo 0.0 bounds: (649,427),(642,429),(640,422),(647,420)
SUNVIK 0.0 bounds: (761,71),(830,-7),(858,18),(790,96)
