MAHA
CEENT
MAHA
CEMENT
MAHA
CMAHA
(MANA
a to BMTC
 0.0 bounds: (218,396),(508,396),(508,516),(218,516)
MAHA 0.0 bounds: (391,411),(424,407),(425,414),(392,418)
CEENT 0.0 bounds: (399,418),(420,414),(421,421),(400,425)
MAHA 0.0 bounds: (472,399),(507,396),(508,405),(473,408)
CEMENT 0.0 bounds: (476,408),(505,406),(505,413),(476,415)
MAHA 0.0 bounds: (265,424),(294,421),(295,429),(266,432)
CMAHA 0.0 bounds: (324,418),(354,416),(354,422),(324,424)
(MANA 0.0 bounds: (218,432),(241,430),(241,436),(219,438)
a 0.0 bounds: (301,507),(307,507),(307,514),(301,514)
to 0.0 bounds: (310,505),(318,505),(318,514),(310,514)
BMTC 0.0 bounds: (345,505),(385,505),(385,516),(345,516)
