RAIDIANONES
D OF MUSIC
MERIDIAN
ROue pantal
ADHWANIS
 0.0 bounds: (458,9),(924,9),(924,355),(458,355)
RAIDIANONES 0.0 bounds: (612,46),(705,9),(711,25),(618,62)
D 0.0 bounds: (870,129),(880,132),(874,150),(864,147)
OF 0.0 bounds: (881,133),(891,136),(886,154),(875,151)
MUSIC 0.0 bounds: (893,137),(923,147),(918,165),(887,155)
MERIDIAN 0.0 bounds: (822,147),(912,173),(908,189),(817,163)
ROue 0.0 bounds: (633,196),(712,192),(714,229),(635,233)
pantal 0.0 bounds: (718,192),(796,188),(798,225),(720,229)
ADHWANIS 0.0 bounds: (459,326),(590,333),(589,355),(458,348)
