DEA
Opera Hous
XONI
CONCATULATES
Dagadishtours
Dt dey yoor
Planning
(det
TA
RIGADE RAD Ae
90082 o0
unukh Siks
KM
BMTC
Ora
 0.0 bounds: (305,12),(881,12),(881,391),(305,391)
DEA 0.0 bounds: (800,25),(838,13),(845,34),(807,46)
Opera 0.0 bounds: (305,319),(338,314),(340,327),(307,332)
Hous 0.0 bounds: (342,311),(368,307),(370,323),(344,327)
XONI 0.0 bounds: (640,168),(620,183),(615,176),(635,161)
CONCATULATES 0.0 bounds: (608,195),(645,162),(651,169),(614,202)
Dagadishtours 0.0 bounds: (661,165),(720,117),(732,132),(674,180)
Dt 0.0 bounds: (642,246),(654,239),(659,248),(647,255)
dey 0.0 bounds: (655,238),(666,231),(672,241),(661,248)
yoor 0.0 bounds: (668,231),(681,223),(686,232),(673,240)
Planning 0.0 bounds: (649,254),(681,237),(686,248),(655,265)
(det 0.0 bounds: (327,381),(345,378),(346,383),(328,387)
TA 0.0 bounds: (656,277),(668,272),(672,280),(660,285)
RIGADE 0.0 bounds: (712,261),(730,250),(734,257),(716,268)
RAD 0.0 bounds: (733,251),(744,244),(747,250),(736,256)
Ae 0.0 bounds: (746,241),(776,223),(781,232),(751,250)
90082 0.0 bounds: (707,276),(742,256),(751,273),(716,293)
o0 0.0 bounds: (746,254),(765,243),(775,261),(756,271)
unukh 0.0 bounds: (804,228),(838,220),(842,235),(808,244)
Siks 0.0 bounds: (840,219),(859,214),(863,230),(844,235)
KM 0.0 bounds: (517,385),(543,377),(545,382),(519,391)
BMTC 0.0 bounds: (673,318),(692,314),(693,321),(674,325)
Ora 0.0 bounds: (867,274),(878,270),(880,276),(869,280)
