FOOD AT ITS
Sund Farm prod
RKETCOURMET FD
MARKET PLACE
Food Word
by foodworld
M todune
hefh ac tor
GOURMET FOOD
14A LREEUIE
 0.0 bounds: (253,124),(1024,124),(1024,558),(253,558)
FOOD 0.0 bounds: (952,155),(979,142),(986,156),(959,169)
AT 0.0 bounds: (983,140),(996,134),(1003,150),(991,156)
ITS 0.0 bounds: (997,133),(1015,124),(1023,140),(1005,149)
Sund 0.0 bounds: (882,210),(911,200),(915,211),(885,220)
Farm 0.0 bounds: (913,199),(926,195),(930,206),(917,210)
prod 0.0 bounds: (928,194),(941,190),(945,201),(932,205)
RKETCOURMET 0.0 bounds: (871,235),(938,215),(942,228),(875,247)
FD 0.0 bounds: (939,215),(951,211),(955,224),(943,227)
MARKET 0.0 bounds: (253,326),(472,327),(472,358),(253,357)
PLACE 0.0 bounds: (486,326),(643,327),(643,359),(486,358)
Food 0.0 bounds: (910,252),(928,248),(930,259),(912,263)
Word 0.0 bounds: (930,248),(941,246),(943,257),(932,259)
by 0.0 bounds: (394,365),(410,365),(410,380),(394,380)
foodworld 0.0 bounds: (417,365),(501,363),(501,377),(417,379)
M 0.0 bounds: (869,335),(876,335),(876,344),(869,344)
todune 0.0 bounds: (896,333),(933,331),(933,341),(897,343)
hefh 0.0 bounds: (864,343),(879,343),(879,350),(864,350)
ac 0.0 bounds: (897,343),(914,343),(914,350),(897,350)
tor 0.0 bounds: (916,342),(933,342),(933,349),(916,349)
GOURMET 0.0 bounds: (350,446),(494,446),(494,464),(350,464)
FOOD 0.0 bounds: (503,447),(581,447),(581,465),(503,465)
14A 0.0 bounds: (614,548),(642,548),(642,558),(614,558)
LREEUIE 0.0 bounds: (644,548),(686,548),(686,558),(644,558)
