WHANKOOK
IRELLI
s d w TTYRS
hShringar
YOKOHAMA
N CARPET DESIGNER
erShringar
ANPETS VIY o e wan
WALL SENARIEL VEC EeCA
NS hoPEL LL LLSA
BER MATS
ing iL ead Be se O M
SONY
అజాలర్గిల జజr& డ ఇ
YOKOНАMА
FALKEN
JIETYRE
UNOPMAR
Beda do SSHIVSHAKTHI TYRES P
00
ape
IFE
183
 0.0 bounds: (-1,106),(824,106),(824,507),(-1,507)
WHANKOOK 0.0 bounds: (326,106),(446,152),(440,170),(319,124)
IRELLI 0.0 bounds: (500,178),(556,197),(548,219),(493,200)
s 0.0 bounds: (306,152),(328,159),(325,169),(303,162)
d 0.0 bounds: (348,166),(356,168),(353,178),(345,176)
w 0.0 bounds: (366,172),(384,178),(382,184),(364,178)
TTYRS 0.0 bounds: (386,180),(443,198),(441,204),(384,186)
hShringar 0.0 bounds: (642,225),(691,246),(684,262),(635,242)
YOKOHAMA 0.0 bounds: (568,213),(624,232),(621,241),(565,222)
N 0.0 bounds: (14,112),(33,117),(26,145),(6,140)
CARPET 0.0 bounds: (40,119),(121,141),(113,170),(32,148)
DESIGNER 0.0 bounds: (127,142),(222,168),(215,197),(119,171)
erShringar 0.0 bounds: (665,282),(703,295),(699,306),(661,293)
ANPETS 0.0 bounds: (2,138),(32,146),(30,155),(0,148)
VIY 0.0 bounds: (37,147),(55,152),(53,161),(35,157)
o 0.0 bounds: (75,157),(82,159),(80,167),(73,166)
e 0.0 bounds: (184,185),(192,187),(190,196),(182,194)
wan 0.0 bounds: (194,187),(207,190),(204,199),(192,196)
WALL 0.0 bounds: (3,150),(20,154),(19,161),(1,157)
SENARIEL 0.0 bounds: (24,153),(68,164),(66,172),(22,161)
VEC 0.0 bounds: (70,168),(101,176),(100,182),(69,174)
EeCA 0.0 bounds: (108,178),(130,184),(129,187),(107,182)
NS 0.0 bounds: (2,158),(15,161),(13,168),(0,165)
hoPEL 0.0 bounds: (16,162),(44,169),(43,176),(14,169)
LL 0.0 bounds: (80,177),(103,183),(102,189),(78,184)
LLSA 0.0 bounds: (105,183),(138,191),(136,199),(103,191)
BER 0.0 bounds: (177,195),(190,198),(188,205),(175,202)
MATS 0.0 bounds: (192,198),(203,200),(201,207),(190,205)
ing 0.0 bounds: (2,173),(16,176),(14,184),(0,181)
iL 0.0 bounds: (16,177),(24,179),(22,186),(14,184)
ead 0.0 bounds: (29,182),(42,185),(41,190),(28,187)
Be 0.0 bounds: (50,185),(56,186),(54,193),(48,192)
se 0.0 bounds: (81,193),(101,197),(99,203),(80,199)
O 0.0 bounds: (176,213),(185,215),(183,222),(174,220)
M 0.0 bounds: (197,217),(199,217),(197,224),(195,224)
SONY 0.0 bounds: (745,347),(781,354),(779,368),(742,362)
అజాలర్గిల 0.0 bounds: (4,191),(59,203),(56,216),(1,204)
జజr& 0.0 bounds: (74,206),(130,218),(127,231),(71,219)
డ 0.0 bounds: (133,220),(153,224),(150,236),(130,232)
ఇ 0.0 bounds: (192,235),(215,240),(213,250),(190,245)
YOKOНАMА 0.0 bounds: (503,320),(563,332),(560,346),(500,334)
FALKEN 0.0 bounds: (293,281),(466,312),(462,336),(289,306)
JIETYRE 0.0 bounds: (575,347),(628,357),(625,371),(572,361)
UNOPMAR 0.0 bounds: (781,399),(808,404),(805,417),(779,412)
Beda 0.0 bounds: (279,326),(308,330),(306,340),(278,336)
do 0.0 bounds: (312,331),(329,333),(328,342),(311,340)
SSHIVSHAKTHI 0.0 bounds: (337,335),(396,343),(395,350),(336,342)
TYRES 0.0 bounds: (399,345),(424,349),(423,354),(398,351)
P 0.0 bounds: (430,347),(434,348),(433,357),(429,357)
00 0.0 bounds: (315,412),(339,414),(338,430),(314,428)
ape 0.0 bounds: (194,502),(215,501),(215,506),(194,507)
IFE 0.0 bounds: (824,426),(825,464),(799,465),(798,427)
183 0.0 bounds: (338,400),(338,448),(313,448),(313,400)
