ACOUSTIC CONTROL
Professional Sound, Lighting & Video
 0.0 bounds: (578,176),(801,176),(801,250),(578,250)
ACOUSTIC 0.0 bounds: (578,221),(666,205),(670,223),(581,240)
CONTROL 0.0 bounds: (676,199),(797,177),(801,198),(680,221)
Professional 0.0 bounds: (581,242),(635,234),(637,242),(582,250)
Sound, 0.0 bounds: (643,232),(674,227),(675,238),(645,243)
Lighting 0.0 bounds: (684,225),(735,217),(737,230),(686,238)
& 0.0 bounds: (739,216),(758,213),(760,226),(741,229)
Video 0.0 bounds: (762,212),(795,207),(797,221),(764,226)
