మజల
e Sti Ganesh Sweets
గణతో గ్యాండా
Sri Ganesh Swedets
atathonal Courer(Car
 0.0 bounds: (2,118),(456,118),(456,330),(2,330)
మజల 0.0 bounds: (336,123),(361,118),(363,125),(337,130)
e 0.0 bounds: (135,234),(144,233),(145,250),(136,251)
Sti 0.0 bounds: (221,227),(240,225),(241,242),(222,244)
Ganesh 0.0 bounds: (238,226),(278,223),(279,235),(239,238)
Sweets 0.0 bounds: (280,223),(318,220),(319,232),(281,235)
గణతో 0.0 bounds: (160,286),(209,286),(209,304),(160,304)
గ్యాండా 0.0 bounds: (216,284),(280,284),(280,308),(216,308)
Sri 0.0 bounds: (383,289),(400,295),(394,310),(378,304)
Ganesh 0.0 bounds: (402,298),(430,308),(425,322),(397,312)
Swedets 0.0 bounds: (432,306),(456,315),(451,330),(427,321)
atathonal 0.0 bounds: (2,304),(21,304),(21,309),(2,309)
Courer(Car 0.0 bounds: (26,303),(57,302),(57,307),(26,308)
