BER
BM
Ratary
le
BENGALURU
MIDNIGHT
MADATHON
KA51
F517
Begster atomi
AS 517
 0.0 bounds: (265,109),(604,109),(604,513),(265,513)
BER 0.0 bounds: (556,109),(587,118),(582,133),(551,124)
BM 0.0 bounds: (265,227),(319,219),(323,243),(268,251)
Ratary 0.0 bounds: (416,299),(431,297),(431,302),(417,304)
le 0.0 bounds: (294,340),(303,339),(304,347),(295,349)
BENGALURU 0.0 bounds: (291,353),(330,346),(332,353),(292,360)
MIDNIGHT 0.0 bounds: (291,362),(335,356),(336,365),(292,371)
MADATHON 0.0 bounds: (294,373),(336,367),(336,372),(295,379)
KA51 0.0 bounds: (581,340),(603,339),(604,354),(582,355)
F517 0.0 bounds: (587,356),(603,355),(604,367),(588,368)
Begster 0.0 bounds: (265,475),(283,474),(283,480),(265,481)
atomi 0.0 bounds: (285,474),(314,473),(314,480),(285,481)
AS 0.0 bounds: (303,494),(327,495),(326,511),(302,510)
517 0.0 bounds: (317,495),(352,497),(351,513),(316,511)
