B-TRAC
metro LAT Construction
dar airno grssagd
cariei dcand suarut anc ca
Metro work in progress.
Kamaraj Road towards MG Road ie
partially clos
Use alternate ror
 0.0 bounds: (186,308),(592,308),(592,397),(186,397)
B-TRAC 0.0 bounds: (559,309),(592,308),(592,321),(559,322)
metro 0.0 bounds: (234,308),(258,308),(258,317),(234,317)
LAT 0.0 bounds: (283,308),(296,308),(296,317),(283,317)
Construction 0.0 bounds: (297,310),(334,310),(334,315),(297,315)
dar 0.0 bounds: (222,321),(243,322),(242,332),(221,331)
airno 0.0 bounds: (245,322),(272,323),(271,334),(244,333)
grssagd 0.0 bounds: (276,324),(307,326),(306,337),(275,335)
cariei 0.0 bounds: (192,345),(214,346),(214,353),(192,352)
dcand 0.0 bounds: (217,345),(248,346),(248,355),(217,354)
suarut 0.0 bounds: (252,347),(278,348),(278,353),(252,352)
anc 0.0 bounds: (283,349),(312,350),(312,357),(283,356)
ca 0.0 bounds: (316,349),(329,349),(329,354),(316,354)
Metro 0.0 bounds: (210,358),(234,359),(234,365),(210,364)
work 0.0 bounds: (238,359),(259,360),(259,366),(238,365)
in 0.0 bounds: (263,360),(269,360),(269,365),(263,365)
progress. 0.0 bounds: (274,361),(313,363),(313,370),(274,368)
Kamaraj 0.0 bounds: (186,367),(222,368),(222,376),(186,375)
Road 0.0 bounds: (226,368),(246,369),(246,376),(226,375)
towards 0.0 bounds: (250,366),(284,367),(284,376),(250,375)
MG 0.0 bounds: (288,368),(301,368),(301,376),(288,376)
Road 0.0 bounds: (305,368),(327,369),(327,380),(305,379)
ie 0.0 bounds: (329,369),(335,369),(335,379),(329,379)
partially 0.0 bounds: (225,378),(261,378),(261,386),(225,386)
clos 0.0 bounds: (265,380),(284,380),(284,387),(265,387)
Use 0.0 bounds: (213,387),(231,387),(231,396),(213,396)
alternate 0.0 bounds: (235,388),(274,389),(274,396),(235,395)
ror 0.0 bounds: (278,388),(293,388),(293,397),(278,397)
