LKS & SAREES
UNATHA SLKS A SAREES
De o G
athies Cantra
VAMAHA
 0.0 bounds: (523,61),(819,61),(819,706),(523,706)
LKS 0.0 bounds: (717,84),(744,76),(747,87),(720,95)
& 0.0 bounds: (751,78),(758,76),(760,83),(753,85)
SAREES 0.0 bounds: (763,74),(807,62),(809,69),(765,82)
UNATHA 0.0 bounds: (716,135),(754,127),(757,139),(719,147)
SLKS 0.0 bounds: (756,128),(772,125),(774,134),(758,138)
A 0.0 bounds: (775,125),(778,124),(780,133),(777,134)
SAREES 0.0 bounds: (781,123),(802,119),(803,127),(783,132)
De 0.0 bounds: (737,146),(754,143),(756,152),(739,156)
o 0.0 bounds: (756,142),(771,139),(773,148),(758,151)
G 0.0 bounds: (789,135),(793,134),(795,143),(791,144)
athies 0.0 bounds: (780,243),(802,239),(803,246),(781,250)
Cantra 0.0 bounds: (804,239),(818,237),(819,244),(805,246)
VAMAHA 0.0 bounds: (525,681),(592,690),(590,705),(523,697)
