Maherbie
మేజింది
BAn RESTRANT
dado
RESDENCY ROAD
Stelhiad
 0.0 bounds: (95,250),(841,250),(841,428),(95,428)
Maherbie 0.0 bounds: (107,250),(227,276),(216,329),(96,303)
మేజింది 0.0 bounds: (251,289),(324,305),(319,329),(246,313)
BAn 0.0 bounds: (130,302),(149,307),(148,312),(129,308)
RESTRANT 0.0 bounds: (152,307),(213,322),(212,328),(150,314)
dado 0.0 bounds: (449,367),(489,367),(489,381),(449,381)
RESDENCY 0.0 bounds: (447,384),(474,382),(475,392),(448,394)
ROAD 0.0 bounds: (476,384),(487,383),(487,390),(476,391)
Stelhiad 0.0 bounds: (810,414),(840,412),(841,426),(811,428)
