tan udam cut
पेি
fANARONAUTCA LIMITRD
RAL
-- -- -
the 9
INDSTAN ATAi hca un
 0.0 bounds: (299,48),(659,48),(659,231),(299,231)
tan 0.0 bounds: (350,48),(368,50),(367,57),(349,55)
udam 0.0 bounds: (378,55),(409,59),(408,64),(377,60)
cut 0.0 bounds: (412,60),(432,63),(431,68),(411,65)
पेি 0.0 bounds: (366,59),(398,62),(397,72),(365,69)
fANARONAUTCA 0.0 bounds: (361,69),(416,76),(415,84),(360,77)
LIMITRD 0.0 bounds: (417,76),(435,78),(434,86),(416,84)
RAL 0.0 bounds: (300,55),(331,57),(330,66),(299,64)
-- 0.0 bounds: (486,112),(512,115),(511,121),(485,118)
-- 0.0 bounds: (541,117),(555,118),(554,124),(540,123)
- 0.0 bounds: (584,121),(595,122),(594,128),(583,127)
the 0.0 bounds: (610,186),(630,186),(630,192),(610,192)
9 0.0 bounds: (644,187),(648,187),(648,193),(644,193)
INDSTAN 0.0 bounds: (591,224),(614,224),(614,231),(591,231)
ATAi 0.0 bounds: (618,224),(637,224),(637,231),(618,231)
hca 0.0 bounds: (640,226),(648,226),(648,231),(640,231)
un 0.0 bounds: (651,227),(659,227),(659,231),(651,231)
