Namrata
Purohit
Now on the First Floor
Enquiries: +91 78997 70015
IDEA
GIRAFe
SERVE
VOLLEY
60%
 0.0 bounds: (174,0),(809,0),(809,258),(174,258)
Namrata 0.0 bounds: (721,15),(791,0),(795,17),(724,32)
Purohit 0.0 bounds: (732,31),(791,15),(796,33),(737,49)
Now 0.0 bounds: (682,85),(701,80),(704,89),(684,94)
on 0.0 bounds: (707,80),(716,78),(718,84),(709,87)
the 0.0 bounds: (720,74),(734,70),(736,80),(723,84)
First 0.0 bounds: (738,68),(757,63),(760,73),(741,79)
Floor 0.0 bounds: (763,62),(787,56),(790,66),(766,73)
Enquiries: 0.0 bounds: (672,103),(717,91),(721,105),(676,117)
+91 0.0 bounds: (722,90),(737,86),(740,97),(725,101)
78997 0.0 bounds: (744,84),(771,77),(774,88),(747,96)
70015 0.0 bounds: (776,77),(806,69),(809,81),(779,89)
IDEA 0.0 bounds: (174,210),(214,208),(215,220),(175,222)
GIRAFe 0.0 bounds: (176,235),(224,232),(225,243),(177,246)
SERVE 0.0 bounds: (278,226),(358,221),(359,239),(279,244)
VOLLEY 0.0 bounds: (281,245),(355,241),(356,254),(282,258)
60% 0.0 bounds: (615,238),(642,237),(643,255),(616,256)
