LEADER NOW
wwwm
WORLD TITA
WSaln
vivo
Can Mnic
TITAN WE
PROFESSIONAL
TITAN
PERFECTMES
 0.0 bounds: (-1,141),(491,141),(491,541),(-1,541)
LEADER 0.0 bounds: (6,141),(47,163),(40,175),(-1,153)
NOW 0.0 bounds: (52,167),(78,181),(74,190),(47,176)
wwwm 0.0 bounds: (151,215),(198,239),(193,250),(145,226)
WORLD 0.0 bounds: (236,241),(299,275),(288,294),(226,260)
TITA 0.0 bounds: (300,275),(332,292),(323,309),(291,292)
WSaln 0.0 bounds: (96,234),(119,245),(117,248),(94,238)
vivo 0.0 bounds: (134,279),(213,284),(212,305),(133,300)
Can 0.0 bounds: (139,304),(156,305),(156,315),(139,314)
Mnic 0.0 bounds: (176,305),(203,306),(203,315),(176,314)
TITAN 0.0 bounds: (440,382),(472,382),(472,389),(440,389)
WE 0.0 bounds: (478,381),(491,381),(491,387),(478,387)
PROFESSIONAL 0.0 bounds: (340,487),(418,490),(418,502),(340,500)
TITAN 0.0 bounds: (127,474),(241,468),(244,529),(130,535)
PERFECTMES 0.0 bounds: (206,530),(242,526),(243,537),(207,541)
