a
r
S
n
సెల్లో
Sudarshan
ed orfiee) ILAS
Bewellers
WHOLESALE P RICE
KANCHEEVARAN-DRESS MATERIALS-kaymoto
READYMADE NENS WOMENS KIDS
DIPSG
ICE
Salomi
 0.0 bounds: (77,13),(1063,13),(1063,487),(77,487)
a 0.0 bounds: (643,13),(666,14),(665,42),(642,41)
r 0.0 bounds: (621,54),(673,58),(671,91),(619,88)
S 0.0 bounds: (633,105),(654,107),(651,137),(630,135)
n 0.0 bounds: (590,272),(633,277),(628,313),(585,308)
సెల్లో 0.0 bounds: (851,368),(1017,303),(1063,421),(897,485)
Sudarshan 0.0 bounds: (248,351),(484,379),(479,421),(243,393)
ed 0.0 bounds: (414,368),(447,371),(446,386),(413,383)
orfiee) 0.0 bounds: (449,370),(484,373),(483,389),(448,386)
ILAS 0.0 bounds: (530,378),(582,382),(581,397),(529,393)
Bewellers 0.0 bounds: (478,394),(580,400),(579,420),(477,414)
WHOLESALE 0.0 bounds: (258,394),(401,408),(400,421),(257,407)
P 0.0 bounds: (412,408),(420,409),(419,422),(411,421)
RICE 0.0 bounds: (444,414),(487,418),(486,429),(443,425)
KANCHEEVARAN-DRESS 0.0 bounds: (223,404),(382,420),(380,437),(221,421)
MATERIALS-kaymoto 0.0 bounds: (387,421),(560,438),(559,454),(385,437)
READYMADE 0.0 bounds: (217,422),(300,431),(298,448),(215,439)
NENS 0.0 bounds: (305,431),(350,436),(348,453),(303,448)
WOMENS 0.0 bounds: (358,437),(434,445),(432,463),(356,455)
KIDS 0.0 bounds: (454,447),(502,452),(500,469),(452,464)
DIPSG 0.0 bounds: (860,470),(886,472),(885,485),(859,483)
ICE 0.0 bounds: (849,488),(810,479),(813,466),(852,474)
Salomi 0.0 bounds: (105,144),(163,217),(136,238),(78,166)
