a Ca of The
E RITZ AT
d og
Riwaz
EXECC INC
TZ-CARLTON
BANGAI ORE
LANTERN
DIM SUM LUNCH
ESDENCY R BANGALORE sdes an oo
 0.0 bounds: (0,2),(259,2),(259,207),(0,207)
a 0.0 bounds: (136,2),(138,2),(137,9),(135,9)
Ca 0.0 bounds: (140,2),(142,2),(141,9),(139,9)
of 0.0 bounds: (193,6),(211,7),(210,14),(192,13)
The 0.0 bounds: (213,7),(223,8),(222,16),(212,15)
E 0.0 bounds: (103,98),(105,98),(105,105),(103,105)
RITZ 0.0 bounds: (109,97),(123,96),(124,104),(110,105)
AT 0.0 bounds: (140,95),(145,95),(144,102),(139,102)
d 0.0 bounds: (5,27),(9,28),(8,34),(4,34)
og 0.0 bounds: (20,31),(36,33),(35,38),(19,36)
Riwaz 0.0 bounds: (198,68),(259,83),(255,102),(193,86)
EXECC 0.0 bounds: (181,85),(210,91),(209,100),(179,94)
INC 0.0 bounds: (237,96),(253,99),(251,108),(235,105)
TZ-CARLTON 0.0 bounds: (114,100),(159,107),(159,112),(113,105)
BANGAI 0.0 bounds: (100,107),(127,111),(126,116),(99,112)
ORE 0.0 bounds: (130,111),(144,113),(143,118),(129,116)
LANTERN 0.0 bounds: (1,133),(64,141),(62,151),(0,143)
DIM 0.0 bounds: (1,145),(19,147),(18,157),(0,155)
SUM 0.0 bounds: (21,147),(36,149),(35,159),(20,157)
LUNCH 0.0 bounds: (37,152),(59,154),(58,161),(36,159)
ESDENCY 0.0 bounds: (28,180),(56,184),(55,192),(27,188)
R 0.0 bounds: (58,186),(64,187),(63,193),(57,192)
BANGALORE 0.0 bounds: (75,190),(104,194),(103,198),(74,194)
sdes 0.0 bounds: (108,192),(128,195),(127,202),(107,199)
an 0.0 bounds: (144,200),(150,201),(150,203),(144,202)
oo 0.0 bounds: (164,203),(180,205),(180,207),(164,205)
