TV teriorSTO
Th
our search ends'aere
OYO
SILKS
HOTEL
HIGH STREET
TONTUR
BREA
 0.0 bounds: (0,17),(437,17),(437,349),(0,349)
TV 0.0 bounds: (7,17),(27,27),(20,40),(0,30)
teriorSTO 0.0 bounds: (54,40),(120,73),(113,87),(47,54)
Th 0.0 bounds: (129,137),(140,141),(138,149),(126,146)
our 0.0 bounds: (9,112),(31,120),(26,132),(5,124)
search 0.0 bounds: (36,121),(70,133),(66,145),(32,133)
ends'aere 0.0 bounds: (72,136),(120,153),(116,165),(68,148)
OYO 0.0 bounds: (314,205),(337,205),(337,213),(314,213)
SILKS 0.0 bounds: (417,273),(437,272),(437,278),(417,279)
HOTEL 0.0 bounds: (258,263),(308,261),(308,270),(258,272)
HIGH 0.0 bounds: (246,278),(269,277),(269,285),(246,286)
STREET 0.0 bounds: (276,277),(321,275),(321,284),(276,286)
TONTUR 0.0 bounds: (369,293),(401,293),(401,303),(369,303)
BREA 0.0 bounds: (273,336),(299,335),(300,348),(274,349)
