Prasiddhi
INIED
SILKS
INTER NATIONAL INSTITUTE OFFAION DES
Mob 00067356
2nd floor
ATM
ING
A ak
LIVE DEMO
Get up t
on your
Savings
balance.
 0.0 bounds: (28,216),(719,216),(719,561),(28,561)
Prasiddhi 0.0 bounds: (33,216),(154,232),(149,270),(28,254)
INIED 0.0 bounds: (354,239),(445,244),(443,277),(352,272)
SILKS 0.0 bounds: (102,255),(146,261),(144,270),(101,264)
INTER 0.0 bounds: (326,268),(346,269),(345,279),(325,278)
NATIONAL 0.0 bounds: (348,269),(378,271),(377,281),(347,279)
INSTITUTE 0.0 bounds: (380,271),(409,273),(408,283),(379,281)
OFFAION 0.0 bounds: (411,273),(446,275),(445,285),(410,283)
DES 0.0 bounds: (449,275),(459,276),(458,286),(448,285)
Mob 0.0 bounds: (343,279),(358,280),(358,286),(343,285)
00067356 0.0 bounds: (364,280),(402,282),(402,288),(364,286)
2nd 0.0 bounds: (301,279),(313,279),(313,284),(301,284)
floor 0.0 bounds: (315,280),(328,280),(328,285),(315,285)
ATM 0.0 bounds: (491,355),(506,355),(506,360),(491,360)
ING 0.0 bounds: (356,382),(379,382),(379,393),(356,393)
A 0.0 bounds: (435,380),(479,378),(480,395),(436,397)
ak 0.0 bounds: (481,381),(494,380),(494,387),(481,388)
LIVE 0.0 bounds: (668,451),(688,451),(688,458),(668,458)
DEMO 0.0 bounds: (691,450),(719,450),(719,459),(691,459)
Get 0.0 bounds: (402,509),(419,509),(419,517),(402,517)
up 0.0 bounds: (423,512),(435,512),(435,519),(423,519)
t 0.0 bounds: (439,511),(445,511),(445,517),(439,517)
on 0.0 bounds: (399,521),(416,521),(416,534),(399,534)
your 0.0 bounds: (418,521),(441,521),(441,534),(418,534)
Savings 0.0 bounds: (399,536),(438,535),(438,547),(399,548)
balance. 0.0 bounds: (399,549),(440,551),(439,561),(398,559)
