woe
Chamasthata Kokka Sube
02
Sulya
Kateelu
3TIMLULIC
 0.0 bounds: (456,3),(1023,3),(1023,235),(456,235)
woe 0.0 bounds: (897,5),(921,4),(921,11),(897,12)
Chamasthata 0.0 bounds: (934,15),(977,10),(977,16),(935,21)
Kokka 0.0 bounds: (982,7),(1005,4),(1006,12),(983,15)
Sube 0.0 bounds: (1007,5),(1022,3),(1023,10),(1008,12)
02 0.0 bounds: (904,21),(935,19),(936,38),(905,40)
Sulya 0.0 bounds: (932,39),(948,38),(949,46),(933,47)
Kateelu 0.0 bounds: (980,33),(1007,31),(1007,38),(980,40)
3TIMLULIC 0.0 bounds: (456,219),(555,222),(555,235),(456,232)
