LEGENDARY STYLE
OR LOST CULTURE
FEELTHEOTHERSIDE
PELE
&privén
flybus
www.krt
at.
Fackie
 0.0 bounds: (99,145),(865,145),(865,517),(99,517)
LEGENDARY 0.0 bounds: (436,156),(510,149),(511,160),(437,167)
STYLE 0.0 bounds: (514,149),(553,145),(554,156),(515,160)
OR 0.0 bounds: (436,172),(453,170),(454,180),(437,182)
LOST 0.0 bounds: (457,169),(488,166),(489,177),(458,180)
CULTURE 0.0 bounds: (492,165),(549,160),(550,171),(493,176)
FEELTHEOTHERSIDE 0.0 bounds: (513,204),(587,197),(587,204),(514,211)
PELE 0.0 bounds: (541,220),(559,218),(560,225),(542,227)
&privén 0.0 bounds: (519,245),(586,238),(587,255),(521,262)
flybus 0.0 bounds: (138,356),(182,358),(181,376),(137,374)
www.krt 0.0 bounds: (99,371),(140,373),(140,379),(99,377)
at. 0.0 bounds: (726,440),(865,441),(865,514),(726,513)
Fackie 0.0 bounds: (804,501),(852,493),(855,508),(807,517)
