M BIRIYAN
EXCEL ACADAMICS
Footal Coac
BMT
do ab
Ambur
O OA
JONRACKS
 0.0 bounds: (-1,-1),(1022,-1),(1022,525),(-1,525)
M 0.0 bounds: (15,226),(29,234),(14,261),(0,253)
BIRIYAN 0.0 bounds: (31,234),(85,265),(69,292),(15,262)
EXCEL 0.0 bounds: (894,313),(926,307),(929,324),(897,330)
ACADAMICS 0.0 bounds: (931,309),(995,298),(998,312),(934,324)
Footal 0.0 bounds: (996,330),(1008,329),(1008,335),(996,336)
Coac 0.0 bounds: (1010,330),(1019,330),(1019,335),(1010,335)
BMT 0.0 bounds: (963,465),(1022,468),(1021,483),(962,480)
do 0.0 bounds: (936,478),(979,483),(974,523),(932,518)
ab 0.0 bounds: (981,483),(999,485),(994,525),(977,523)
Ambur 0.0 bounds: (17,444),(49,443),(50,459),(18,460)
O 0.0 bounds: (659,492),(667,492),(667,503),(659,503)
OA 0.0 bounds: (669,492),(681,492),(681,503),(669,503)
JONRACKS 0.0 bounds: (24,-1),(88,80),(71,93),(8,12)
