NAVRATHAN
THE PR
Cerghing. pw.iro re
000 25 6 MG J 00
PUBLISHERS
e 75 M
HOTEL
మే గాంధి ఉ
Gand Rad
SCT NO-LETTERS
PEA
 0.0 bounds: (222,27),(1035,27),(1035,477),(222,477)
NAVRATHAN 0.0 bounds: (248,151),(369,156),(368,170),(247,165)
THE 0.0 bounds: (962,61),(999,40),(1012,63),(975,84)
PR 0.0 bounds: (1002,39),(1022,28),(1034,50),(1014,61)
Cerghing. 0.0 bounds: (257,171),(305,173),(305,181),(257,179)
pw.iro 0.0 bounds: (311,174),(340,175),(340,182),(311,181)
re 0.0 bounds: (356,176),(360,176),(360,183),(356,183)
000 0.0 bounds: (222,183),(235,184),(235,192),(222,191)
25 0.0 bounds: (237,184),(243,184),(243,191),(237,191)
6 0.0 bounds: (259,185),(265,185),(265,192),(259,192)
MG 0.0 bounds: (278,185),(287,185),(287,193),(278,193)
J 0.0 bounds: (304,187),(317,188),(317,195),(304,194)
00 0.0 bounds: (378,191),(391,192),(391,197),(378,196)
PUBLISHERS 0.0 bounds: (970,85),(1012,63),(1020,77),(977,99)
e 0.0 bounds: (987,97),(997,92),(1000,98),(990,103)
75 0.0 bounds: (1000,91),(1010,86),(1013,92),(1003,97)
M 0.0 bounds: (1015,83),(1019,81),(1023,88),(1019,90)
HOTEL 0.0 bounds: (549,162),(579,162),(579,171),(549,171)
మే 0.0 bounds: (356,253),(368,253),(368,264),(356,264)
గాంధి 0.0 bounds: (390,254),(407,255),(407,266),(390,265)
ఉ 0.0 bounds: (413,257),(422,257),(422,265),(413,265)
Gand 0.0 bounds: (467,262),(482,262),(482,268),(467,268)
Rad 0.0 bounds: (488,263),(501,263),(501,269),(488,269)
SCT 0.0 bounds: (923,337),(932,337),(932,345),(923,345)
NO-LETTERS 0.0 bounds: (934,335),(970,336),(970,347),(934,346)
PEA 0.0 bounds: (951,462),(985,462),(985,477),(951,477)
