NATARAJA ENTERPRISES
ह ।
10 A he
S.R.. SILK Traders
WHOLESALE SHOW ROOM
KAJE VA NAVARAMEDoNG SABEE
PURE SLATSLK DESIGNERS FANCY SAREE
une m
Sunrise
JE WBE.. E R S
GROUP
SINCE: 1960
1511, Avenue Radd, Bengaluru - 560 002.
జి.ఎనో.కృ్యలేద్ది ననా
thing
Sunrise
Jewesiers
GOLD
UER
DIA
 0.0 bounds: (28,46),(555,46),(555,347),(28,347)
NATARAJA 0.0 bounds: (28,86),(80,70),(85,88),(34,104)
ENTERPRISES 0.0 bounds: (86,68),(157,46),(162,64),(92,86)
ह 0.0 bounds: (58,103),(103,89),(104,93),(59,107)
। 0.0 bounds: (145,77),(159,73),(160,75),(146,80)
10 0.0 bounds: (59,107),(69,104),(70,109),(60,112)
A 0.0 bounds: (100,94),(101,94),(102,98),(101,99)
he 0.0 bounds: (114,90),(119,89),(120,93),(115,95)
S.R.. 0.0 bounds: (30,173),(64,165),(67,179),(33,187)
SILK 0.0 bounds: (69,163),(102,155),(106,171),(73,179)
Traders 0.0 bounds: (107,153),(160,141),(163,157),(111,170)
WHOLESALE 0.0 bounds: (48,189),(92,179),(94,188),(50,198)
SHOW 0.0 bounds: (95,179),(118,174),(120,180),(97,186)
ROOM 0.0 bounds: (121,172),(144,167),(146,175),(123,181)
KAJE 0.0 bounds: (34,202),(53,198),(54,206),(36,210)
VA 0.0 bounds: (55,198),(60,197),(61,204),(57,205)
NAVARAMEDoNG 0.0 bounds: (76,193),(140,179),(142,187),(78,201)
SABEE 0.0 bounds: (142,178),(163,173),(164,181),(144,186)
PURE 0.0 bounds: (38,211),(49,209),(50,216),(39,218)
SLATSLK 0.0 bounds: (52,208),(87,201),(89,209),(54,216)
DESIGNERS 0.0 bounds: (91,200),(117,195),(119,203),(93,208)
FANCY 0.0 bounds: (122,194),(139,191),(140,198),(124,202)
SAREE 0.0 bounds: (142,190),(163,186),(164,192),(143,196)
une 0.0 bounds: (76,211),(101,206),(102,212),(77,217)
m 0.0 bounds: (130,202),(145,199),(146,205),(131,208)
Sunrise 0.0 bounds: (323,125),(457,97),(465,136),(331,164)
JE 0.0 bounds: (341,163),(359,159),(361,172),(344,176)
WBE.. 0.0 bounds: (362,156),(419,143),(422,160),(366,173)
E 0.0 bounds: (422,144),(431,142),(434,158),(425,160)
R 0.0 bounds: (432,141),(450,137),(453,153),(435,157)
S 0.0 bounds: (449,139),(458,137),(460,149),(452,151)
GROUP 0.0 bounds: (511,145),(553,138),(555,146),(512,153)
SINCE: 0.0 bounds: (375,176),(403,169),(405,178),(377,185)
1960 0.0 bounds: (408,170),(427,165),(429,172),(410,177)
1511, 0.0 bounds: (332,193),(352,189),(353,197),(334,201)
Avenue 0.0 bounds: (355,190),(380,185),(380,190),(356,195)
Radd, 0.0 bounds: (382,181),(404,177),(405,186),(384,190)
Bengaluru 0.0 bounds: (408,179),(446,171),(448,180),(410,188)
- 0.0 bounds: (451,174),(452,174),(452,174),(451,174)
560 0.0 bounds: (455,169),(468,166),(469,173),(456,176)
002. 0.0 bounds: (471,164),(487,161),(488,169),(473,172)
జి.ఎనో.కృ్యలేద్ది 0.0 bounds: (63,284),(146,269),(148,284),(66,299)
ననా 0.0 bounds: (152,269),(176,265),(178,279),(154,283)
thing 0.0 bounds: (189,274),(210,270),(211,279),(191,283)
Sunrise 0.0 bounds: (188,289),(231,296),(230,306),(186,299)
Jewesiers 0.0 bounds: (103,320),(150,312),(152,322),(105,330)
GOLD 0.0 bounds: (48,342),(63,341),(63,346),(48,347)
UER 0.0 bounds: (114,333),(128,331),(129,338),(115,340)
DIA 0.0 bounds: (174,325),(189,324),(189,330),(174,331)
