MGDF
HANDFUL OE GIRTS
15 CRORES
WORTH GIFIS
ICFENSONROAD A
MALABAR
 0.0 bounds: (119,95),(260,95),(260,248),(119,248)
MGDF 0.0 bounds: (166,95),(195,99),(194,106),(165,103)
HANDFUL 0.0 bounds: (138,115),(197,123),(195,134),(136,127)
OE 0.0 bounds: (202,124),(222,127),(220,138),(200,136)
GIRTS 0.0 bounds: (224,126),(252,130),(250,142),(222,139)
15 0.0 bounds: (156,156),(178,158),(177,171),(155,169)
CRORES 0.0 bounds: (187,159),(236,164),(234,178),(186,173)
WORTH 0.0 bounds: (167,172),(200,176),(199,184),(166,180)
GIFIS 0.0 bounds: (203,177),(233,180),(232,187),(202,184)
ICFENSONROAD 0.0 bounds: (119,223),(166,225),(166,231),(119,229)
A 0.0 bounds: (193,226),(200,226),(200,231),(193,231)
MALABAR 0.0 bounds: (231,240),(260,242),(260,248),(231,246)
