RAN'S
EE COLLEGE
CEA / SERA
PCE/ POE
RRA BCA
IONS
TEMPLE
5574656
 0.0 bounds: (-1,55),(56,55),(56,191),(-1,191)
RAN'S 0.0 bounds: (5,55),(56,66),(51,88),(0,76)
EE 0.0 bounds: (2,76),(13,78),(11,89),(0,87)
COLLEGE 0.0 bounds: (17,79),(49,86),(47,96),(15,90)
CEA 0.0 bounds: (2,96),(17,99),(14,109),(0,106)
/ 0.0 bounds: (19,100),(25,101),(23,110),(17,109)
SERA 0.0 bounds: (25,103),(39,106),(37,112),(24,109)
PCE/ 0.0 bounds: (1,108),(26,111),(25,120),(0,117)
POE 0.0 bounds: (26,116),(41,118),(40,123),(25,121)
RRA 0.0 bounds: (1,119),(21,122),(19,133),(-1,130)
BCA 0.0 bounds: (22,125),(39,128),(38,134),(21,132)
IONS 0.0 bounds: (8,146),(38,151),(36,163),(6,158)
TEMPLE 0.0 bounds: (1,171),(36,176),(35,182),(0,177)
5574656 0.0 bounds: (3,178),(37,182),(36,191),(2,187)
