40
EST
Higher
THE
Spot
oriers
Move-in
Ready
Homes (OC Recd)
Flesi Pavment
బి-టా
ONE
JOller ends on September 30
BANGALORE
Apartments starting from 3 C
WEST
ONE
BANGALORE
PHOENIX WEST LIVE WELE
HOATON A FT
To know morE
1800 3001 8003
www.onebangalorewest.in
 0.0 bounds: (587,-2),(913,-2),(913,302),(587,302)
40 0.0 bounds: (598,53),(650,59),(646,95),(594,89)
EST 0.0 bounds: (622,82),(697,52),(712,91),(637,120)
Higher 0.0 bounds: (836,8),(862,-1),(865,7),(839,16)
THE 0.0 bounds: (645,55),(669,47),(673,59),(649,67)
Spot 0.0 bounds: (764,26),(783,21),(785,27),(765,32)
oriers 0.0 bounds: (765,35),(787,29),(789,35),(766,41)
Move-in 0.0 bounds: (862,24),(909,8),(912,14),(864,31)
Ready 0.0 bounds: (839,33),(865,24),(867,32),(842,41)
Homes 0.0 bounds: (835,42),(863,33),(866,43),(838,52)
(OC 0.0 bounds: (867,35),(882,30),(884,37),(869,42)
Recd) 0.0 bounds: (885,29),(911,21),(913,27),(887,36)
Flesi 0.0 bounds: (764,63),(779,58),(781,65),(766,70)
Pavment 0.0 bounds: (784,59),(811,50),(812,56),(786,65)
బి-టా 0.0 bounds: (589,118),(622,123),(620,137),(587,132)
ONE 0.0 bounds: (643,133),(673,126),(677,141),(646,148)
JOller 0.0 bounds: (764,116),(787,109),(790,121),(767,128)
ends 0.0 bounds: (788,111),(804,106),(806,113),(790,118)
on 0.0 bounds: (809,107),(817,105),(818,109),(810,111)
September 0.0 bounds: (823,101),(867,88),(870,97),(826,110)
30 0.0 bounds: (869,85),(881,82),(884,92),(872,96)
BANGALORE 0.0 bounds: (623,160),(700,139),(704,151),(626,173)
Apartments 0.0 bounds: (766,141),(803,131),(805,140),(768,150)
starting 0.0 bounds: (808,131),(835,124),(837,132),(810,139)
from 0.0 bounds: (838,123),(855,118),(857,125),(840,130)
3 0.0 bounds: (859,118),(869,115),(870,122),(861,125)
C 0.0 bounds: (872,114),(885,111),(886,118),(874,121)
WEST 0.0 bounds: (625,179),(701,161),(707,187),(631,205)
ONE 0.0 bounds: (813,182),(840,177),(842,189),(815,194)
BANGALORE 0.0 bounds: (813,192),(890,181),(893,199),(816,210)
PHOENIX 0.0 bounds: (761,217),(805,211),(806,223),(763,229)
WEST 0.0 bounds: (814,209),(847,205),(848,216),(815,220)
LIVE 0.0 bounds: (852,204),(872,201),(873,213),(854,216)
WELE 0.0 bounds: (874,207),(892,205),(892,209),(875,211)
HOATON 0.0 bounds: (848,219),(873,216),(874,223),(849,226)
A 0.0 bounds: (875,216),(877,216),(878,222),(876,222)
FT 0.0 bounds: (879,215),(882,215),(883,221),(880,221)
To 0.0 bounds: (803,261),(810,260),(810,266),(803,267)
know 0.0 bounds: (812,260),(830,259),(830,265),(812,266)
morE 0.0 bounds: (834,259),(853,258),(853,263),(834,264)
1800 0.0 bounds: (785,276),(808,274),(809,284),(786,286)
3001 0.0 bounds: (814,273),(838,271),(839,282),(815,284)
8003 0.0 bounds: (847,271),(876,269),(877,280),(848,282)
www.onebangalorewest.in 0.0 bounds: (776,290),(893,284),(893,296),(777,302)
