BISHOP COTTON BOYS SCHOOL
PRESENTS
ThePrince of Peace
ASPECTACULARCHRISTMAS MUSICAL
DIRECTED BY: JOHN ZACHARIAH
CTH
c dected
Mu CHARIAH &
WIN DAILY
PRIZES FROM
LILLIAN
JASON ZACHARIAH
pnal chopography by
VIJAY AND LVDS TEAM
1 MG-Lidc Ma
ANAZARIUS MANOHARAN
witha cast of nearty 1500
cding PREM KOSHY as HEROO
ONAY 19TH DECEMB
 0.0 bounds: (665,118),(1022,118),(1022,328),(665,328)
BISHOP 0.0 bounds: (676,154),(711,144),(714,156),(680,166)
COTTON 0.0 bounds: (713,143),(744,134),(747,146),(717,155)
BOYS 0.0 bounds: (747,136),(768,130),(771,139),(750,146)
SCHOOL 0.0 bounds: (772,129),(808,118),(811,128),(775,139)
PRESENTS 0.0 bounds: (720,159),(754,150),(756,157),(722,166)
ThePrince 0.0 bounds: (669,188),(741,170),(744,184),(673,203)
of 0.0 bounds: (746,165),(762,161),(767,179),(751,183)
Peace 0.0 bounds: (767,159),(813,147),(817,166),(772,177)
ASPECTACULARCHRISTMAS 0.0 bounds: (665,206),(774,178),(777,190),(668,218)
MUSICAL 0.0 bounds: (778,178),(819,168),(821,177),(780,188)
DIRECTED 0.0 bounds: (676,219),(712,210),(714,220),(678,229)
BY: 0.0 bounds: (716,212),(728,209),(729,214),(717,217)
JOHN 0.0 bounds: (732,207),(753,202),(755,208),(733,213)
ZACHARIAH 0.0 bounds: (758,201),(811,188),(813,195),(760,208)
CTH 0.0 bounds: (749,217),(779,218),(779,225),(749,224)
c 0.0 bounds: (728,235),(733,234),(734,240),(729,241)
dected 0.0 bounds: (735,233),(758,227),(760,235),(737,241)
Mu 0.0 bounds: (711,242),(727,240),(728,247),(712,249)
CHARIAH 0.0 bounds: (731,239),(777,233),(778,241),(732,247)
& 0.0 bounds: (781,234),(786,233),(786,237),(782,238)
WIN 0.0 bounds: (938,204),(952,202),(953,207),(939,210)
DAILY 0.0 bounds: (957,200),(977,197),(978,203),(958,207)
PRIZES 0.0 bounds: (926,215),(953,210),(953,215),(927,220)
FROM 0.0 bounds: (957,210),(979,206),(979,210),(958,214)
LILLIAN 0.0 bounds: (698,251),(725,245),(727,251),(699,257)
JASON 0.0 bounds: (704,259),(729,254),(730,258),(705,263)
ZACHARIAH 0.0 bounds: (733,253),(781,243),(782,248),(734,258)
pnal 0.0 bounds: (699,270),(730,265),(730,269),(700,274)
chopography 0.0 bounds: (733,264),(781,256),(782,261),(734,269)
by 0.0 bounds: (785,254),(792,253),(793,259),(786,260)
VIJAY 0.0 bounds: (716,277),(737,273),(738,278),(717,282)
AND 0.0 bounds: (741,272),(757,269),(758,274),(742,277)
LVDS 0.0 bounds: (762,268),(782,264),(783,269),(763,273)
TEAM 0.0 bounds: (786,263),(810,259),(811,265),(787,269)
1 0.0 bounds: (942,234),(951,233),(952,243),(943,244)
MG-Lidc 0.0 bounds: (953,232),(997,226),(998,235),(954,242)
Ma 0.0 bounds: (1006,226),(1021,224),(1022,233),(1007,235)
ANAZARIUS 0.0 bounds: (696,290),(743,281),(744,285),(697,294)
MANOHARAN 0.0 bounds: (747,280),(802,270),(803,275),(748,285)
witha 0.0 bounds: (703,302),(722,299),(723,304),(704,307)
cast 0.0 bounds: (725,299),(738,297),(739,302),(726,304)
of 0.0 bounds: (742,297),(748,296),(749,300),(743,301)
nearty 0.0 bounds: (750,295),(770,292),(771,297),(751,300)
1500 0.0 bounds: (775,290),(790,288),(791,294),(776,296)
cding 0.0 bounds: (692,309),(717,306),(718,312),(693,316)
PREM 0.0 bounds: (721,305),(739,302),(740,309),(722,312)
KOSHY 0.0 bounds: (742,303),(764,300),(765,306),(743,309)
as 0.0 bounds: (766,299),(777,297),(778,303),(767,305)
HEROO 0.0 bounds: (779,297),(804,294),(805,300),(780,304)
ONAY 0.0 bounds: (679,324),(705,320),(705,324),(680,328)
19TH 0.0 bounds: (709,319),(724,317),(724,320),(710,323)
DECEMB 0.0 bounds: (728,316),(762,310),(762,315),(729,321)
