uDSON CIRE
Codena
KEMPEOORDA CC
29456 9102
MEENAKSHI
55OD TMT
 0.0 bounds: (150,326),(300,326),(300,452),(150,452)
uDSON 0.0 bounds: (241,326),(264,326),(264,335),(241,335)
CIRE 0.0 bounds: (266,326),(286,326),(286,335),(266,335)
Codena 0.0 bounds: (237,336),(272,336),(272,345),(237,345)
KEMPEOORDA 0.0 bounds: (241,346),(280,344),(280,351),(241,353)
CC 0.0 bounds: (282,345),(300,344),(300,351),(282,352)
29456 0.0 bounds: (175,388),(198,388),(198,395),(175,395)
9102 0.0 bounds: (200,388),(230,388),(230,395),(200,395)
MEENAKSHI 0.0 bounds: (150,432),(227,434),(227,444),(150,442)
55OD 0.0 bounds: (157,445),(187,445),(187,452),(157,452)
TMT 0.0 bounds: (192,446),(220,446),(220,452),(192,452)
