x MoXa
BUFFEY
BUY 4 GET 1
FREE
 0.0 bounds: (801,291),(861,291),(861,379),(801,379)
x 0.0 bounds: (814,292),(823,292),(824,307),(815,307)
MoXa 0.0 bounds: (822,292),(858,291),(858,304),(823,305)
BUFFEY 0.0 bounds: (828,333),(861,333),(861,340),(828,340)
BUY 0.0 bounds: (801,352),(830,352),(830,360),(801,360)
4 0.0 bounds: (832,350),(833,350),(833,362),(832,362)
GET 0.0 bounds: (835,353),(853,353),(853,361),(835,361)
1 0.0 bounds: (859,355),(860,355),(860,361),(859,361)
FREE 0.0 bounds: (803,360),(857,360),(857,379),(803,379)
