St. MARKI CATREDR
n dd o Lavelle Road
ea on d, Kasturba Road.
2o. . d MG Road
5-o.B-TRA
To
et.
Tark's
 0.0 bounds: (22,52),(1023,52),(1023,439),(22,439)
St. 0.0 bounds: (49,252),(69,246),(73,261),(53,266)
MARKI 0.0 bounds: (75,245),(112,245),(112,260),(75,260)
CATREDR 0.0 bounds: (125,245),(167,264),(160,279),(118,261)
n 0.0 bounds: (36,52),(46,54),(44,64),(34,62)
dd 0.0 bounds: (49,53),(63,55),(61,67),(47,65)
o 0.0 bounds: (68,56),(77,58),(75,68),(66,67)
Lavelle 0.0 bounds: (92,59),(119,64),(116,77),(90,72)
Road 0.0 bounds: (121,64),(137,67),(134,81),(119,78)
ea 0.0 bounds: (25,63),(51,68),(48,80),(23,75)
on 0.0 bounds: (54,69),(70,72),(67,84),(52,81)
d, 0.0 bounds: (73,74),(84,76),(82,87),(71,85)
Kasturba 0.0 bounds: (90,76),(116,81),(114,94),(87,89)
Road. 0.0 bounds: (121,82),(145,87),(142,99),(118,95)
2o. 0.0 bounds: (30,78),(44,81),(42,92),(28,89)
. 0.0 bounds: (45,85),(52,86),(50,93),(44,92)
d 0.0 bounds: (58,86),(68,88),(66,96),(56,94)
MG 0.0 bounds: (85,89),(97,91),(94,103),(83,101)
Road 0.0 bounds: (101,93),(118,96),(115,108),(99,105)
5-o.B-TRA 0.0 bounds: (55,96),(119,110),(117,120),(53,106)
To 0.0 bounds: (966,394),(1022,393),(1023,438),(967,439)
et. 0.0 bounds: (73,298),(85,300),(83,310),(71,308)
Tark's 0.0 bounds: (102,303),(131,309),(129,320),(100,314)
