Space
Available
1300
+9190020 99205
NISSAN
BENGALURU SARIGE
alorleled meri
ఉీవణ BMTC
 0.0 bounds: (398,296),(871,296),(871,438),(398,438)
Space 0.0 bounds: (815,296),(850,298),(849,317),(814,315)
Available 0.0 bounds: (806,305),(871,314),(868,340),(802,331)
1300 0.0 bounds: (812,332),(827,334),(826,342),(811,340)
+9190020 0.0 bounds: (800,348),(841,352),(840,361),(799,357)
99205 0.0 bounds: (845,353),(869,356),(868,364),(844,361)
NISSAN 0.0 bounds: (806,388),(865,396),(864,405),(805,397)
BENGALURU 0.0 bounds: (413,382),(453,391),(450,403),(410,394)
SARIGE 0.0 bounds: (455,390),(477,395),(475,408),(452,403)
alorleled 0.0 bounds: (401,398),(451,406),(449,424),(398,416)
meri 0.0 bounds: (456,409),(479,413),(477,425),(454,422)
ఉీవణ 0.0 bounds: (535,415),(555,419),(552,433),(532,429)
BMTC 0.0 bounds: (576,428),(596,432),(594,438),(575,434)
