OMMERCIAL STREE PHOENMAT
FORUM VALE MALL WHTEFED
SKRUTI
ILKS
MMALABAR
 0.0 bounds: (-1,146),(209,146),(209,325),(-1,325)
OMMERCIAL 0.0 bounds: (4,146),(36,160),(32,169),(0,155)
STREE 0.0 bounds: (38,161),(54,168),(50,176),(34,169)
PHOENMAT 0.0 bounds: (59,171),(104,190),(101,197),(56,177)
FORUM 0.0 bounds: (16,161),(35,169),(31,178),(12,170)
VALE 0.0 bounds: (37,171),(55,179),(52,187),(34,179)
MALL 0.0 bounds: (57,179),(72,185),(68,194),(53,188)
WHTEFED 0.0 bounds: (75,187),(102,198),(98,207),(71,196)
SKRUTI 0.0 bounds: (10,217),(113,243),(102,285),(-1,259)
ILKS 0.0 bounds: (4,262),(61,274),(57,294),(0,283)
MMALABAR 0.0 bounds: (162,318),(209,318),(209,325),(162,325)
