MOT Aa
Sri Vanayaka
R
HINGLDE AG
SILKS
Mahaveen's
toarieb
PAVAN
PARADISE
DHOTIS
9 Tod-Gax Ao
2,4.5
BASEMENT FLOOR
9880124440
NHR itn
 0.0 bounds: (85,3),(851,3),(851,390),(85,390)
MOT 0.0 bounds: (188,3),(231,35),(220,49),(177,17)
Aa 0.0 bounds: (233,36),(239,41),(229,55),(222,50)
Sri 0.0 bounds: (399,371),(412,372),(411,381),(398,380)
Vanayaka 0.0 bounds: (420,373),(450,375),(449,385),(419,383)
R 0.0 bounds: (529,56),(552,55),(552,65),(529,66)
HINGLDE 0.0 bounds: (108,33),(237,113),(214,150),(85,70)
AG 0.0 bounds: (258,127),(292,148),(270,184),(236,163)
SILKS 0.0 bounds: (530,133),(555,131),(555,137),(530,139)
Mahaveen's 0.0 bounds: (102,158),(186,168),(183,200),(98,190)
toarieb 0.0 bounds: (815,238),(851,238),(851,247),(815,247)
PAVAN 0.0 bounds: (424,236),(481,235),(481,253),(424,254)
PARADISE 0.0 bounds: (424,257),(482,255),(483,272),(425,274)
DHOTIS 0.0 bounds: (816,274),(846,274),(846,281),(816,281)
9 0.0 bounds: (350,251),(355,253),(349,267),(344,265)
Tod-Gax 0.0 bounds: (357,256),(379,266),(373,278),(351,269)
Ao 0.0 bounds: (381,268),(392,273),(387,284),(376,279)
2,4.5 0.0 bounds: (171,265),(211,279),(205,294),(166,280)
BASEMENT 0.0 bounds: (424,296),(459,296),(459,307),(424,307)
FLOOR 0.0 bounds: (462,298),(480,298),(480,304),(462,304)
9880124440 0.0 bounds: (433,309),(471,308),(471,317),(433,318)
NHR 0.0 bounds: (396,387),(419,386),(419,389),(396,390)
itn 0.0 bounds: (427,386),(443,386),(443,389),(427,389)
