Pepa Jaeme
Aw TOE NOw OPEN A 41, ADE ROAD
Prakash Arts
9880219144
9901526144
anou
Arts & Crafts Emporium
S
 0.0 bounds: (65,17),(1023,17),(1023,342),(65,342)
Pepa 0.0 bounds: (686,17),(708,17),(708,33),(686,33)
Jaeme 0.0 bounds: (710,17),(733,17),(733,34),(710,34)
Aw 0.0 bounds: (684,89),(693,88),(693,92),(684,93)
TOE 0.0 bounds: (696,87),(708,86),(708,90),(696,91)
NOw 0.0 bounds: (711,86),(720,85),(720,88),(711,89)
OPEN 0.0 bounds: (722,85),(733,84),(733,88),(722,89)
A 0.0 bounds: (735,85),(739,85),(739,88),(735,88)
41, 0.0 bounds: (742,84),(747,84),(747,87),(742,87)
ADE 0.0 bounds: (749,84),(767,83),(767,86),(749,87)
ROAD 0.0 bounds: (770,81),(781,80),(781,85),(770,86)
Prakash 0.0 bounds: (70,25),(119,40),(114,55),(66,39)
Arts 0.0 bounds: (140,50),(158,56),(155,64),(137,59)
9880219144 0.0 bounds: (184,61),(238,77),(234,88),(181,73)
9901526144 0.0 bounds: (186,79),(238,94),(235,104),(183,90)
anou 0.0 bounds: (843,238),(869,238),(869,247),(843,247)
Arts 0.0 bounds: (551,233),(567,233),(567,238),(551,238)
& 0.0 bounds: (570,233),(574,233),(574,238),(570,238)
Crafts 0.0 bounds: (578,231),(602,231),(602,237),(578,237)
Emporium 0.0 bounds: (605,230),(642,229),(642,236),(605,237)
S 0.0 bounds: (1009,338),(1023,338),(1023,341),(1009,341)
