KWALITY
Raymond
Athorised Stockist
VIVID
CLOTHING
Ma
D Ofa Cing
2nd Floor
olex
NO
PARKIN
Finole
Cables
 0.0 bounds: (436,186),(748,186),(748,635),(436,635)
KWALITY 0.0 bounds: (443,189),(513,186),(514,203),(444,206)
Raymond 0.0 bounds: (436,210),(507,204),(508,225),(438,231)
Athorised 0.0 bounds: (440,233),(483,231),(483,240),(440,242)
Stockist 0.0 bounds: (485,230),(517,228),(517,238),(485,240)
VIVID 0.0 bounds: (459,400),(487,399),(487,406),(459,407)
CLOTHING 0.0 bounds: (444,412),(502,410),(502,419),(444,421)
Ma 0.0 bounds: (442,425),(452,425),(452,432),(442,432)
D 0.0 bounds: (442,432),(447,432),(447,438),(442,438)
Ofa 0.0 bounds: (468,431),(480,431),(480,438),(468,438)
Cing 0.0 bounds: (490,431),(503,431),(503,437),(490,437)
2nd 0.0 bounds: (457,496),(471,496),(471,502),(457,502)
Floor 0.0 bounds: (475,495),(494,495),(494,501),(475,501)
olex 0.0 bounds: (455,550),(499,551),(499,567),(455,566)
NO 0.0 bounds: (730,588),(739,588),(739,595),(730,595)
PARKIN 0.0 bounds: (721,599),(745,599),(745,605),(721,605)
Finole 0.0 bounds: (720,617),(747,616),(747,624),(720,625)
Cables 0.0 bounds: (727,628),(748,628),(748,635),(727,635)
