25TH YEAR OF
WEALTH CREATION.
SBI MAGNUM TAXGAIN SCHEME Q
SBI MUTUAL FUND
ME TAGAIN T Tt www.
 0.0 bounds: (655,317),(809,317),(809,453),(655,453)
25TH 0.0 bounds: (683,320),(709,319),(710,333),(684,334)
YEAR 0.0 bounds: (715,320),(750,318),(751,332),(716,334)
OF 0.0 bounds: (756,318),(772,317),(773,330),(757,331)
WEALTH 0.0 bounds: (662,343),(716,342),(716,355),(662,356)
CREATION. 0.0 bounds: (723,341),(796,339),(796,353),(723,355)
SBI 0.0 bounds: (660,369),(673,369),(673,376),(660,376)
MAGNUM 0.0 bounds: (676,368),(712,367),(712,375),(676,376)
TAXGAIN 0.0 bounds: (716,366),(750,365),(750,374),(716,375)
SCHEME 0.0 bounds: (754,365),(787,364),(787,373),(754,374)
Q 0.0 bounds: (793,364),(809,364),(809,374),(793,374)
SBI 0.0 bounds: (655,424),(679,423),(679,433),(655,434)
MUTUAL 0.0 bounds: (681,424),(708,423),(708,430),(681,431)
FUND 0.0 bounds: (711,423),(729,423),(729,429),(711,429)
ME 0.0 bounds: (666,447),(679,447),(679,453),(666,453)
TAGAIN 0.0 bounds: (682,447),(703,447),(703,453),(682,453)
T 0.0 bounds: (715,447),(718,447),(718,453),(715,453)
Tt 0.0 bounds: (746,446),(761,446),(761,450),(746,450)
www. 0.0 bounds: (764,447),(776,447),(776,452),(764,452)
