Stayho
MOXA
LUN H BUFFET
AT499 GST
BU 4 GET 1
REE!
 0.0 bounds: (723,268),(1023,268),(1023,398),(723,398)
Stayho 0.0 bounds: (932,288),(1015,268),(1023,302),(940,322)
MOXA 0.0 bounds: (736,328),(767,328),(767,338),(736,338)
LUN 0.0 bounds: (724,359),(739,359),(739,366),(724,366)
H 0.0 bounds: (741,361),(745,361),(745,365),(741,365)
BUFFET 0.0 bounds: (748,359),(768,359),(768,366),(748,366)
AT499 0.0 bounds: (724,366),(753,366),(753,373),(724,373)
GST 0.0 bounds: (756,366),(768,366),(768,373),(756,373)
BU 0.0 bounds: (723,375),(736,375),(736,382),(723,382)
4 0.0 bounds: (741,376),(745,376),(745,381),(741,381)
GET 0.0 bounds: (749,376),(763,376),(763,382),(749,382)
1 0.0 bounds: (767,376),(768,376),(768,381),(767,381)
REE! 0.0 bounds: (734,386),(770,385),(770,397),(734,398)
