-S.R.S.
ar h
OGD m GOVE OFINDIA
www.srsbooking com
TULLI
 0.0 bounds: (701,227),(868,227),(868,408),(701,408)
-S.R.S. 0.0 bounds: (702,312),(836,313),(836,328),(702,327)
ar 0.0 bounds: (845,361),(853,361),(853,366),(845,366)
h 0.0 bounds: (866,361),(868,361),(868,366),(866,366)
OGD 0.0 bounds: (728,386),(754,386),(754,393),(728,393)
m 0.0 bounds: (759,386),(764,386),(764,393),(759,393)
GOVE 0.0 bounds: (773,387),(795,387),(795,391),(773,391)
OFINDIA 0.0 bounds: (802,388),(840,388),(840,392),(802,392)
www.srsbooking 0.0 bounds: (735,401),(815,401),(815,408),(735,408)
com 0.0 bounds: (821,402),(840,402),(840,407),(821,407)
TULLI 0.0 bounds: (728,227),(728,302),(702,302),(702,227)
