Silks
AVIERA
mang augateo
GAYATHRI
JEWELLERS
As of Enclastie Onaments
Dealers in: Sa
#G-1, Sakalaje
SINGIRI BHASKAR
Asho
Jevrelle
Mo
Ph:222
#154 Avsnue Road, Bangalors - 560 002.
 0.0 bounds: (0,-5),(1021,-5),(1021,413),(0,413)
Silks 0.0 bounds: (132,25),(253,82),(243,103),(122,46)
AVIERA 0.0 bounds: (0,144),(48,109),(60,126),(12,160)
mang 0.0 bounds: (181,156),(273,105),(295,145),(203,196)
augateo 0.0 bounds: (276,101),(452,3),(481,54),(305,153)
GAYATHRI 0.0 bounds: (171,213),(431,90),(458,146),(198,269)
JEWELLERS 0.0 bounds: (247,240),(407,176),(422,215),(262,278)
As 0.0 bounds: (154,321),(212,301),(224,336),(166,356)
of 0.0 bounds: (215,300),(237,292),(249,327),(227,335)
Enclastie 0.0 bounds: (238,291),(301,269),(314,305),(251,327)
Onaments 0.0 bounds: (305,268),(410,231),(422,267),(318,304)
Dealers 0.0 bounds: (568,91),(677,45),(687,69),(578,115)
in: 0.0 bounds: (682,38),(737,14),(751,46),(695,69)
Sa 0.0 bounds: (740,13),(780,-4),(794,27),(753,44)
#G-1, 0.0 bounds: (558,132),(672,86),(683,112),(568,158)
Sakalaje 0.0 bounds: (688,79),(896,-5),(906,21),(698,105)
SINGIRI 0.0 bounds: (591,158),(707,114),(713,130),(597,174)
BHASKAR 0.0 bounds: (718,105),(916,29),(924,51),(726,126)
Asho 0.0 bounds: (37,322),(116,292),(133,335),(54,366)
Jevrelle 0.0 bounds: (31,370),(113,341),(128,384),(46,413)
Mo 0.0 bounds: (949,18),(1014,-5),(1020,13),(955,36)
Ph:222 0.0 bounds: (120,353),(164,337),(168,346),(124,362)
#154 0.0 bounds: (173,359),(197,352),(200,360),(176,368)
Avsnue 0.0 bounds: (201,349),(237,338),(241,351),(205,361)
Road, 0.0 bounds: (239,338),(272,328),(275,341),(243,350)
Bangalors 0.0 bounds: (273,330),(333,312),(337,323),(276,341)
- 0.0 bounds: (344,306),(349,305),(353,317),(348,318)
560 0.0 bounds: (351,303),(375,296),(379,309),(355,316)
002. 0.0 bounds: (375,299),(403,291),(406,300),(378,309)
