Givau
EGVENT FLOON
E205 r
per AP
半4 YANIS
A ASSURANT
703
INICHEA
A ENERN ADVISORS PVE tro
ttos
cgn
707
MIRAE ASSET
THIRD FLOOR
MIRAE A
7os
CANAM Wisearch
Icomscore
B03
PELCO
apolle
711 ZUIKONDIA PVTLTD
DHydro
605 KEAT
606 KET eo rteinga
7ENTH FLOOR
SECOND FLOO
NyCamp
w Hycro
JOTT CHECKS AND BALANCES
AEGIS LOGISTICS LIMMTED
JCDecauX
Bd CARE Ratine Lted
#203 nspira Ispira Enterprise indi
# 204
nde h
AXIS s/sar/Admissions
Pvt. ind.
Y AX
FIRST FLOOR
# 1004 anngn
NINETH FLOOR
#608 aran en codnos
FIFTH FLOOR
PRAWLPLUG
MAMUDARA PARINERS
#102 APEX VISAS
107O 0. D.ne N 2RSiar.
109 mGo MGO INDIA PVTLTD
Purva SIMRANS
LIVE
INDIA
XVA
auw ta
GROUND FLOOR
Ger PRIVA SIMRAN'S SLNS
GOr PRIYA SIMRAN'S SKS
G-04 S G
2RANICOMETK o
25A-Candiia & Rg cld
EUROPE STUDY CENTRE
EG5 KA Global Sourcing India LLP
EXIT
 0.0 bounds: (0,-4),(692,-4),(692,398),(0,398)
Givau 0.0 bounds: (227,9),(276,-4),(279,8),(230,21)
EGVENT 0.0 bounds: (228,56),(260,46),(262,54),(230,64)
FLOON 0.0 bounds: (275,41),(297,34),(299,42),(277,49)
E205 0.0 bounds: (326,33),(344,27),(346,34),(328,40)
r 0.0 bounds: (397,13),(429,3),(430,8),(398,18)
per 0.0 bounds: (515,6),(530,1),(532,8),(517,13)
AP 0.0 bounds: (531,2),(545,-3),(547,2),(533,7)
半 0.0 bounds: (219,73),(230,70),(232,76),(221,80)
4 0.0 bounds: (232,69),(245,65),(247,72),(234,76)
YANIS 0.0 bounds: (268,57),(293,49),(295,57),(270,65)
A 0.0 bounds: (361,43),(369,41),(372,51),(364,54)
ASSURANT 0.0 bounds: (372,39),(420,25),(423,36),(375,51)
703 0.0 bounds: (331,54),(343,51),(344,56),(333,60)
INICHEA 0.0 bounds: (483,31),(522,19),(524,25),(485,38)
A 0.0 bounds: (464,49),(484,43),(486,49),(466,55)
ENERN 0.0 bounds: (487,44),(513,36),(514,41),(488,49)
ADVISORS 0.0 bounds: (517,32),(541,25),(543,31),(519,39)
PVE 0.0 bounds: (543,24),(554,20),(557,28),(545,32)
tro 0.0 bounds: (553,21),(564,17),(567,24),(555,28)
ttos 0.0 bounds: (211,107),(233,102),(235,108),(213,114)
cgn 0.0 bounds: (378,69),(401,62),(405,75),(382,81)
707 0.0 bounds: (333,89),(347,85),(349,91),(335,95)
MIRAE 0.0 bounds: (56,152),(81,144),(84,153),(59,162)
ASSET 0.0 bounds: (83,143),(105,136),(108,145),(86,153)
THIRD 0.0 bounds: (481,68),(512,59),(513,65),(483,74)
FLOOR 0.0 bounds: (518,57),(553,47),(554,53),(520,63)
MIRAE 0.0 bounds: (147,139),(178,155),(175,161),(144,145)
A 0.0 bounds: (183,156),(191,160),(187,169),(179,165)
7os 0.0 bounds: (340,98),(353,95),(354,100),(341,103)
CANAM 0.0 bounds: (226,125),(254,117),(256,125),(228,133)
Wisearch 0.0 bounds: (263,112),(301,102),(304,113),(266,124)
Icomscore 0.0 bounds: (369,95),(426,79),(427,85),(371,101)
B03 0.0 bounds: (215,140),(243,132),(246,144),(218,152)
PELCO 0.0 bounds: (250,128),(296,117),(299,130),(253,141)
apolle 0.0 bounds: (397,99),(418,92),(421,101),(400,108)
711 0.0 bounds: (324,131),(346,126),(349,137),(326,142)
ZUIKONDIA 0.0 bounds: (355,124),(404,113),(406,125),(358,136)
PVTLTD 0.0 bounds: (406,112),(428,107),(431,119),(409,124)
DHydro 0.0 bounds: (504,101),(531,93),(533,102),(507,110)
605 0.0 bounds: (326,148),(345,143),(348,152),(328,157)
KEAT 0.0 bounds: (348,142),(369,137),(371,145),(350,150)
606 0.0 bounds: (330,158),(345,154),(346,160),(331,164)
KET 0.0 bounds: (349,155),(362,152),(362,155),(350,158)
eo 0.0 bounds: (364,152),(384,147),(385,150),(365,155)
rteinga 0.0 bounds: (388,144),(422,136),(423,141),(389,150)
7ENTH 0.0 bounds: (227,175),(254,168),(256,176),(229,183)
FLOOR 0.0 bounds: (261,166),(286,160),(288,168),(263,175)
SECOND 0.0 bounds: (476,126),(517,115),(519,125),(479,136)
FLOO 0.0 bounds: (524,114),(555,106),(557,115),(526,123)
NyCamp 0.0 bounds: (271,181),(297,176),(299,184),(273,189)
w 0.0 bounds: (484,141),(488,140),(490,146),(486,147)
Hycro 0.0 bounds: (516,131),(532,126),(534,133),(518,138)
JOTT 0.0 bounds: (208,209),(226,205),(229,214),(210,219)
CHECKS 0.0 bounds: (228,203),(249,198),(252,209),(231,214)
AND 0.0 bounds: (253,198),(262,196),(264,205),(255,207)
BALANCES 0.0 bounds: (264,195),(301,186),(303,196),(266,205)
AEGIS 0.0 bounds: (342,184),(361,180),(362,187),(343,191)
LOGISTICS 0.0 bounds: (363,180),(393,174),(395,181),(364,187)
LIMMTED 0.0 bounds: (395,175),(415,171),(416,177),(396,181)
JCDecauX 0.0 bounds: (348,194),(392,184),(394,192),(350,202)
Bd 0.0 bounds: (467,164),(487,159),(489,165),(468,170)
CARE 0.0 bounds: (513,154),(529,150),(530,155),(514,159)
Ratine 0.0 bounds: (532,148),(548,144),(550,150),(533,154)
Lted 0.0 bounds: (550,143),(570,138),(572,146),(552,151)
#203 0.0 bounds: (462,178),(487,172),(489,181),(464,187)
nspira 0.0 bounds: (491,169),(517,163),(520,173),(494,180)
Ispira 0.0 bounds: (522,164),(539,160),(540,167),(524,171)
Enterprise 0.0 bounds: (540,158),(567,151),(570,161),(542,168)
indi 0.0 bounds: (569,151),(580,148),(582,157),(571,160)
# 0.0 bounds: (469,185),(474,184),(475,190),(470,191)
204 0.0 bounds: (476,183),(487,181),(488,188),(477,190)
nde 0.0 bounds: (248,218),(260,216),(261,222),(249,224)
h 0.0 bounds: (262,216),(265,215),(266,220),(263,221)
AXIS 0.0 bounds: (0,275),(29,268),(31,275),(2,283)
s/sar/Admissions 0.0 bounds: (41,264),(116,245),(118,254),(43,273)
Pvt. 0.0 bounds: (542,167),(552,165),(553,170),(543,172)
ind. 0.0 bounds: (555,163),(563,161),(564,168),(557,170)
Y 0.0 bounds: (147,248),(157,252),(151,269),(141,265)
AX 0.0 bounds: (154,252),(188,264),(182,281),(148,269)
FIRST 0.0 bounds: (481,191),(517,183),(520,194),(483,202)
FLOOR 0.0 bounds: (521,182),(560,173),(562,184),(523,193)
# 0.0 bounds: (214,264),(218,263),(219,269),(215,270)
1004 0.0 bounds: (217,263),(232,261),(233,267),(218,269)
anngn 0.0 bounds: (238,259),(262,255),(263,262),(239,266)
NINETH 0.0 bounds: (219,272),(252,266),(254,273),(220,279)
FLOOR 0.0 bounds: (256,265),(287,259),(289,269),(258,275)
#608 0.0 bounds: (327,230),(349,226),(350,232),(328,236)
aran 0.0 bounds: (359,226),(386,221),(387,223),(360,229)
en 0.0 bounds: (404,215),(407,214),(408,220),(405,221)
codnos 0.0 bounds: (411,215),(432,211),(432,214),(412,218)
FIFTH 0.0 bounds: (348,234),(376,228),(378,238),(350,244)
FLOOR 0.0 bounds: (382,227),(412,221),(414,230),(384,237)
PRAWLPLUG 0.0 bounds: (358,244),(416,231),(418,240),(360,253)
MAMUDARA 0.0 bounds: (482,213),(535,202),(537,211),(484,222)
PARINERS 0.0 bounds: (546,200),(584,192),(586,201),(548,209)
#102 0.0 bounds: (469,231),(494,226),(496,233),(470,238)
APEX 0.0 bounds: (511,221),(538,215),(540,224),(513,230)
VISAS 0.0 bounds: (545,214),(577,207),(579,217),(547,224)
107O 0.0 bounds: (466,243),(492,238),(493,246),(467,251)
0. 0.0 bounds: (497,237),(507,235),(508,243),(498,245)
D.ne 0.0 bounds: (510,234),(529,231),(530,239),(512,243)
N 0.0 bounds: (532,230),(548,227),(549,235),(533,238)
2RSiar. 0.0 bounds: (552,226),(580,221),(581,228),(553,233)
109 0.0 bounds: (463,254),(482,250),(483,259),(465,263)
mGo 0.0 bounds: (488,249),(505,246),(506,254),(490,257)
MGO 0.0 bounds: (510,244),(528,240),(529,249),(512,253)
INDIA 0.0 bounds: (531,241),(551,237),(552,245),(533,249)
PVTLTD 0.0 bounds: (553,237),(582,231),(584,237),(554,243)
Purva 0.0 bounds: (497,258),(523,254),(525,264),(499,269)
SIMRANS 0.0 bounds: (525,253),(569,245),(571,256),(527,264)
LIVE 0.0 bounds: (142,310),(161,314),(158,324),(140,320)
INDIA 0.0 bounds: (338,275),(427,264),(431,298),(342,309)
XVA 0.0 bounds: (173,318),(135,307),(140,293),(177,304)
auw 0.0 bounds: (230,341),(265,337),(265,343),(231,347)
ta 0.0 bounds: (279,334),(294,332),(295,339),(280,341)
GROUND 0.0 bounds: (480,294),(526,287),(528,297),(482,305)
FLOOR 0.0 bounds: (530,286),(570,280),(572,289),(532,296)
Ger 0.0 bounds: (463,311),(481,308),(482,317),(464,320)
PRIVA 0.0 bounds: (490,307),(514,303),(515,312),(491,316)
SIMRAN'S 0.0 bounds: (518,303),(555,297),(556,305),(519,311)
SLNS 0.0 bounds: (566,296),(589,292),(590,299),(567,303)
GOr 0.0 bounds: (459,323),(486,319),(487,328),(460,332)
PRIYA 0.0 bounds: (488,318),(508,315),(509,325),(489,328)
SIMRAN'S 0.0 bounds: (513,314),(551,308),(552,318),(514,324)
SKS 0.0 bounds: (556,309),(578,306),(579,313),(557,316)
G-04 0.0 bounds: (464,333),(489,329),(490,339),(465,343)
S 0.0 bounds: (517,325),(527,324),(528,333),(518,335)
G 0.0 bounds: (548,321),(558,320),(559,329),(549,331)
2RANICOMETK 0.0 bounds: (207,363),(272,355),(273,362),(208,371)
o 0.0 bounds: (287,353),(292,352),(293,359),(288,360)
25A-Candiia 0.0 bounds: (203,375),(239,370),(240,377),(204,382)
& 0.0 bounds: (245,370),(249,369),(250,375),(246,376)
Rg 0.0 bounds: (252,369),(265,367),(266,374),(253,376)
cld 0.0 bounds: (279,365),(294,363),(295,370),(280,372)
EUROPE 0.0 bounds: (209,387),(238,383),(239,394),(210,398)
STUDY 0.0 bounds: (240,383),(262,380),(263,391),(241,394)
CENTRE 0.0 bounds: (263,380),(290,377),(291,387),(264,391)
EG5 0.0 bounds: (464,358),(482,356),(483,365),(465,367)
KA 0.0 bounds: (486,356),(497,355),(498,363),(487,364)
Global 0.0 bounds: (500,354),(521,351),(522,358),(501,361)
Sourcing 0.0 bounds: (524,351),(554,347),(555,356),(525,360)
India 0.0 bounds: (557,347),(573,345),(574,351),(558,353)
LLP 0.0 bounds: (577,345),(591,343),(592,349),(578,351)
EXIT 0.0 bounds: (642,345),(690,340),(692,357),(644,362)
