గదజ వరావు వర
బదెలావెడి బయన గాంధనగ
MYSOR SILK EME
Gilma
 0.0 bounds: (74,14),(1024,14),(1024,295),(74,295)
గదజ 0.0 bounds: (76,14),(101,19),(99,27),(74,23)
వరావు 0.0 bounds: (110,20),(140,26),(139,35),(108,30)
వర 0.0 bounds: (145,26),(164,29),(162,39),(143,36)
బదెలావెడి 0.0 bounds: (100,221),(143,222),(143,229),(100,228)
బయన 0.0 bounds: (149,224),(176,225),(176,231),(149,230)
గాంధనగ 0.0 bounds: (182,223),(226,224),(226,234),(182,233)
MYSOR 0.0 bounds: (877,240),(934,231),(937,249),(880,258)
SILK 0.0 bounds: (952,229),(983,224),(985,242),(955,247)
EME 0.0 bounds: (997,222),(1021,218),(1023,236),(1000,240)
Gilma 0.0 bounds: (577,278),(620,276),(621,292),(578,295)
