HAPPINESS
SALE
OMAKING
OCHARGES
We sell only 100 8S
hallarked 916 Gold
NDADIGAS HOTEL PDO 25I 2
ANDE ISAAGODIANANGAD
 0.0 bounds: (21,63),(203,63),(203,206),(21,206)
HAPPINESS 0.0 bounds: (115,63),(203,65),(203,85),(115,83)
SALE 0.0 bounds: (125,80),(188,82),(187,111),(124,109)
OMAKING 0.0 bounds: (53,119),(96,120),(96,130),(53,129)
OCHARGES 0.0 bounds: (46,127),(94,129),(93,141),(45,139)
We 0.0 bounds: (111,121),(124,122),(124,131),(111,130)
sell 0.0 bounds: (126,122),(137,122),(137,131),(126,131)
only 0.0 bounds: (139,122),(151,122),(151,132),(139,132)
100 0.0 bounds: (154,125),(170,126),(170,131),(154,130)
8S 0.0 bounds: (173,124),(186,125),(186,133),(173,132)
hallarked 0.0 bounds: (113,130),(148,132),(147,142),(112,140)
916 0.0 bounds: (151,133),(162,134),(162,141),(151,140)
Gold 0.0 bounds: (164,133),(184,134),(183,144),(163,143)
NDADIGAS 0.0 bounds: (60,179),(93,179),(93,186),(60,186)
HOTEL 0.0 bounds: (95,179),(111,179),(111,186),(95,186)
PDO 0.0 bounds: (114,179),(131,179),(131,186),(114,186)
25I 0.0 bounds: (133,179),(153,179),(153,186),(133,186)
2 0.0 bounds: (158,179),(161,179),(161,186),(158,186)
ANDE 0.0 bounds: (21,199),(42,199),(42,206),(21,206)
ISAAGODIANANGAD 0.0 bounds: (92,200),(147,200),(147,205),(92,205)
