DAPEN
koskii
do agde
PAVAN
PARANSE
BINNY
VUNATHA
TALLY
 0.0 bounds: (97,168),(929,168),(929,397),(97,397)
DAPEN 0.0 bounds: (755,231),(843,169),(869,206),(781,268)
koskii 0.0 bounds: (97,381),(141,380),(141,390),(97,391)
do 0.0 bounds: (586,274),(597,269),(602,280),(591,285)
agde 0.0 bounds: (607,264),(622,257),(627,268),(612,275)
PAVAN 0.0 bounds: (157,375),(192,375),(192,386),(157,386)
PARANSE 0.0 bounds: (157,386),(192,387),(192,397),(157,396)
BINNY 0.0 bounds: (530,315),(574,299),(580,315),(536,331)
VUNATHA 0.0 bounds: (811,274),(844,256),(849,266),(816,284)
TALLY 0.0 bounds: (900,324),(928,322),(929,332),(901,334)
