ACT
/BERNET
LIMITED
30 C
Mbps
Ios0 4284 0099
 0.0 bounds: (18,369),(159,369),(159,505),(18,505)
ACT 0.0 bounds: (82,370),(159,369),(159,396),(82,397)
/BERNET 0.0 bounds: (85,398),(149,394),(149,402),(86,406)
LIMITED 0.0 bounds: (73,425),(100,424),(100,430),(73,431)
30 0.0 bounds: (27,434),(80,440),(77,463),(24,457)
C 0.0 bounds: (82,440),(108,443),(105,466),(79,463)
Mbps 0.0 bounds: (81,434),(119,433),(119,447),(81,448)
Ios0 0.0 bounds: (18,492),(60,491),(60,504),(18,505)
4284 0.0 bounds: (58,494),(86,493),(86,502),(58,503)
0099 0.0 bounds: (92,492),(123,491),(123,499),(92,500)
