EAR HELMET
AND BE SAFE
SWACHN
BHARAT
DCHAT CORPO RATION
CLEAN
Sear
 0.0 bounds: (430,480),(795,480),(795,609),(430,609)
EAR 0.0 bounds: (430,483),(445,482),(446,492),(431,493)
HELMET 0.0 bounds: (447,482),(470,480),(471,490),(448,492)
AND 0.0 bounds: (432,497),(443,496),(443,501),(432,502)
BE 0.0 bounds: (445,496),(452,495),(452,500),(445,501)
SAFE 0.0 bounds: (455,495),(469,494),(470,500),(456,501)
SWACHN 0.0 bounds: (690,548),(717,546),(718,556),(691,558)
BHARAT 0.0 bounds: (760,543),(791,540),(792,550),(761,553)
DCHAT 0.0 bounds: (693,564),(721,562),(722,572),(694,574)
CORPO 0.0 bounds: (728,562),(758,560),(759,570),(729,572)
RATION 0.0 bounds: (765,560),(793,558),(794,567),(766,569)
CLEAN 0.0 bounds: (700,598),(721,597),(721,604),(700,605)
Sear 0.0 bounds: (769,602),(795,601),(795,608),(769,609)
