ey Themed
besign
PRESTI
LAKESIDE
HABITAT
TINE
B-TRAC
ts from 365 Lakhs
32.6 Crores
Selling
Two-wheeler
No.
బల కరువు సంజార
Right Turning Traffic
Change Lanes
--------
 0.0 bounds: (47,-2),(493,-2),(493,337),(47,337)
ey 0.0 bounds: (123,1),(137,7),(134,14),(120,8)
Themed 0.0 bounds: (143,4),(200,27),(195,38),(139,15)
besign 0.0 bounds: (87,-2),(137,18),(133,29),(83,9)
PRESTI 0.0 bounds: (256,32),(329,62),(326,69),(253,38)
LAKESIDE 0.0 bounds: (255,44),(355,87),(350,98),(250,55)
HABITAT 0.0 bounds: (254,64),(351,104),(347,115),(249,75)
TINE 0.0 bounds: (258,86),(276,92),(274,97),(256,91)
B-TRAC 0.0 bounds: (255,125),(338,121),(339,136),(256,140)
ts 0.0 bounds: (50,111),(65,115),(62,126),(47,122)
from 0.0 bounds: (70,118),(102,127),(99,136),(68,127)
365 0.0 bounds: (107,128),(129,134),(127,143),(105,137)
Lakhs 0.0 bounds: (134,134),(169,144),(165,155),(131,146)
32.6 0.0 bounds: (54,126),(88,136),(85,146),(51,136)
Crores 0.0 bounds: (92,138),(133,150),(131,159),(89,147)
Selling 0.0 bounds: (454,274),(476,280),(474,289),(452,283)
Two-wheeler 0.0 bounds: (452,284),(493,294),(491,303),(450,293)
No. 0.0 bounds: (413,265),(427,268),(425,275),(411,272)
బల 0.0 bounds: (231,285),(247,285),(247,291),(231,291)
కరువు 0.0 bounds: (254,283),(283,282),(283,293),(254,294)
సంజార 0.0 bounds: (290,281),(327,280),(327,289),(290,290)
Right 0.0 bounds: (216,313),(246,313),(246,323),(216,323)
Turning 0.0 bounds: (252,311),(295,310),(295,322),(252,323)
Traffic 0.0 bounds: (300,311),(335,311),(335,320),(300,320)
Change 0.0 bounds: (233,327),(277,326),(277,336),(233,337)
Lanes 0.0 bounds: (282,326),(316,326),(316,334),(282,334)
-------- 0.0 bounds: (220,180),(205,271),(196,269),(211,179)
