इटेड बैंक ऑफ़ इंडिया
ED BANK OF INDIA
UNITED BANK OF wOA
WILDCRAFT
crocs
ERS
WILDCRAFT
ill
dur e nd pot
శ్రీ అగస్య ద్ీనితో
AGASTYA SPECIALITY
CLINICS
CALL
 0.0 bounds: (4,28),(879,28),(879,497),(4,497)
इटेड 0.0 bounds: (39,28),(83,54),(73,70),(30,43)
बैंक 0.0 bounds: (86,56),(113,73),(105,86),(78,70)
ऑफ़ 0.0 bounds: (115,76),(140,91),(133,103),(108,88)
इंडिया 0.0 bounds: (143,93),(175,112),(166,127),(134,108)
ED 0.0 bounds: (35,58),(77,81),(72,90),(30,67)
BANK 0.0 bounds: (81,84),(121,106),(116,116),(76,94)
OF 0.0 bounds: (131,108),(143,115),(136,128),(124,121)
INDIA 0.0 bounds: (142,118),(173,135),(168,143),(138,126)
UNITED 0.0 bounds: (228,164),(255,178),(250,189),(222,175)
BANK 0.0 bounds: (257,179),(276,189),(270,199),(251,190)
OF 0.0 bounds: (277,190),(284,194),(279,203),(272,200)
wOA 0.0 bounds: (286,195),(298,202),(293,212),(280,206)
WILDCRAFT 0.0 bounds: (137,194),(188,213),(183,227),(132,208)
crocs 0.0 bounds: (347,333),(378,335),(378,342),(347,340)
ERS 0.0 bounds: (5,286),(28,288),(27,299),(4,297)
WILDCRAFT 0.0 bounds: (161,330),(211,332),(210,346),(160,344)
ill 0.0 bounds: (858,446),(879,446),(879,456),(858,456)
dur 0.0 bounds: (87,410),(114,409),(114,416),(87,417)
e 0.0 bounds: (117,411),(126,411),(126,415),(117,415)
nd 0.0 bounds: (129,410),(144,409),(144,413),(129,414)
pot 0.0 bounds: (147,409),(163,408),(163,414),(147,415)
శ్రీ 0.0 bounds: (83,446),(100,446),(100,461),(83,461)
అగస్య 0.0 bounds: (98,445),(120,444),(120,460),(98,461)
ద్ీనితో 0.0 bounds: (126,444),(147,443),(147,458),(126,459)
AGASTYA 0.0 bounds: (83,465),(114,464),(114,473),(83,474)
SPECIALITY 0.0 bounds: (117,466),(157,465),(157,474),(117,475)
CLINICS 0.0 bounds: (105,477),(132,477),(132,485),(105,485)
CALL 0.0 bounds: (108,490),(128,490),(128,497),(108,497)
