725% U B0TE
725 PERC
OFFER
BMTC
LVB OFFERS
7.25%- LIHITED
725-
SMV
TUALIC
 0.0 bounds: (232,369),(535,369),(535,527),(232,527)
725% 0.0 bounds: (381,369),(403,375),(400,388),(378,383)
U 0.0 bounds: (412,378),(422,380),(419,393),(409,391)
B0TE 0.0 bounds: (443,385),(487,396),(483,410),(440,399)
725 0.0 bounds: (386,393),(403,393),(403,404),(386,404)
PERC 0.0 bounds: (415,393),(429,393),(429,404),(415,404)
OFFER 0.0 bounds: (412,404),(432,406),(431,416),(411,414)
BMTC 0.0 bounds: (232,416),(281,413),(281,422),(232,425)
LVB 0.0 bounds: (253,451),(268,451),(268,458),(253,458)
OFFERS 0.0 bounds: (272,449),(308,448),(308,458),(272,459)
7.25%- 0.0 bounds: (254,468),(281,468),(281,475),(254,475)
LIHITED 0.0 bounds: (287,468),(314,468),(314,475),(287,475)
725- 0.0 bounds: (255,480),(284,477),(285,485),(256,488)
SMV 0.0 bounds: (536,485),(499,485),(499,476),(536,476)
TUALIC 0.0 bounds: (232,521),(267,520),(267,526),(232,527)
