FOR INSET
KHATNIL
NAKENE
Sonding
Sity
The
ETIOS CROSS
 0.0 bounds: (1,238),(627,238),(627,479),(1,479)
FOR 0.0 bounds: (76,241),(114,239),(115,259),(77,261)
INSET 0.0 bounds: (116,240),(154,238),(155,257),(117,259)
KHATNIL 0.0 bounds: (140,272),(192,282),(187,308),(135,299)
NAKENE 0.0 bounds: (22,313),(53,313),(53,319),(22,319)
Sonding 0.0 bounds: (1,335),(35,334),(35,346),(1,347)
Sity 0.0 bounds: (4,351),(29,351),(29,360),(4,360)
The 0.0 bounds: (134,358),(143,358),(143,365),(134,365)
ETIOS 0.0 bounds: (510,465),(571,464),(571,478),(510,479)
CROSS 0.0 bounds: (573,464),(627,463),(627,477),(573,478)
