FORDT
TENTA
सो
r SAREES
ESS MATERIA
AKALLAPRA MARKET
ALASEEMA ERIEHAL
DEVDA JeR
 0.0 bounds: (57,28),(665,28),(665,409),(57,409)
FORDT 0.0 bounds: (86,84),(212,28),(241,93),(115,149)
TENTA 0.0 bounds: (111,181),(153,171),(158,193),(117,203)
सो 0.0 bounds: (289,223),(303,228),(301,234),(287,230)
r 0.0 bounds: (135,269),(139,268),(141,275),(137,276)
SAREES 0.0 bounds: (141,267),(156,263),(158,270),(143,274)
ESS 0.0 bounds: (102,281),(120,279),(121,287),(103,289)
MATERIA 0.0 bounds: (122,278),(143,275),(144,283),(123,286)
AKALLAPRA 0.0 bounds: (60,320),(150,334),(147,350),(58,336)
MARKET 0.0 bounds: (166,337),(213,344),(211,360),(164,353)
ALASEEMA 0.0 bounds: (506,370),(553,380),(549,401),(502,392)
ERIEHAL 0.0 bounds: (555,381),(585,387),(581,408),(551,402)
DEVDA 0.0 bounds: (605,375),(643,383),(639,404),(600,396)
JeR 0.0 bounds: (645,384),(665,388),(660,409),(640,405)
