Insura Life
urance
EXIDELIT
uti
Indusind Bank mt
 0.0 bounds: (54,53),(304,53),(304,676),(54,676)
Insura 0.0 bounds: (56,53),(90,57),(88,73),(54,69)
Life 0.0 bounds: (107,58),(126,61),(124,74),(105,71)
urance 0.0 bounds: (75,64),(108,71),(107,79),(73,72)
EXIDELIT 0.0 bounds: (185,85),(223,118),(216,126),(178,93)
uti 0.0 bounds: (226,563),(243,565),(241,581),(224,579)
Indusind 0.0 bounds: (167,651),(223,655),(222,674),(166,670)
Bank 0.0 bounds: (225,654),(250,656),(249,676),(224,674)
mt 0.0 bounds: (296,665),(304,666),(304,667),(296,666)
