CHECK-IN
MOBILE RECHARGE
AIRTEL A REL COM
PEACOCK DRETNE
DISTRIBUTOR HNDTNE
OTH RECHARGE
10
SONW NCON
TE2 EY A
DISH TV
 0.0 bounds: (37,190),(231,190),(231,303),(37,303)
CHECK-IN 0.0 bounds: (156,190),(231,190),(231,200),(156,200)
MOBILE 0.0 bounds: (160,205),(186,206),(186,213),(160,212)
RECHARGE 0.0 bounds: (190,206),(227,207),(227,214),(190,213)
AIRTEL 0.0 bounds: (154,216),(168,216),(168,219),(154,219)
A 0.0 bounds: (177,216),(183,216),(183,222),(177,222)
REL 0.0 bounds: (201,216),(209,216),(209,222),(201,222)
COM 0.0 bounds: (211,216),(221,216),(221,222),(211,222)
PEACOCK 0.0 bounds: (47,204),(99,220),(89,250),(38,235)
DRETNE 0.0 bounds: (100,220),(145,234),(136,264),(91,251)
DISTRIBUTOR 0.0 bounds: (50,245),(80,254),(77,263),(47,255)
HNDTNE 0.0 bounds: (82,254),(119,265),(117,274),(79,264)
OTH 0.0 bounds: (148,259),(173,259),(173,268),(148,268)
RECHARGE 0.0 bounds: (177,260),(228,261),(228,268),(177,267)
10 0.0 bounds: (54,267),(68,271),(64,282),(51,279)
SONW 0.0 bounds: (150,282),(173,282),(173,289),(150,289)
NCON 0.0 bounds: (189,282),(214,283),(214,291),(189,290)
TE2 0.0 bounds: (151,296),(160,296),(160,300),(151,300)
EY 0.0 bounds: (165,294),(174,294),(174,302),(165,302)
A 0.0 bounds: (176,295),(180,295),(180,302),(176,302)
DISH 0.0 bounds: (191,296),(202,296),(202,302),(191,302)
TV 0.0 bounds: (203,296),(210,296),(210,303),(203,303)
