SRI
ఆలా జీక్టాజ్మిల్సు
080-2220
M
HIL-FASHION
ASHA tiles Gajendráli
SILK
Wholesale & Retail Clother
SILK AND HI FANCY SAREES
NO. 668, CHICKPET. BENGALURU - S6o 0s3
Wholesale & Retail Clofh Merchants
Mob: 44873436
 0.0 bounds: (122,123),(1023,123),(1023,368),(122,368)
SRI 0.0 bounds: (260,123),(291,127),(289,141),(258,137)
ఆలా 0.0 bounds: (448,185),(554,199),(550,232),(444,218)
జీక్టాజ్మిల్సు 0.0 bounds: (587,203),(796,231),(792,264),(583,237)
080-2220 0.0 bounds: (741,222),(764,224),(763,231),(740,229)
M 0.0 bounds: (129,200),(168,206),(165,222),(126,216)
HIL-FASHION 0.0 bounds: (125,218),(170,225),(167,245),(122,238)
ASHA 0.0 bounds: (430,233),(618,255),(612,299),(425,277)
tiles 0.0 bounds: (629,256),(794,276),(789,319),(624,300)
Gajendráli 0.0 bounds: (831,281),(1023,304),(1017,352),(825,329)
SILK 0.0 bounds: (245,243),(276,246),(275,262),(244,259)
Wholesale 0.0 bounds: (648,299),(701,304),(700,310),(647,305)
& 0.0 bounds: (706,305),(712,306),(711,311),(706,310)
Retail 0.0 bounds: (717,306),(746,309),(745,314),(717,311)
Clother 0.0 bounds: (750,309),(788,313),(787,320),(749,316)
SILK 0.0 bounds: (496,293),(533,297),(532,307),(495,303)
AND 0.0 bounds: (538,299),(574,303),(573,312),(537,308)
HI 0.0 bounds: (581,304),(595,305),(594,313),(580,312)
FANCY 0.0 bounds: (603,305),(656,311),(655,320),(602,314)
SAREES 0.0 bounds: (663,312),(727,319),(726,328),(662,321)
NO. 0.0 bounds: (529,308),(547,310),(546,318),(528,316)
668, 0.0 bounds: (546,312),(561,314),(560,318),(545,317)
CHICKPET. 0.0 bounds: (565,315),(604,319),(603,324),(564,320)
BENGALURU 0.0 bounds: (608,319),(656,324),(655,329),(607,324)
- 0.0 bounds: (661,322),(664,322),(663,329),(660,329)
S6o 0.0 bounds: (665,325),(676,326),(676,330),(665,329)
0s3 0.0 bounds: (680,327),(692,328),(692,332),(680,331)
Wholesale 0.0 bounds: (835,333),(886,340),(884,355),(833,348)
& 0.0 bounds: (887,345),(893,346),(892,353),(886,352)
Retail 0.0 bounds: (896,342),(925,346),(923,358),(894,354)
Clofh 0.0 bounds: (927,346),(950,349),(948,361),(925,358)
Merchants 0.0 bounds: (952,350),(1002,357),(1000,367),(951,361)
Mob: 0.0 bounds: (425,290),(441,291),(441,298),(425,297)
44873436 0.0 bounds: (443,292),(477,294),(477,300),(443,298)
