Vis e
THIRUMA
PADMASHRI SILKS & SAREES
PADMASHRI SILKS & SAREES
KANCHEEPURAM SILK WEAVERSOCIETY SAREES
MEMIAN
వేదక్రి నిల అండో న్యారిణా
PADMASHRI
SILKS & SAREES ERI MAGAJI
THỊ RUMALA
అజు ంటయల
మెతాలశ్ీిక
SILKS
TEXTILES
ARLHAAFURAN A WEATA
TEXTILES
URENG A
 0.0 bounds: (1,0),(1023,0),(1023,624),(1,624)
Vis 0.0 bounds: (763,40),(798,20),(806,35),(771,55)
e 0.0 bounds: (826,4),(832,1),(840,14),(834,18)
THIRUMA 0.0 bounds: (961,118),(1023,141),(1018,154),(956,131)
PADMASHRI 0.0 bounds: (119,203),(232,222),(229,244),(115,225)
SILKS 0.0 bounds: (240,224),(291,233),(288,253),(236,245)
& 0.0 bounds: (301,235),(311,237),(308,255),(298,254)
SAREES 0.0 bounds: (317,238),(383,249),(380,269),(314,258)
PADMASHRI 0.0 bounds: (54,360),(203,377),(201,398),(52,381)
SILKS 0.0 bounds: (214,376),(282,384),(279,409),(211,401)
& 0.0 bounds: (292,389),(305,390),(303,409),(290,408)
SAREES 0.0 bounds: (315,391),(397,400),(395,419),(313,410)
KANCHEEPURAM 0.0 bounds: (85,391),(185,402),(185,408),(84,397)
SILK 0.0 bounds: (190,402),(214,405),(213,410),(189,407)
WEAVERSOCIETY 0.0 bounds: (222,403),(323,414),(322,424),(221,413)
SAREES 0.0 bounds: (332,414),(367,418),(366,428),(331,424)
MEMIAN 0.0 bounds: (349,478),(375,479),(375,484),(349,483)
వేదక్రి 0.0 bounds: (18,498),(51,500),(50,515),(17,513)
నిల 0.0 bounds: (56,502),(78,504),(77,516),(55,515)
అండో 0.0 bounds: (81,503),(109,505),(108,516),(80,514)
న్యారిణా 0.0 bounds: (113,506),(154,509),(153,522),(112,519)
PADMASHRI 0.0 bounds: (39,537),(186,544),(185,561),(38,554)
SILKS 0.0 bounds: (2,558),(79,562),(78,579),(1,575)
& 0.0 bounds: (90,563),(105,564),(104,579),(89,578)
SAREES 0.0 bounds: (117,564),(211,569),(210,584),(116,579)
ERI 0.0 bounds: (220,567),(279,570),(278,592),(219,589)
MAGAJI 0.0 bounds: (258,569),(358,574),(357,596),(257,591)
THỊ 0.0 bounds: (934,582),(951,583),(950,592),(933,591)
RUMALA 0.0 bounds: (955,584),(989,587),(988,596),(954,593)
అజు 0.0 bounds: (259,552),(295,555),(294,567),(258,564)
ంటయల 0.0 bounds: (298,555),(334,558),(333,570),(297,567)
మెతాలశ్ీిక 0.0 bounds: (719,576),(800,584),(798,595),(718,587)
SILKS 0.0 bounds: (952,599),(976,601),(975,609),(951,607)
TEXTILES 0.0 bounds: (276,592),(352,595),(351,611),(275,609)
ARLHAAFURAN 0.0 bounds: (6,586),(64,588),(64,595),(6,593)
A 0.0 bounds: (63,590),(79,591),(79,594),(63,593)
WEATA 0.0 bounds: (83,590),(116,591),(116,595),(83,594)
TEXTILES 0.0 bounds: (359,605),(405,607),(404,617),(358,615)
URENG 0.0 bounds: (540,614),(573,611),(574,621),(541,624)
A 0.0 bounds: (575,611),(577,611),(578,621),(576,621)
