LO
ఆరా బు్ో నంబరా-
ASHA BOOK
PUC, DEGREE POOKS
 0.0 bounds: (829,22),(1023,22),(1023,533),(829,533)
LO 0.0 bounds: (973,24),(1022,22),(1023,50),(974,52)
ఆరా 0.0 bounds: (829,463),(855,463),(855,476),(829,476)
బు్ో 0.0 bounds: (859,463),(880,463),(880,475),(859,475)
నంబరా- 0.0 bounds: (887,462),(916,462),(916,474),(887,474)
ASHA 0.0 bounds: (835,480),(856,480),(856,491),(835,491)
BOOK 0.0 bounds: (860,479),(889,479),(889,490),(860,490)
PUC, 0.0 bounds: (830,517),(855,516),(856,532),(831,533)
DEGREE 0.0 bounds: (857,516),(892,515),(893,531),(858,532)
POOKS 0.0 bounds: (894,514),(918,513),(919,530),(895,531)
