తేని
GREAT
8%
ONARCH
LUXUR
M
www.tanishqpro
Off M.G. Road- o
Kammanahai- Ring
Banashankan
INFANTHY
INFANTRY TECH
104 INFANTRE
 0.0 bounds: (256,34),(1023,34),(1023,481),(256,481)
తేని 0.0 bounds: (906,34),(934,34),(934,44),(906,44)
GREAT 0.0 bounds: (972,85),(1021,80),(1022,92),(973,97)
8% 0.0 bounds: (954,106),(1019,99),(1023,133),(958,141)
ONARCH 0.0 bounds: (383,359),(411,357),(412,365),(384,367)
LUXUR 0.0 bounds: (386,369),(435,365),(436,377),(387,381)
M 0.0 bounds: (363,384),(382,382),(383,394),(364,396)
www.tanishqpro 0.0 bounds: (958,366),(1022,360),(1023,369),(959,375)
Off 0.0 bounds: (959,387),(971,386),(971,391),(959,392)
M.G. 0.0 bounds: (974,385),(989,384),(989,389),(974,390)
Road- 0.0 bounds: (995,383),(1014,381),(1014,387),(996,389)
o 0.0 bounds: (1018,381),(1020,381),(1020,386),(1018,386)
Kammanahai- 0.0 bounds: (957,395),(1002,390),(1002,396),(958,401)
Ring 0.0 bounds: (1005,391),(1018,390),(1019,396),(1006,397)
Banashankan 0.0 bounds: (983,400),(1021,398),(1021,404),(983,406)
INFANTHY 0.0 bounds: (256,473),(286,473),(286,481),(256,481)
INFANTRY 0.0 bounds: (938,440),(989,437),(990,448),(939,451)
TECH 0.0 bounds: (994,437),(1022,436),(1022,446),(995,447)
104 0.0 bounds: (944,455),(967,454),(967,462),(944,463)
INFANTRE 0.0 bounds: (972,452),(1023,450),(1023,460),(972,462)
