GLOBAL
BGSg OSPITALS
TANP
hany emergency dial 080 2424 2424
dactd
w
బేంచుకాం
вмтс
 0.0 bounds: (285,140),(850,140),(850,303),(285,303)
GLOBAL 0.0 bounds: (725,145),(789,140),(790,156),(726,161)
BGSg 0.0 bounds: (676,147),(718,150),(717,171),(675,168)
OSPITALS 0.0 bounds: (724,150),(792,155),(790,176),(723,172)
TANP 0.0 bounds: (285,176),(310,175),(310,183),(285,184)
hany 0.0 bounds: (453,173),(477,171),(478,184),(454,186)
emergency 0.0 bounds: (480,173),(531,168),(532,181),(481,186)
dial 0.0 bounds: (535,166),(553,164),(554,176),(536,178)
080 0.0 bounds: (556,164),(577,162),(578,175),(557,177)
2424 0.0 bounds: (580,162),(610,159),(611,172),(581,175)
2424 0.0 bounds: (615,160),(646,157),(647,170),(616,173)
dactd 0.0 bounds: (811,162),(850,160),(850,167),(811,169)
w 0.0 bounds: (804,171),(816,170),(816,177),(804,178)
బేంచుకాం 0.0 bounds: (490,287),(527,288),(527,299),(490,298)
вмтс 0.0 bounds: (559,294),(603,295),(603,303),(559,302)
