Prija Ran
Rajarathnam's Jewels
PLATTER
FAA
Caffe Maven
OM
Laaltienisio fed araer
 0.0 bounds: (349,32),(1018,32),(1018,264),(349,264)
Prija 0.0 bounds: (823,54),(902,37),(910,72),(831,89)
Ran 0.0 bounds: (944,38),(970,32),(974,49),(948,55)
Rajarathnam's 0.0 bounds: (390,132),(547,99),(555,138),(398,171)
Jewels 0.0 bounds: (552,99),(640,80),(648,117),(560,135)
PLATTER 0.0 bounds: (349,243),(380,242),(380,251),(349,252)
FAA 0.0 bounds: (583,245),(623,245),(623,263),(583,263)
Caffe 0.0 bounds: (810,226),(884,225),(884,248),(810,249)
Maven 0.0 bounds: (905,222),(1018,220),(1018,250),(905,252)
OM 0.0 bounds: (675,257),(694,257),(694,264),(675,264)
Laaltienisio 0.0 bounds: (852,250),(908,251),(908,262),(852,261)
fed 0.0 bounds: (920,252),(944,253),(944,263),(920,262)
araer 0.0 bounds: (946,252),(974,253),(974,264),(946,263)
