Balaji's LA.PManor
మొక్ట ఫనిన్ా
Muthoot Fhance
Anda Ban
VISHAL
 0.0 bounds: (27,197),(567,197),(567,429),(27,429)
Balaji's 0.0 bounds: (38,219),(74,211),(78,226),(42,235)
LA.PManor 0.0 bounds: (77,211),(138,197),(142,211),(80,225)
మొక్ట 0.0 bounds: (27,369),(67,361),(69,372),(29,380)
ఫనిన్ా 0.0 bounds: (71,362),(101,356),(103,365),(73,371)
Muthoot 0.0 bounds: (28,382),(59,375),(61,385),(30,392)
Fhance 0.0 bounds: (62,374),(90,368),(92,377),(64,384)
Anda 0.0 bounds: (93,422),(117,418),(118,424),(94,429)
Ban 0.0 bounds: (120,417),(129,415),(130,421),(121,423)
VISHAL 0.0 bounds: (524,331),(559,311),(566,324),(531,344)
