MAL
AN
SPARES
N.V.AUTOMOB
NV AGENCIES
RI ERS
చినో, వి.ఆటమాజలో
plus
N.V.AUTOMOBILES
M.Z 01100
HING WORKE
 0.0 bounds: (0,-7),(1023,-7),(1023,378),(0,378)
MAL 0.0 bounds: (996,117),(1023,124),(1020,137),(993,130)
AN 0.0 bounds: (168,45),(107,21),(117,-5),(178,19)
SPARES 0.0 bounds: (91,21),(174,53),(166,74),(83,41)
N.V.AUTOMOB 0.0 bounds: (682,232),(768,246),(766,258),(680,245)
NV 0.0 bounds: (284,169),(368,196),(359,224),(275,198)
AGENCIES 0.0 bounds: (378,198),(478,230),(469,259),(369,228)
RI 0.0 bounds: (889,348),(904,349),(903,356),(888,355)
ERS 0.0 bounds: (914,350),(934,352),(933,361),(913,359)
చినో, 0.0 bounds: (56,229),(82,235),(79,249),(53,244)
వి.ఆటమాజలో 0.0 bounds: (88,235),(182,256),(178,271),(85,251)
plus 0.0 bounds: (3,247),(25,252),(22,264),(0,260)
N.V.AUTOMOBILES 0.0 bounds: (25,244),(200,277),(195,303),(20,270)
M.Z 0.0 bounds: (14,361),(48,363),(48,370),(14,368)
01100 0.0 bounds: (55,364),(83,366),(83,373),(55,371)
HING 0.0 bounds: (7,369),(34,370),(34,377),(7,376)
WORKE 0.0 bounds: (38,371),(71,372),(71,378),(38,377)
