LANINATION& SPING
Oppo
నెంగిల లా
Sampetht
TAN
vivo
Sapgpetha\
PReressioNAL
Phones
Jio
PRASHATH TYPING CENTRE
XEROX
PRINTOUT
COLOUR ABW
OTP STD ISD
FAX
BINDING
OWORLD TITAN
 0.0 bounds: (46,17),(751,17),(751,733),(46,733)
LANINATION& 0.0 bounds: (105,681),(145,700),(139,712),(99,693)
SPING 0.0 bounds: (146,693),(189,703),(185,721),(142,712)
Oppo 0.0 bounds: (107,62),(304,169),(284,205),(88,97)
నెంగిల 0.0 bounds: (330,139),(360,160),(351,173),(321,152)
లా 0.0 bounds: (364,164),(373,170),(364,183),(355,176)
Sampetht 0.0 bounds: (383,210),(516,286),(473,361),(340,285)
TAN 0.0 bounds: (737,451),(751,451),(751,455),(737,455)
vivo 0.0 bounds: (536,406),(587,408),(586,421),(535,419)
Sapgpetha\ 0.0 bounds: (63,375),(193,359),(198,396),(68,413)
PReressioNAL 0.0 bounds: (646,540),(715,543),(714,555),(645,552)
Phones 0.0 bounds: (144,450),(175,449),(175,459),(144,460)
Jio 0.0 bounds: (48,499),(109,503),(106,543),(46,539)
PRASHATH 0.0 bounds: (111,584),(146,598),(143,608),(107,594)
TYPING 0.0 bounds: (149,596),(174,606),(170,618),(144,608)
CENTRE 0.0 bounds: (175,606),(202,616),(197,629),(170,618)
XEROX 0.0 bounds: (115,599),(199,633),(191,654),(107,619)
PRINTOUT 0.0 bounds: (118,626),(187,653),(182,665),(113,638)
COLOUR 0.0 bounds: (128,645),(152,655),(149,662),(125,651)
ABW 0.0 bounds: (155,657),(172,664),(169,670),(153,663)
OTP 0.0 bounds: (106,647),(127,656),(120,672),(99,663)
STD 0.0 bounds: (137,660),(164,672),(157,687),(130,676)
ISD 0.0 bounds: (175,679),(198,689),(193,700),(170,690)
FAX 0.0 bounds: (106,668),(127,677),(123,687),(102,678)
BINDING 0.0 bounds: (164,709),(198,722),(193,733),(160,720)
OWORLD 0.0 bounds: (469,17),(545,115),(530,126),(454,29)
TITAN 0.0 bounds: (555,126),(586,166),(571,178),(540,138)
