জ भारत सरकार
TATA MINISTRY OF DEFENCE alico L
GOVT OF INDIA
KA
 0.0 bounds: (14,344),(577,344),(577,490),(14,490)
জ 0.0 bounds: (430,354),(449,352),(450,362),(431,364)
भारत 0.0 bounds: (453,351),(478,348),(479,357),(454,360)
सरकार 0.0 bounds: (484,348),(519,344),(520,354),(485,358)
TATA 0.0 bounds: (429,365),(453,363),(454,373),(430,375)
MINISTRY 0.0 bounds: (456,364),(483,361),(484,368),(457,371)
OF 0.0 bounds: (486,361),(492,360),(493,366),(487,367)
DEFENCE 0.0 bounds: (495,361),(521,359),(522,366),(496,368)
alico 0.0 bounds: (525,358),(559,355),(560,363),(526,366)
L 0.0 bounds: (564,356),(576,355),(577,361),(565,362)
GOVT 0.0 bounds: (347,374),(368,372),(369,382),(348,384)
OF 0.0 bounds: (372,372),(382,371),(383,378),(373,379)
INDIA 0.0 bounds: (386,371),(409,369),(410,376),(387,378)
KA 0.0 bounds: (14,475),(37,472),(39,487),(16,490)
