INDIAN RED CROSS S0CIETY
Red Cross Hone
National Head Quariers New Delhv
ROPERTY BELONGS TO IRCS NHQ
ESPASSERS ARE LIABLE FOR PROSECUTION
 0.0 bounds: (0,175),(196,175),(196,312),(0,312)
INDIAN 0.0 bounds: (22,175),(76,188),(71,209),(17,196)
RED 0.0 bounds: (79,191),(104,197),(100,214),(75,209)
CROSS 0.0 bounds: (107,194),(146,203),(140,228),(101,219)
S0CIETY 0.0 bounds: (148,204),(186,213),(180,237),(142,228)
Red 0.0 bounds: (70,212),(91,216),(88,228),(68,224)
Cross 0.0 bounds: (97,218),(124,223),(122,235),(95,230)
Hone 0.0 bounds: (128,225),(147,229),(144,240),(126,236)
National 0.0 bounds: (19,219),(66,226),(63,246),(16,239)
Head 0.0 bounds: (70,228),(97,232),(94,248),(68,244)
Quariers 0.0 bounds: (102,232),(144,238),(140,258),(99,252)
New 0.0 bounds: (145,238),(161,240),(158,260),(142,258)
Delhv 0.0 bounds: (163,241),(182,244),(179,264),(160,261)
ROPERTY 0.0 bounds: (2,250),(68,255),(66,283),(0,278)
BELONGS 0.0 bounds: (73,259),(126,263),(124,285),(71,281)
TO 0.0 bounds: (132,266),(142,267),(141,285),(131,284)
IRCS 0.0 bounds: (148,267),(168,268),(167,286),(147,285)
NHQ 0.0 bounds: (174,270),(184,271),(183,286),(173,285)
ESPASSERS 0.0 bounds: (1,293),(72,293),(72,312),(1,312)
ARE 0.0 bounds: (78,296),(95,296),(95,310),(78,310)
LIABLE 0.0 bounds: (100,292),(131,292),(131,310),(100,310)
FOR 0.0 bounds: (133,292),(148,292),(148,310),(133,310)
PROSECUTION 0.0 bounds: (150,291),(196,291),(196,310),(150,310)
