SALE
UP TO SINGF
811 ota
CENTRAL
Dial **811.
bowntoad your I
 0.0 bounds: (84,83),(649,83),(649,269),(84,269)
SALE 0.0 bounds: (597,89),(628,83),(630,92),(599,98)
UP 0.0 bounds: (589,100),(601,98),(602,109),(590,111)
TO 0.0 bounds: (603,99),(614,98),(615,107),(604,109)
SINGF 0.0 bounds: (614,99),(640,96),(641,104),(615,107)
811 0.0 bounds: (107,216),(121,212),(124,224),(110,228)
ota 0.0 bounds: (126,211),(154,203),(157,214),(129,222)
CENTRAL 0.0 bounds: (604,159),(647,153),(648,166),(606,172)
Dial 0.0 bounds: (84,246),(108,243),(109,254),(86,257)
**811. 0.0 bounds: (112,244),(146,239),(147,248),(113,253)
bowntoad 0.0 bounds: (90,258),(125,255),(126,266),(91,269)
your 0.0 bounds: (127,255),(143,253),(144,263),(128,265)
I 0.0 bounds: (145,255),(147,255),(148,264),(146,264)
