AMERDICE
hp ong
Koshy's
PAROTA
REO RICE
VADA PAV
GATERING
Monarc
M Hot
aLL
FIFTH
 0.0 bounds: (121,83),(974,83),(974,330),(121,330)
AMERDICE 0.0 bounds: (128,91),(168,84),(172,103),(131,110)
hp 0.0 bounds: (858,152),(877,150),(878,161),(859,163)
ong 0.0 bounds: (885,150),(899,149),(900,160),(886,161)
Koshy's 0.0 bounds: (123,196),(163,198),(163,205),(123,203)
PAROTA 0.0 bounds: (124,216),(150,216),(150,220),(124,220)
REO 0.0 bounds: (124,223),(144,223),(144,229),(124,229)
RICE 0.0 bounds: (146,223),(159,223),(159,229),(146,229)
VADA 0.0 bounds: (123,232),(142,232),(142,238),(123,238)
PAV 0.0 bounds: (144,232),(158,232),(158,238),(144,238)
GATERING 0.0 bounds: (121,241),(160,241),(160,247),(121,247)
Monarc 0.0 bounds: (409,294),(452,294),(452,307),(409,307)
M 0.0 bounds: (427,312),(432,312),(432,322),(427,322)
Hot 0.0 bounds: (439,311),(458,311),(458,321),(439,321)
aLL 0.0 bounds: (210,321),(234,321),(234,330),(210,330)
FIFTH 0.0 bounds: (944,308),(973,307),(973,318),(944,319)
