NV oo" pove C पंजाब नैश्नल बैंक
punjab national bank
NG ROAD BRANCH
pous पंजाब नैशनल बैंक
punjab national bank
ఎఎమెో
एटीएम
ATM
N8OURS
EXCNANGE BUREAU
GOLD
AVAIL
 0.0 bounds: (499,105),(1023,105),(1023,477),(499,477)
NV 0.0 bounds: (563,258),(601,244),(612,273),(574,287)
oo" 0.0 bounds: (604,242),(651,224),(662,254),(615,272)
pove 0.0 bounds: (659,227),(700,211),(709,235),(668,250)
C 0.0 bounds: (723,198),(756,186),(767,215),(734,227)
पंजाब 0.0 bounds: (774,182),(830,161),(838,180),(781,202)
नैश्नल 0.0 bounds: (836,155),(915,125),(924,151),(846,180)
बैंक 0.0 bounds: (925,122),(969,105),(978,130),(934,146)
punjab 0.0 bounds: (615,279),(694,253),(703,281),(625,307)
national 0.0 bounds: (697,255),(793,223),(801,247),(705,279)
bank 0.0 bounds: (800,220),(866,198),(875,223),(809,246)
NG 0.0 bounds: (863,251),(885,245),(888,254),(866,261)
ROAD 0.0 bounds: (891,244),(923,235),(925,244),(893,253)
BRANCH 0.0 bounds: (927,232),(978,218),(982,230),(930,245)
pous 0.0 bounds: (640,358),(708,342),(715,372),(647,388)
पंजाब 0.0 bounds: (791,321),(852,306),(860,336),(798,351)
नैशनल 0.0 bounds: (855,306),(938,286),(945,316),(862,336)
बैंक 0.0 bounds: (957,283),(1000,273),(1006,298),(963,308)
punjab 0.0 bounds: (651,387),(719,373),(725,401),(657,415)
national 0.0 bounds: (722,374),(807,356),(811,377),(726,395)
bank 0.0 bounds: (811,355),(868,343),(872,366),(816,378)
ఎఎమెో 0.0 bounds: (501,380),(559,367),(562,380),(504,394)
एटीएम 0.0 bounds: (504,394),(559,388),(561,410),(506,416)
ATM 0.0 bounds: (499,421),(562,410),(565,428),(502,440)
N8OURS 0.0 bounds: (500,442),(541,435),(543,445),(502,452)
EXCNANGE 0.0 bounds: (869,382),(930,372),(932,381),(870,391)
BUREAU 0.0 bounds: (937,372),(984,364),(986,372),(938,380)
GOLD 0.0 bounds: (962,438),(1015,436),(1015,448),(963,450)
AVAIL 0.0 bounds: (967,464),(1023,462),(1023,475),(967,477)
