THIEUMALA SLAS
ECTRICAL
MAVELLS
OCT-2
CTIVA
Ост-2017
NAND
FED-2017
f KMARTHI
TC
 0.0 bounds: (1,40),(966,40),(966,755),(1,755)
THIEUMALA 0.0 bounds: (673,83),(711,60),(716,69),(679,92)
SLAS 0.0 bounds: (713,55),(736,41),(742,50),(719,64)
ECTRICAL 0.0 bounds: (936,343),(966,342),(966,347),(936,348)
MAVELLS 0.0 bounds: (908,374),(938,374),(938,382),(908,382)
OCT-2 0.0 bounds: (403,510),(423,510),(423,516),(403,516)
CTIVA 0.0 bounds: (1,601),(55,597),(57,626),(3,631)
Ост-2017 0.0 bounds: (291,681),(341,681),(341,692),(291,692)
NAND 0.0 bounds: (396,705),(419,704),(419,714),(396,715)
FED-2017 0.0 bounds: (284,734),(336,732),(336,745),(285,747)
f 0.0 bounds: (861,753),(855,753),(855,746),(861,746)
KMARTHI 0.0 bounds: (839,754),(798,756),(798,749),(839,747)
TC 0.0 bounds: (226,358),(221,479),(138,476),(143,355)
