AKA FRAME WORKS
st FLOOR
4SSM
Kiran
VINAYAKA SILVER
PHOTO PICTURES
1st FLOOR
Kran POLICE STORES
EFLOOG
MABA
JALES
Panasonic
LI
ENTERPRISES
POSTERS
nd dedo
WALL
PAPER
TAL
EODIXERDX
 0.0 bounds: (1,17),(572,17),(572,449),(1,449)
AKA 0.0 bounds: (1,29),(21,27),(23,49),(3,51)
FRAME 0.0 bounds: (23,27),(65,23),(67,44),(25,48)
WORKS 0.0 bounds: (67,22),(112,17),(114,39),(69,44)
st 0.0 bounds: (1,53),(30,50),(32,69),(3,72)
FLOOR 0.0 bounds: (32,50),(82,44),(84,63),(34,69)
4SSM 0.0 bounds: (61,162),(103,160),(103,165),(61,167)
Kiran 0.0 bounds: (544,159),(572,159),(572,169),(544,169)
VINAYAKA 0.0 bounds: (63,187),(130,185),(130,199),(63,201)
SILVER 0.0 bounds: (136,186),(182,185),(182,197),(136,198)
PHOTO 0.0 bounds: (65,207),(110,206),(110,220),(65,221)
PICTURES 0.0 bounds: (116,205),(182,204),(182,218),(116,219)
1st 0.0 bounds: (89,224),(109,224),(109,237),(89,237)
FLOOR 0.0 bounds: (112,227),(160,226),(160,236),(112,237)
Kran 0.0 bounds: (255,186),(289,184),(290,202),(256,204)
POLICE 0.0 bounds: (291,184),(322,182),(323,199),(292,201)
STORES 0.0 bounds: (324,182),(355,180),(356,198),(325,200)
EFLOOG 0.0 bounds: (210,233),(236,233),(236,240),(210,240)
MABA 0.0 bounds: (135,251),(192,249),(193,271),(136,273)
JALES 0.0 bounds: (137,278),(174,277),(174,287),(137,288)
Panasonic 0.0 bounds: (458,290),(504,288),(504,295),(458,297)
LI 0.0 bounds: (72,347),(91,347),(91,358),(72,358)
ENTERPRISES 0.0 bounds: (521,335),(566,333),(566,342),(521,344)
POSTERS 0.0 bounds: (525,354),(566,353),(566,361),(525,362)
nd 0.0 bounds: (525,366),(543,365),(543,372),(525,373)
dedo 0.0 bounds: (548,364),(563,363),(563,371),(548,372)
WALL 0.0 bounds: (526,373),(563,371),(564,388),(527,390)
PAPER 0.0 bounds: (527,388),(567,387),(568,404),(528,405)
TAL 0.0 bounds: (536,407),(557,406),(557,414),(536,415)
EODIXERDX 0.0 bounds: (336,260),(342,448),(316,449),(310,261)
