EMM
manyavai
1st Floor
VEHTA
P Pnce P
Wedding
Collecti
Pure Jan
Kanjeevaram
B.Byrop
Mases
33
 0.0 bounds: (136,0),(1001,0),(1001,377),(136,377)
EMM 0.0 bounds: (136,77),(180,77),(180,89),(136,89)
manyavai 0.0 bounds: (667,110),(772,106),(773,128),(668,132)
1st 0.0 bounds: (711,133),(734,133),(734,142),(711,142)
Floor 0.0 bounds: (738,132),(770,131),(770,141),(738,142)
VEHTA 0.0 bounds: (208,195),(231,194),(231,200),(208,201)
P 0.0 bounds: (148,257),(160,261),(156,275),(144,271)
Pnce 0.0 bounds: (232,281),(274,293),(270,309),(228,296)
P 0.0 bounds: (276,293),(282,295),(278,309),(272,307)
Wedding 0.0 bounds: (912,304),(984,301),(985,317),(913,320)
Collecti 0.0 bounds: (936,317),(1000,314),(1001,330),(937,333)
Pure 0.0 bounds: (938,339),(971,337),(972,347),(939,349)
Jan 0.0 bounds: (976,335),(998,334),(999,347),(977,348)
Kanjeevaram 0.0 bounds: (898,358),(996,352),(997,367),(899,373)
B.Byrop 0.0 bounds: (681,351),(729,353),(728,369),(680,367)
Mases 0.0 bounds: (712,365),(741,366),(741,377),(712,376)
33 0.0 bounds: (991,0),(992,18),(954,20),(953,2)
