Bangalore-5A OS. Tel 00 - AcoA
Panasonic
LED Lig
ERK
Raymond
SUITINGS
Ckassico
pr.
 0.0 bounds: (4,18),(1023,18),(1023,617),(4,617)
Bangalore-5A 0.0 bounds: (12,18),(75,63),(67,73),(4,29)
OS. 0.0 bounds: (76,63),(93,75),(86,86),(68,74)
Tel 0.0 bounds: (89,74),(100,82),(96,89),(84,81)
00 0.0 bounds: (105,88),(116,96),(113,101),(102,93)
- 0.0 bounds: (117,100),(118,101),(117,101),(116,101)
AcoA 0.0 bounds: (124,98),(151,117),(145,125),(118,106)
Panasonic 0.0 bounds: (206,88),(308,87),(308,103),(206,104)
LED 0.0 bounds: (231,115),(247,114),(247,121),(231,122)
Lig 0.0 bounds: (251,110),(282,108),(283,121),(252,123)
ERK 0.0 bounds: (986,190),(1023,189),(1023,204),(986,205)
Raymond 0.0 bounds: (164,190),(295,188),(296,233),(165,235)
SUITINGS 0.0 bounds: (172,235),(306,235),(306,246),(172,246)
Ckassico 0.0 bounds: (357,277),(407,283),(405,296),(355,290)
pr. 0.0 bounds: (76,618),(73,564),(90,563),(93,617)
