గోఆయ్
ecos
SERVITING C BC ST
K.C.I
KC Boi
O LIVSPACE.com
శీ సి.దానా
K. C. Aae e
KAE KK
 0.0 bounds: (70,294),(847,294),(847,440),(70,440)
గోఆయ్ 0.0 bounds: (746,294),(847,305),(842,352),(741,341)
ecos 0.0 bounds: (780,319),(844,325),(842,345),(778,339)
SERVITING 0.0 bounds: (765,341),(798,344),(797,350),(764,347)
C 0.0 bounds: (800,345),(810,346),(810,351),(800,350)
BC 0.0 bounds: (812,345),(822,346),(821,352),(811,351)
ST 0.0 bounds: (824,345),(839,346),(838,353),(823,352)
K.C.I 0.0 bounds: (614,376),(831,380),(830,439),(613,435)
KC 0.0 bounds: (598,392),(609,392),(609,400),(598,400)
Boi 0.0 bounds: (615,392),(630,392),(630,402),(615,402)
O 0.0 bounds: (70,374),(89,374),(89,398),(70,398)
LIVSPACE.com 0.0 bounds: (91,376),(251,376),(251,396),(91,396)
శీ 0.0 bounds: (376,386),(452,385),(453,432),(377,433)
సి.దానా 0.0 bounds: (452,384),(563,382),(564,430),(453,432)
K. 0.0 bounds: (718,406),(734,406),(734,413),(718,413)
C. 0.0 bounds: (739,407),(746,407),(746,414),(739,414)
Aae 0.0 bounds: (747,408),(761,408),(761,414),(747,414)
e 0.0 bounds: (789,411),(801,411),(801,414),(789,414)
KAE 0.0 bounds: (508,430),(553,429),(553,439),(508,440)
KK 0.0 bounds: (568,432),(585,432),(585,437),(568,437)
