LIMIEBERSHIP
Find a
Fitter You!
OEDITION
Powered by Edge Fieness
 0.0 bounds: (843,176),(987,176),(987,280),(843,280)
LIMIEBERSHIP 0.0 bounds: (887,240),(986,251),(984,268),(885,257)
Find 0.0 bounds: (903,176),(957,182),(954,203),(901,197)
a 0.0 bounds: (967,183),(983,185),(980,208),(965,206)
Fitter 0.0 bounds: (844,199),(910,203),(909,222),(843,218)
You! 0.0 bounds: (919,203),(985,207),(983,231),(918,227)
OEDITION 0.0 bounds: (931,242),(986,248),(985,257),(930,251)
Powered 0.0 bounds: (865,259),(911,263),(910,275),(864,271)
by 0.0 bounds: (913,263),(923,264),(922,275),(912,274)
Edge 0.0 bounds: (927,264),(953,266),(952,278),(926,276)
Fieness 0.0 bounds: (957,266),(987,268),(986,280),(956,278)
