com
e
RAKSHA /o80-41496888
RAKSHA PIPES
CALL: 08041496888 RAKSHA in n
 0.0 bounds: (112,187),(771,187),(771,643),(112,643)
com 0.0 bounds: (613,187),(651,187),(651,198),(613,198)
e 0.0 bounds: (759,485),(771,485),(771,490),(759,490)
RAKSHA 0.0 bounds: (155,512),(198,513),(198,526),(155,525)
/o80-41496888 0.0 bounds: (214,513),(292,514),(292,527),(214,526)
RAKSHA 0.0 bounds: (172,552),(243,554),(243,570),(172,568)
PIPES 0.0 bounds: (246,553),(275,554),(275,571),(246,570)
CALL: 0.0 bounds: (112,627),(141,628),(141,639),(112,638)
08041496888 0.0 bounds: (141,630),(196,632),(196,640),(141,638)
RAKSHA 0.0 bounds: (203,631),(235,632),(235,641),(203,640)
in 0.0 bounds: (237,631),(249,631),(249,641),(237,641)
n 0.0 bounds: (271,632),(290,633),(290,643),(271,642)
