BOI
www.sre booking.com
dela
S.R.E
AWESTAR
(0000
 0.0 bounds: (14,153),(468,153),(468,413),(14,413)
BOI 0.0 bounds: (15,153),(33,154),(32,168),(14,167)
www.sre 0.0 bounds: (286,196),(342,195),(342,201),(286,202)
booking.com 0.0 bounds: (348,190),(435,188),(435,203),(348,205)
dela 0.0 bounds: (16,191),(33,192),(33,198),(16,197)
S.R.E 0.0 bounds: (290,221),(419,222),(419,247),(290,246)
AWESTAR 0.0 bounds: (188,335),(225,335),(225,346),(188,346)
(0000 0.0 bounds: (469,325),(469,413),(444,413),(444,325)
