e gar
aarta
2342-2011,
Pid
Vandematharam Anet
ADODE
 0.0 bounds: (887,136),(1024,136),(1024,300),(887,300)
e 0.0 bounds: (933,138),(949,138),(949,157),(933,157)
gar 0.0 bounds: (951,137),(985,137),(985,155),(951,156)
aarta 0.0 bounds: (977,191),(1010,189),(1011,203),(978,205)
2342-2011, 0.0 bounds: (968,229),(1009,227),(1010,239),(969,241)
Pid 0.0 bounds: (974,244),(1002,243),(1002,250),(974,251)
Vandematharam 0.0 bounds: (947,254),(1002,251),(1002,259),(947,262)
Anet 0.0 bounds: (1005,250),(1023,249),(1023,257),(1005,258)
ADODE 0.0 bounds: (887,266),(1021,258),(1023,291),(889,300)
