Prakash
Arts
9880219144
9901526144
w
Aaterde
ARTS EMPORICM
E CAS-4422 4422
Unlimited fre
andines
skype
 0.0 bounds: (71,282),(1022,282),(1022,698),(71,698)
Prakash 0.0 bounds: (265,282),(295,287),(294,293),(264,288)
Arts 0.0 bounds: (313,291),(328,292),(327,298),(312,297)
9880219144 0.0 bounds: (262,327),(324,332),(323,342),(261,337)
9901526144 0.0 bounds: (262,340),(323,346),(322,354),(261,348)
w 0.0 bounds: (247,349),(257,350),(256,356),(246,355)
Aaterde 0.0 bounds: (71,336),(118,334),(118,344),(71,346)
ARTS 0.0 bounds: (228,493),(244,494),(244,501),(228,500)
EMPORICM 0.0 bounds: (247,494),(283,495),(283,501),(247,500)
E 0.0 bounds: (811,593),(816,594),(814,603),(809,602)
CAS-4422 0.0 bounds: (822,595),(849,600),(847,610),(820,605)
4422 0.0 bounds: (850,601),(863,603),(861,613),(848,611)
Unlimited 0.0 bounds: (977,651),(1012,653),(1011,661),(977,659)
fre 0.0 bounds: (1015,653),(1022,653),(1022,660),(1015,660)
andines 0.0 bounds: (987,659),(1019,661),(1018,671),(986,669)
skype 0.0 bounds: (978,685),(1013,686),(1013,698),(978,697)
