рдирди
HP
In sase of Rask Dr Peieport
9481501154
DANGER
 0.0 bounds: (852,138),(1006,138),(1006,390),(852,390)
рдирди 0.0 bounds: (874,138),(922,139),(922,152),(874,151)
HP 0.0 bounds: (900,172),(966,172),(966,202),(900,202)
In 0.0 bounds: (852,262),(865,262),(865,267),(852,267)
sase 0.0 bounds: (867,259),(881,259),(881,269),(867,269)
of 0.0 bounds: (884,264),(889,264),(889,266),(884,266)
Rask 0.0 bounds: (895,261),(914,261),(914,267),(895,267)
Dr 0.0 bounds: (921,260),(931,260),(931,270),(921,270)
Peieport 0.0 bounds: (949,260),(1006,260),(1006,270),(949,270)
9481501154 0.0 bounds: (894,284),(980,285),(980,301),(894,300)
DANGER 0.0 bounds: (881,371),(967,371),(967,390),(881,390)
