ENBASSY
Jeftery 91 87220 99999
Neha +91 87220 BBB88
YGROVE
జె.ఆరో.భురం
EMBASSY
.ROUP
www.embassygrove.com
1 DOMLUR
Leury lieng in the ing t things
K.R. PURAM
ULSOOR
TRINITY CIRCLE
 0.0 bounds: (65,214),(934,214),(934,287),(65,287)
ENBASSY 0.0 bounds: (306,219),(375,217),(375,228),(306,230)
Jeftery 0.0 bounds: (127,226),(161,225),(161,238),(127,239)
91 0.0 bounds: (167,226),(184,226),(184,238),(167,238)
87220 0.0 bounds: (189,225),(215,224),(215,237),(189,238)
99999 0.0 bounds: (219,224),(247,223),(247,236),(219,237)
Neha 0.0 bounds: (126,240),(151,240),(151,250),(126,250)
+91 0.0 bounds: (165,239),(184,239),(184,249),(165,249)
87220 0.0 bounds: (186,239),(215,239),(215,249),(186,249)
BBB88 0.0 bounds: (220,238),(246,238),(246,249),(220,249)
YGROVE 0.0 bounds: (275,229),(393,228),(393,252),(275,253)
జె.ఆరో.భురం 0.0 bounds: (605,219),(725,214),(726,232),(606,237)
EMBASSY 0.0 bounds: (65,255),(109,251),(109,258),(66,262)
.ROUP 0.0 bounds: (66,262),(106,262),(106,267),(66,267)
www.embassygrove.com 0.0 bounds: (131,257),(231,256),(231,268),(131,269)
1 0.0 bounds: (778,227),(797,226),(798,243),(779,244)
DOMLUR 0.0 bounds: (795,227),(896,224),(896,239),(795,242)
Leury 0.0 bounds: (283,259),(303,259),(303,264),(283,264)
lieng 0.0 bounds: (307,258),(321,258),(321,264),(307,264)
in 0.0 bounds: (325,259),(329,259),(329,261),(325,261)
the 0.0 bounds: (334,257),(343,257),(343,262),(334,262)
ing 0.0 bounds: (346,259),(363,259),(363,263),(346,263)
t 0.0 bounds: (365,257),(373,257),(373,262),(365,262)
things 0.0 bounds: (375,255),(393,255),(393,263),(375,263)
K.R. 0.0 bounds: (610,244),(644,242),(644,250),(610,252)
PURAM 0.0 bounds: (652,240),(717,236),(717,246),(653,250)
ULSOOR 0.0 bounds: (612,277),(693,275),(693,285),(612,287)
TRINITY 0.0 bounds: (798,267),(861,264),(862,280),(799,283)
CIRCLE 0.0 bounds: (874,264),(933,261),(934,276),(875,279)
