্ণ po कार्प बैंक Corp Bank
১৫৪৯ एटीएम ATM
24 Hour Banking
cpat
লে
 0.0 bounds: (497,119),(901,119),(901,315),(497,315)
্ণ 0.0 bounds: (684,169),(710,163),(713,175),(687,182)
po 0.0 bounds: (713,162),(741,155),(745,172),(717,179)
कार्प 0.0 bounds: (752,151),(778,145),(782,159),(756,166)
बैंक 0.0 bounds: (782,145),(801,140),(804,153),(785,158)
Corp 0.0 bounds: (817,137),(850,129),(854,146),(821,154)
Bank 0.0 bounds: (855,128),(893,119),(896,132),(858,142)
১৫৪৯ 0.0 bounds: (679,205),(714,199),(718,220),(683,227)
एटीएम 0.0 bounds: (752,192),(807,182),(811,203),(756,213)
ATM 0.0 bounds: (823,183),(890,171),(893,187),(826,199)
24 0.0 bounds: (801,227),(813,225),(814,234),(802,236)
Hour 0.0 bounds: (818,225),(845,221),(846,230),(819,234)
Banking 0.0 bounds: (850,220),(900,213),(901,223),(851,230)
cpat 0.0 bounds: (501,288),(537,284),(538,291),(502,295)
লে 0.0 bounds: (497,304),(510,303),(511,314),(498,315)
