TO-
BHK for
ae a tiade
JRU'S S
N PALAZZO
ENTURY
 0.0 bounds: (65,249),(726,249),(726,443),(65,443)
TO- 0.0 bounds: (197,249),(223,257),(219,269),(193,261)
BHK 0.0 bounds: (192,264),(211,270),(209,278),(189,273)
for 0.0 bounds: (215,270),(223,272),(220,283),(212,281)
ae 0.0 bounds: (618,398),(643,402),(641,413),(616,409)
a 0.0 bounds: (692,411),(696,412),(694,423),(690,422)
tiade 0.0 bounds: (696,414),(727,419),(725,427),(695,422)
JRU'S 0.0 bounds: (67,390),(119,395),(117,414),(65,409)
S 0.0 bounds: (133,399),(140,400),(139,414),(132,413)
N 0.0 bounds: (76,416),(92,417),(91,434),(75,433)
PALAZZO 0.0 bounds: (110,419),(176,424),(174,443),(108,438)
ENTURY 0.0 bounds: (512,373),(563,312),(579,326),(528,386)
