TRA
NO PARKING
NO HALTING
TOW AWAY ZONE
POL
 0.0 bounds: (120,343),(1023,343),(1023,661),(120,661)
TRA 0.0 bounds: (145,343),(171,344),(171,350),(145,349)
NO 0.0 bounds: (131,356),(143,357),(143,363),(131,362)
PARKING 0.0 bounds: (147,355),(188,357),(188,365),(147,363)
NO 0.0 bounds: (131,365),(143,366),(143,372),(131,371)
HALTING 0.0 bounds: (148,365),(184,367),(184,374),(148,372)
TOW 0.0 bounds: (121,391),(141,392),(140,402),(120,401)
AWAY 0.0 bounds: (144,395),(164,396),(164,403),(144,402)
ZONE 0.0 bounds: (167,393),(189,394),(188,405),(166,404)
POL 0.0 bounds: (978,643),(1023,645),(1022,661),(977,659)
