NOVED TO MARNPAL CERRE
WROOM RENIVATION
THE INCONVENIENCE
ర శముర్త
ఇల నేంబరానే
CTMI
ాని విశాదినుక
 0.0 bounds: (-5,89),(285,89),(285,330),(-5,330)
NOVED 0.0 bounds: (17,89),(44,106),(33,124),(6,108)
TO 0.0 bounds: (47,108),(56,114),(45,132),(36,126)
MARNPAL 0.0 bounds: (59,115),(88,133),(76,152),(47,135)
CERRE 0.0 bounds: (90,134),(116,150),(104,169),(78,154)
WROOM 0.0 bounds: (9,116),(49,139),(40,155),(0,133)
RENIVATION 0.0 bounds: (51,138),(102,167),(93,184),(41,155)
THE 0.0 bounds: (5,151),(28,163),(23,172),(0,161)
INCONVENIENCE 0.0 bounds: (32,161),(105,197),(96,213),(24,177)
ర 0.0 bounds: (6,179),(34,193),(28,204),(0,191)
శముర్త 0.0 bounds: (36,192),(67,207),(59,222),(29,207)
ఇల 0.0 bounds: (1,226),(15,230),(10,248),(-4,244)
నేంబరానే 0.0 bounds: (23,232),(76,248),(70,267),(17,251)
CTMI 0.0 bounds: (223,309),(285,311),(284,330),(222,328)
ాని 0.0 bounds: (4,278),(22,282),(18,296),(1,292)
విశాదినుక 0.0 bounds: (25,285),(70,295),(67,308),(22,298)
