Happines
SALE
UP TOST OFF
CENTRAL
RESIDENCY ROAD
TREET SMART
Case
Kausket
 0.0 bounds: (318,40),(668,40),(668,271),(318,271)
Happines 0.0 bounds: (593,45),(645,40),(646,58),(595,63)
SALE 0.0 bounds: (603,63),(644,56),(647,72),(606,80)
UP 0.0 bounds: (593,80),(610,77),(612,89),(595,92)
TOST 0.0 bounds: (612,76),(630,73),(632,86),(614,89)
OFF 0.0 bounds: (635,73),(648,71),(650,84),(637,86)
CENTRAL 0.0 bounds: (610,137),(657,132),(659,150),(612,155)
RESIDENCY 0.0 bounds: (603,169),(645,164),(646,170),(604,176)
ROAD 0.0 bounds: (650,162),(667,160),(668,166),(651,168)
TREET 0.0 bounds: (627,183),(642,181),(642,184),(627,186)
SMART 0.0 bounds: (646,181),(663,179),(663,182),(646,184)
Case 0.0 bounds: (318,242),(343,240),(343,247),(318,249)
Kausket 0.0 bounds: (435,264),(461,243),(466,251),(441,271)
