BAKLOAN
CODA
8.85%
RODA
ARD 4N
NOME
8.35
tarting
EMI
EMI Starting
From 759/Lakh
From 16s02/Lakh
Olympic
1600 10244 55
kofbaroda.co.in
ank of B oda
ia's Internatione
1000
 0.0 bounds: (7,11),(724,11),(724,409),(7,409)
BAKLOAN 0.0 bounds: (410,77),(471,68),(473,79),(412,88)
CODA 0.0 bounds: (438,71),(466,65),(468,72),(440,79)
8.85% 0.0 bounds: (406,91),(494,72),(501,107),(413,125)
RODA 0.0 bounds: (167,137),(198,129),(199,134),(168,142)
ARD 0.0 bounds: (159,136),(185,135),(185,143),(159,144)
4N 0.0 bounds: (204,134),(211,134),(211,139),(204,139)
NOME 0.0 bounds: (148,145),(178,138),(180,145),(150,152)
8.35 0.0 bounds: (134,155),(197,146),(201,173),(138,183)
tarting 0.0 bounds: (430,117),(472,110),(474,118),(431,125)
EMI 0.0 bounds: (394,128),(416,123),(418,129),(395,134)
EMI 0.0 bounds: (120,186),(144,181),(146,189),(122,194)
Starting 0.0 bounds: (146,181),(184,173),(186,181),(148,189)
From 0.0 bounds: (109,199),(138,192),(140,200),(111,207)
759/Lakh 0.0 bounds: (142,192),(196,180),(197,187),(144,199)
From 0.0 bounds: (391,139),(423,131),(424,137),(392,145)
16s02/Lakh 0.0 bounds: (427,127),(503,109),(505,118),(429,137)
Olympic 0.0 bounds: (310,259),(345,252),(347,259),(311,266)
1600 0.0 bounds: (62,367),(89,363),(90,371),(63,375)
10244 0.0 bounds: (90,363),(126,357),(127,364),(91,370)
55 0.0 bounds: (128,358),(143,356),(144,363),(129,365)
kofbaroda.co.in 0.0 bounds: (7,397),(88,384),(90,396),(9,409)
ank 0.0 bounds: (303,347),(348,340),(352,363),(306,370)
of 0.0 bounds: (358,339),(379,336),(382,359),(361,362)
B 0.0 bounds: (385,336),(398,334),(401,356),(388,358)
oda 0.0 bounds: (421,330),(466,323),(470,345),(424,352)
ia's 0.0 bounds: (296,376),(323,372),(325,385),(298,389)
Internatione 0.0 bounds: (325,372),(393,362),(395,375),(327,385)
1000 0.0 bounds: (722,11),(725,55),(704,56),(701,12)
