SPICE TERRACE
rda end Oide
Indi.
sautéed in auther
Chethan
8912
 0.0 bounds: (237,67),(906,67),(906,449),(237,449)
SPICE 0.0 bounds: (797,70),(813,69),(813,75),(797,76)
TERRACE 0.0 bounds: (818,69),(844,67),(844,72),(818,74)
rda 0.0 bounds: (237,122),(261,123),(261,134),(237,133)
end 0.0 bounds: (274,123),(295,124),(295,135),(274,134)
Oide 0.0 bounds: (297,124),(308,124),(308,135),(297,135)
Indi. 0.0 bounds: (872,173),(891,171),(892,179),(873,181)
sautéed 0.0 bounds: (830,185),(862,183),(862,190),(831,192)
in 0.0 bounds: (867,183),(874,182),(874,188),(867,189)
auther 0.0 bounds: (877,181),(905,179),(906,189),(878,191)
Chethan 0.0 bounds: (640,279),(684,277),(684,288),(640,290)
8912 0.0 bounds: (758,431),(801,433),(800,449),(757,447)
