troducing
Tone by Google
E COLECION
INCREASE BRAN
VISIBILITY
080 39 831 360
+01 0880 798 778
425+ 3,85,000. 10%
a o.com
 0.0 bounds: (52,30),(841,30),(841,380),(52,380)
troducing 0.0 bounds: (84,30),(145,58),(139,71),(78,43)
Tone 0.0 bounds: (61,42),(98,59),(89,78),(52,61)
by 0.0 bounds: (102,62),(120,70),(112,88),(94,79)
Google 0.0 bounds: (126,72),(189,101),(179,121),(117,92)
E 0.0 bounds: (789,282),(797,278),(804,291),(796,295)
COLECION 0.0 bounds: (799,276),(834,258),(841,273),(806,290)
INCREASE 0.0 bounds: (187,243),(228,252),(225,264),(184,255)
BRAN 0.0 bounds: (232,253),(253,258),(251,268),(230,264)
VISIBILITY 0.0 bounds: (184,252),(262,269),(257,291),(179,274)
080 0.0 bounds: (182,283),(200,286),(198,297),(180,294)
39 0.0 bounds: (203,284),(214,286),(211,300),(200,298)
831 0.0 bounds: (217,286),(234,289),(231,303),(214,300)
360 0.0 bounds: (238,294),(254,297),(252,308),(236,305)
+01 0.0 bounds: (180,297),(193,299),(191,308),(178,306)
0880 0.0 bounds: (198,300),(218,304),(216,312),(196,309)
798 0.0 bounds: (222,304),(236,306),(234,315),(220,313)
778 0.0 bounds: (239,307),(251,309),(249,318),(237,316)
425+ 0.0 bounds: (141,316),(172,321),(170,334),(139,329)
3,85,000. 0.0 bounds: (185,323),(234,331),(233,342),(183,334)
10% 0.0 bounds: (249,334),(270,337),(268,347),(247,344)
a 0.0 bounds: (231,366),(238,367),(237,372),(230,371)
o.com 0.0 bounds: (260,367),(280,370),(279,379),(259,377)
