NETFLIX
aai MURDER IF YOU CAN
OUR LF
CK TO LFE?
ALTERED
BON
BMTC
doa E
www.my te.com
AFTER 01KM 13/-RS
MINIMUM FARE 25/-RS
GARUDA MAL AUTO STAND
o iCwed
KA O1-F4701
 0.0 bounds: (19,162),(759,162),(759,599),(19,599)
NETFLIX 0.0 bounds: (360,162),(438,166),(437,189),(359,185)
aai 0.0 bounds: (412,206),(456,208),(455,223),(411,221)
MURDER 0.0 bounds: (469,208),(512,210),(511,226),(468,224)
IF 0.0 bounds: (514,211),(525,211),(524,226),(513,226)
YOU 0.0 bounds: (528,211),(547,212),(546,228),(527,227)
CAN 0.0 bounds: (549,212),(568,213),(567,229),(548,228)
OUR 0.0 bounds: (480,224),(519,226),(518,246),(479,244)
LF 0.0 bounds: (544,228),(566,229),(565,248),(543,247)
CK 0.0 bounds: (433,243),(467,244),(466,266),(432,265)
TO 0.0 bounds: (475,245),(499,246),(498,264),(474,263)
LFE? 0.0 bounds: (510,246),(565,248),(564,270),(509,268)
ALTERED 0.0 bounds: (478,331),(566,335),(565,351),(477,347)
BON 0.0 bounds: (514,349),(567,350),(567,362),(514,361)
BMTC 0.0 bounds: (46,349),(152,360),(150,381),(44,370)
doa 0.0 bounds: (61,376),(93,380),(91,391),(60,387)
E 0.0 bounds: (115,383),(127,385),(126,395),(114,394)
www.my 0.0 bounds: (60,404),(90,406),(89,414),(59,412)
te.com 0.0 bounds: (106,408),(130,410),(129,417),(105,415)
AFTER 0.0 bounds: (736,506),(710,510),(709,499),(734,495)
01KM 0.0 bounds: (706,512),(682,515),(681,504),(704,500)
13/-RS 0.0 bounds: (680,514),(654,518),(653,508),(679,504)
MINIMUM 0.0 bounds: (760,527),(705,536),(702,522),(758,513)
FARE 0.0 bounds: (701,536),(677,540),(675,527),(699,523)
25/-RS 0.0 bounds: (673,542),(642,547),(640,532),(671,527)
GARUDA 0.0 bounds: (749,556),(722,560),(721,550),(748,546)
MAL 0.0 bounds: (719,559),(707,561),(706,552),(718,550)
AUTO 0.0 bounds: (701,562),(683,564),(682,554),(700,552)
STAND 0.0 bounds: (681,565),(663,567),(662,557),(680,555)
o 0.0 bounds: (20,528),(41,530),(41,535),(20,533)
iCwed 0.0 bounds: (43,528),(85,531),(84,538),(42,535)
KA 0.0 bounds: (19,582),(40,582),(40,597),(19,597)
O1-F4701 0.0 bounds: (42,582),(91,583),(91,599),(42,598)
