VASHREE BALAJ OK 9TORES SA JOS SENOTE
NDIA
ABELS
 0.0 bounds: (0,222),(765,222),(765,353),(0,353)
VASHREE 0.0 bounds: (528,222),(591,244),(586,260),(522,238)
BALAJ 0.0 bounds: (594,245),(618,253),(612,270),(588,262)
OK 0.0 bounds: (619,253),(643,261),(637,278),(613,270)
9TORES 0.0 bounds: (645,262),(671,271),(666,288),(639,279)
SA 0.0 bounds: (676,273),(709,284),(704,300),(670,289)
JOS 0.0 bounds: (710,285),(731,292),(725,308),(704,301)
SENOTE 0.0 bounds: (736,294),(764,304),(758,321),(730,311)
NDIA 0.0 bounds: (6,328),(43,335),(41,347),(4,341)
ABELS 0.0 bounds: (1,340),(44,345),(43,353),(0,348)
