Salomi
NRUTI
SILI
Jewelters
orfieal
ANAJEN LLEY
Sudarshan
"JAYA JEWELLERY
chua date st
RI MARUTHI
INS JW
WEDDING
 0.0 bounds: (1,13),(860,13),(860,762),(1,762)
Salomi 0.0 bounds: (258,63),(350,135),(327,165),(235,93)
NRUTI 0.0 bounds: (1,81),(75,71),(78,89),(3,99)
SILI 0.0 bounds: (756,212),(838,200),(841,218),(759,231)
Jewelters 0.0 bounds: (745,235),(857,212),(860,229),(748,252)
orfieal 0.0 bounds: (691,227),(729,223),(730,229),(692,234)
ANAJEN 0.0 bounds: (1,278),(85,272),(88,313),(4,319)
LLEY 0.0 bounds: (87,272),(162,267),(165,308),(90,313)
Sudarshan 0.0 bounds: (479,255),(736,223),(740,258),(483,291)
"JAYA 0.0 bounds: (95,360),(126,358),(127,379),(96,381)
JEWELLERY 0.0 bounds: (130,355),(193,351),(194,375),(132,379)
chua 0.0 bounds: (6,478),(32,477),(32,486),(6,487)
date 0.0 bounds: (36,476),(55,475),(55,485),(36,486)
st 0.0 bounds: (59,475),(71,474),(71,481),(59,482)
RI 0.0 bounds: (1,493),(18,492),(19,504),(2,505)
MARUTHI 0.0 bounds: (19,494),(84,489),(84,497),(20,502)
INS 0.0 bounds: (308,744),(329,750),(327,759),(305,754)
JW 0.0 bounds: (331,750),(338,752),(335,761),(328,760)
WEDDING 0.0 bounds: (305,13),(363,73),(352,83),(294,23)
