MILLS
LIMITED
TEXTILES
DIVISION
BINNY MILLS LEIMITED
TEXTILES DIVISION
XNOS
0RAT
 0.0 bounds: (220,76),(787,76),(787,227),(220,227)
MILLS 0.0 bounds: (228,85),(255,86),(255,96),(228,95)
LIMITED 0.0 bounds: (223,100),(260,100),(260,111),(223,111)
TEXTILES 0.0 bounds: (220,117),(264,118),(264,128),(220,127)
DIVISION 0.0 bounds: (221,134),(262,135),(262,144),(221,143)
BINNY 0.0 bounds: (390,180),(425,187),(422,202),(387,196)
MILLS 0.0 bounds: (428,186),(462,192),(459,212),(424,206)
LEIMITED 0.0 bounds: (465,193),(500,200),(497,218),(462,212)
TEXTILES 0.0 bounds: (407,201),(450,208),(448,221),(405,214)
DIVISION 0.0 bounds: (452,208),(485,213),(482,227),(450,222)
XNOS 0.0 bounds: (786,84),(788,175),(770,175),(768,84)
0RAT 0.0 bounds: (708,76),(707,137),(698,137),(699,76)
