PC FREE
KANCHEE - Co
PRI 1O S
SOLE DISIRIBU
SANFE MA
MANDIR
1st FLOOR
a
SRISILK
Missy
ENNIKA GARMENTS
SRI KANNIKA G
 0.0 bounds: (26,55),(724,55),(724,747),(26,747)
PC 0.0 bounds: (71,194),(118,239),(106,251),(59,206)
FREE 0.0 bounds: (118,243),(145,269),(136,279),(109,252)
KANCHEE 0.0 bounds: (387,329),(429,335),(427,343),(386,337)
- 0.0 bounds: (434,334),(438,335),(437,344),(433,344)
Co 0.0 bounds: (439,337),(451,339),(450,346),(438,344)
PRI 0.0 bounds: (679,599),(694,601),(693,608),(678,606)
1O 0.0 bounds: (699,602),(707,603),(706,610),(698,609)
S 0.0 bounds: (710,600),(720,601),(719,611),(709,610)
SOLE 0.0 bounds: (669,610),(688,612),(687,622),(668,620)
DISIRIBU 0.0 bounds: (690,612),(717,615),(715,626),(689,623)
SANFE 0.0 bounds: (648,625),(696,631),(693,649),(646,643)
MA 0.0 bounds: (700,631),(724,634),(722,652),(698,649)
MANDIR 0.0 bounds: (331,617),(407,625),(405,639),(330,631)
1st 0.0 bounds: (337,642),(354,643),(353,656),(336,655)
FLOOR 0.0 bounds: (360,644),(393,646),(392,660),(359,658)
a 0.0 bounds: (403,724),(418,724),(418,747),(403,747)
SRISILK 0.0 bounds: (439,338),(391,614),(346,606),(394,330)
Missy 0.0 bounds: (161,55),(195,96),(181,107),(147,67)
ENNIKA 0.0 bounds: (64,177),(99,235),(83,245),(48,187)
GARMENTS 0.0 bounds: (100,240),(142,288),(130,299),(87,251)
SRI 0.0 bounds: (40,167),(58,187),(45,199),(27,179)
KANNIKA 0.0 bounds: (60,188),(103,234),(89,247),(46,201)
G 0.0 bounds: (99,239),(104,245),(96,253),(90,247)
