EMBASSY
BUILDERS
TRT
EMBASSY HEIGHT
ఎంజి ట
 0.0 bounds: (251,309),(1023,309),(1023,590),(251,590)
EMBASSY 0.0 bounds: (684,346),(811,354),(809,376),(683,368)
BUILDERS 0.0 bounds: (702,375),(775,382),(774,390),(701,383)
TRT 0.0 bounds: (253,309),(285,313),(283,327),(251,323)
EMBASSY 0.0 bounds: (524,416),(715,455),(707,494),(516,455)
HEIGHT 0.0 bounds: (738,452),(1023,510),(1012,564),(727,506)
ఎంజి 0.0 bounds: (618,486),(694,509),(680,556),(604,533)
ట 0.0 bounds: (779,536),(807,544),(793,589),(766,581)
