वि
PAI PHARMA
Coca-Cola
GHEMISTA D
t r o
 0.0 bounds: (42,233),(811,233),(811,329),(42,329)
वि 0.0 bounds: (124,233),(217,250),(214,268),(121,251)
PAI 0.0 bounds: (44,241),(70,245),(68,259),(42,255)
PHARMA 0.0 bounds: (75,246),(139,255),(137,268),(73,259)
Coca-Cola 0.0 bounds: (289,262),(333,265),(332,283),(288,280)
GHEMISTA 0.0 bounds: (55,260),(93,264),(92,272),(54,268)
D 0.0 bounds: (95,265),(98,265),(97,272),(94,272)
t 0.0 bounds: (765,324),(769,324),(769,329),(765,329)
r 0.0 bounds: (805,320),(807,320),(807,327),(805,327)
o 0.0 bounds: (809,320),(811,320),(811,327),(809,327)
