e sa)
icra d FGa RI
1acai TC
EMG
 0.0 bounds: (56,353),(426,353),(426,483),(56,483)
e 0.0 bounds: (306,362),(325,359),(325,363),(307,366)
sa) 0.0 bounds: (328,358),(359,353),(360,359),(329,364)
icra 0.0 bounds: (152,391),(173,390),(173,399),(152,400)
d 0.0 bounds: (184,389),(196,389),(196,400),(184,400)
FGa 0.0 bounds: (198,388),(228,387),(228,399),(198,400)
RI 0.0 bounds: (230,390),(241,390),(241,397),(230,397)
1acai 0.0 bounds: (56,457),(74,456),(74,460),(56,461)
TC 0.0 bounds: (83,456),(99,455),(99,459),(83,460)
EMG 0.0 bounds: (397,475),(426,474),(426,482),(397,483)
