ANA
FA CARPET
HAMPOONG
6252238
503654)
TATA
TATA Mutual Fund
oab d
lam l
OUT
 0.0 bounds: (-1,-1),(307,-1),(307,578),(-1,578)
ANA 0.0 bounds: (196,14),(141,57),(130,42),(185,0)
FA 0.0 bounds: (3,237),(15,240),(12,251),(0,249)
CARPET 0.0 bounds: (15,240),(52,249),(50,259),(13,251)
HAMPOONG 0.0 bounds: (2,249),(47,260),(44,270),(-1,260)
6252238 0.0 bounds: (4,262),(44,272),(41,284),(1,274)
503654) 0.0 bounds: (4,277),(37,284),(35,296),(1,289)
TATA 0.0 bounds: (174,410),(198,405),(201,415),(176,420)
TATA 0.0 bounds: (156,471),(171,468),(172,475),(157,478)
Mutual 0.0 bounds: (174,469),(198,465),(199,472),(175,477)
Fund 0.0 bounds: (200,464),(216,461),(217,469),(201,472)
oab 0.0 bounds: (287,554),(299,554),(299,560),(287,560)
d 0.0 bounds: (301,555),(307,555),(307,561),(301,561)
lam 0.0 bounds: (282,564),(298,564),(298,575),(282,575)
l 0.0 bounds: (300,564),(304,564),(304,574),(300,574)
OUT 0.0 bounds: (240,561),(260,560),(261,577),(241,578)
