A BRM.P PROIECT A
ALESWOBAM
MAJESTIC
HINDUSTAN
EHICLES
ONITED
 0.0 bounds: (42,205),(693,205),(693,279),(42,279)
A 0.0 bounds: (259,205),(266,205),(266,215),(259,215)
BRM.P 0.0 bounds: (265,206),(290,206),(290,213),(265,213)
PROIECT 0.0 bounds: (294,205),(323,205),(323,214),(294,214)
A 0.0 bounds: (332,206),(347,206),(347,216),(332,216)
ALESWOBAM 0.0 bounds: (251,224),(332,222),(332,232),(251,234)
MAJESTIC 0.0 bounds: (264,238),(318,235),(319,246),(265,249)
HINDUSTAN 0.0 bounds: (42,270),(76,268),(76,277),(42,279)
EHICLES 0.0 bounds: (284,263),(329,262),(329,269),(284,270)
ONITED 0.0 bounds: (672,273),(693,272),(693,277),(672,278)
