SH PP
L'OREAL
BALHAIN
DESIGNER MATTES
w
Justdial
goch
RED D T SALE
-50
S US POLO
OR EVERYTHING
 0.0 bounds: (169,53),(958,53),(958,475),(169,475)
SH 0.0 bounds: (882,53),(923,65),(917,85),(876,73)
PP 0.0 bounds: (928,67),(958,76),(952,96),(922,87)
L'OREAL 0.0 bounds: (612,204),(665,213),(663,225),(610,216)
BALHAIN 0.0 bounds: (613,232),(666,243),(663,259),(610,248)
DESIGNER 0.0 bounds: (512,253),(545,258),(544,265),(511,260)
MATTES 0.0 bounds: (555,259),(579,263),(578,269),(554,266)
w 0.0 bounds: (623,267),(632,268),(631,274),(622,273)
Justdial 0.0 bounds: (187,247),(238,253),(236,266),(185,260)
goch 0.0 bounds: (412,325),(466,328),(464,365),(410,362)
RED 0.0 bounds: (536,343),(572,347),(570,358),(535,354)
D 0.0 bounds: (580,349),(590,350),(589,360),(579,359)
T 0.0 bounds: (611,353),(619,354),(618,364),(610,363)
SALE 0.0 bounds: (629,355),(670,360),(668,371),(628,366)
-50 0.0 bounds: (575,367),(604,370),(603,377),(574,374)
S 0.0 bounds: (312,369),(322,369),(322,378),(312,378)
US 0.0 bounds: (328,369),(345,370),(345,380),(328,379)
POLO 0.0 bounds: (344,372),(365,373),(365,380),(344,379)
OR 0.0 bounds: (169,465),(184,466),(184,472),(169,471)
EVERYTHING 0.0 bounds: (186,466),(223,468),(223,475),(186,473)
