ole
VVANTAGE
22255918 V VANTAGE
RAVNDU TOYC
 0.0 bounds: (535,328),(1023,328),(1023,347),(535,347)
ole 0.0 bounds: (751,328),(778,328),(778,333),(751,333)
VVANTAGE 0.0 bounds: (535,333),(605,333),(605,346),(535,346)
22255918 0.0 bounds: (628,334),(696,334),(696,345),(628,345)
V 0.0 bounds: (706,331),(714,331),(714,345),(706,345)
VANTAGE 0.0 bounds: (726,331),(779,331),(779,345),(726,345)
RAVNDU 0.0 bounds: (963,343),(999,342),(999,346),(963,347)
TOYC 0.0 bounds: (1002,342),(1023,342),(1023,346),(1002,346)
