এট भारत सरकार
TATA MINISTRY OF DEFENCE elico LX
a GOVT OF INDIA
 0.0 bounds: (339,343),(577,343),(577,385),(339,385)
এট 0.0 bounds: (430,353),(449,351),(450,363),(431,365)
भारत 0.0 bounds: (453,351),(478,348),(479,358),(454,361)
सरकार 0.0 bounds: (484,347),(519,343),(520,355),(485,359)
TATA 0.0 bounds: (427,365),(453,363),(454,373),(428,375)
MINISTRY 0.0 bounds: (456,364),(483,361),(484,368),(457,371)
OF 0.0 bounds: (486,361),(492,360),(493,366),(487,367)
DEFENCE 0.0 bounds: (495,360),(521,358),(522,365),(496,367)
elico 0.0 bounds: (525,358),(560,355),(561,363),(526,366)
LX 0.0 bounds: (564,356),(576,355),(577,361),(565,362)
a 0.0 bounds: (339,385),(341,385),(341,385),(339,385)
GOVT 0.0 bounds: (347,374),(368,372),(369,383),(348,385)
OF 0.0 bounds: (372,372),(382,371),(383,379),(373,380)
INDIA 0.0 bounds: (386,371),(408,369),(409,376),(387,378)
