OUR
Ona ut
Aan
Tind Comt
INO A
Chice
Fah Cery h
ఏ-ట ర్
ropicana
Coc
 0.0 bounds: (215,90),(1023,90),(1023,476),(215,476)
OUR 0.0 bounds: (741,90),(754,90),(754,93),(741,93)
Ona 0.0 bounds: (734,105),(754,105),(754,112),(734,112)
ut 0.0 bounds: (756,105),(765,105),(765,112),(756,112)
Aan 0.0 bounds: (733,112),(751,113),(750,120),(733,119)
Tind 0.0 bounds: (734,122),(748,122),(748,128),(734,128)
Comt 0.0 bounds: (751,124),(765,124),(765,129),(751,129)
INO 0.0 bounds: (744,130),(760,132),(759,137),(743,136)
A 0.0 bounds: (774,133),(788,134),(787,140),(773,139)
Chice 0.0 bounds: (742,139),(758,140),(758,147),(742,146)
Fah 0.0 bounds: (733,166),(743,166),(743,172),(733,172)
Cery 0.0 bounds: (745,166),(752,166),(752,172),(745,172)
h 0.0 bounds: (766,167),(779,167),(779,173),(766,173)
ఏ-ట 0.0 bounds: (215,179),(236,180),(236,189),(215,188)
ర్ 0.0 bounds: (239,183),(248,183),(248,191),(239,191)
ropicana 0.0 bounds: (584,241),(617,241),(617,248),(584,248)
Coc 0.0 bounds: (991,432),(1023,443),(1012,475),(980,464)
