NAM COLLERE OF COMMERCE E
O OLA
29
for 4 km
SOUND
HORE
 0.0 bounds: (8,411),(1023,411),(1023,620),(8,620)
NAM 0.0 bounds: (11,411),(23,415),(21,423),(8,420)
COLLERE 0.0 bounds: (26,414),(44,419),(41,429),(23,424)
OF 0.0 bounds: (45,421),(50,422),(47,431),(42,430)
COMMERCE 0.0 bounds: (52,422),(75,429),(72,438),(49,432)
E 0.0 bounds: (96,436),(101,437),(98,446),(93,445)
O 0.0 bounds: (507,510),(512,510),(512,519),(507,519)
OLA 0.0 bounds: (514,510),(522,510),(522,519),(514,519)
29 0.0 bounds: (499,558),(526,556),(527,573),(500,575)
for 0.0 bounds: (494,578),(506,577),(506,583),(494,584)
4 0.0 bounds: (508,577),(512,577),(512,583),(508,583)
km 0.0 bounds: (514,577),(521,577),(521,583),(514,583)
SOUND 0.0 bounds: (836,609),(873,608),(873,619),(836,620)
HORE 0.0 bounds: (996,605),(1023,604),(1023,615),(996,616)
