SALE
UPTOSS OFF
CENTRAL
E POORVKA
RESIBENCT BAD
355 TMT
 0.0 bounds: (338,126),(949,126),(949,319),(338,319)
SALE 0.0 bounds: (579,128),(607,126),(608,136),(580,138)
UPTOSS 0.0 bounds: (576,142),(602,139),(602,144),(577,147)
OFF 0.0 bounds: (604,139),(614,138),(614,143),(605,144)
CENTRAL 0.0 bounds: (584,184),(616,182),(617,194),(585,196)
E 0.0 bounds: (902,147),(908,145),(911,157),(906,158)
POORVKA 0.0 bounds: (910,144),(945,133),(949,145),(914,156)
RESIBENCT 0.0 bounds: (581,206),(607,204),(607,209),(581,211)
BAD 0.0 bounds: (611,203),(623,202),(623,206),(611,207)
355 0.0 bounds: (338,312),(349,311),(350,318),(339,319)
TMT 0.0 bounds: (352,310),(364,309),(365,315),(353,316)
