BANGALORE
CENTRAL
SEAND.HEw
RESIDENCY ROAD
STREET SMART
ES92222
 0.0 bounds: (700,31),(816,31),(816,122),(700,122)
BANGALORE 0.0 bounds: (710,34),(757,31),(757,37),(710,40)
CENTRAL 0.0 bounds: (708,39),(792,34),(793,53),(709,58)
SEAND.HEw 0.0 bounds: (749,56),(791,53),(791,60),(750,63)
RESIDENCY 0.0 bounds: (700,84),(767,81),(767,89),(700,92)
ROAD 0.0 bounds: (775,79),(816,77),(816,87),(775,89)
STREET 0.0 bounds: (730,113),(765,110),(765,115),(730,118)
SMART 0.0 bounds: (769,109),(802,106),(802,112),(769,115)
ES92222 0.0 bounds: (759,115),(788,113),(788,120),(760,122)
