దిత్రింజనామైనోరు) ప్రవేో లిమిజిడో
తెళాల: డెర్సెనాాల చ్రేజావాణి మెధామెయూర
నే 201. మేగాగాంధి రోజ్తే
బింగళురు
29E0 000.
THE PRINTERS (MYSORE PRIVATE LIMITED
PUBLISHERS: DECCAN HERALD-PRAJAVANI - SUDHA - MAYURA
NO. 75, MAHATMA
GANDHI ROAD, BANGALORE- 560 001.
ESEEEH
 0.0 bounds: (11,257),(932,257),(932,754),(11,754)
దిత్రింజనామైనోరు) 0.0 bounds: (42,267),(587,257),(588,337),(43,347)
ప్రవేో 0.0 bounds: (600,268),(749,265),(750,334),(601,337)
లిమిజిడో 0.0 bounds: (764,265),(931,262),(932,321),(765,324)
తెళాల: 0.0 bounds: (60,335),(280,333),(280,388),(60,390)
డెర్సెనాాల 0.0 bounds: (284,333),(504,331),(504,387),(284,389)
చ్రేజావాణి 0.0 bounds: (526,331),(691,330),(691,386),(526,387)
మెధామెయూర 0.0 bounds: (695,329),(924,327),(924,383),(695,385)
నే 0.0 bounds: (134,383),(158,383),(158,403),(134,403)
201. 0.0 bounds: (162,386),(193,386),(193,403),(162,403)
మేగాగాంధి 0.0 bounds: (209,382),(317,381),(317,408),(209,409)
రోజ్తే 0.0 bounds: (338,379),(372,379),(372,404),(338,404)
బింగళురు 0.0 bounds: (414,381),(501,380),(501,402),(414,403)
29E0 0.0 bounds: (611,382),(657,382),(657,397),(611,397)
000. 0.0 bounds: (664,381),(709,381),(709,396),(664,396)
THE 0.0 bounds: (26,474),(111,473),(111,508),(26,509)
PRINTERS 0.0 bounds: (124,471),(357,469),(357,507),(124,509)
(MYSORE 0.0 bounds: (370,463),(571,462),(571,512),(370,513)
PRIVATE 0.0 bounds: (584,468),(749,467),(749,503),(584,504)
LIMITED 0.0 bounds: (764,466),(929,465),(929,503),(764,504)
PUBLISHERS: 0.0 bounds: (11,524),(171,522),(171,545),(11,547)
DECCAN 0.0 bounds: (185,522),(288,521),(288,544),(185,545)
HERALD-PRAJAVANI 0.0 bounds: (297,521),(525,519),(525,541),(297,543)
- 0.0 bounds: (535,529),(543,529),(543,531),(535,531)
SUDHA 0.0 bounds: (560,515),(652,514),(652,540),(560,541)
- 0.0 bounds: (669,514),(685,514),(685,541),(669,541)
MAYURA 0.0 bounds: (688,517),(793,516),(793,539),(688,540)
NO. 0.0 bounds: (61,554),(106,554),(106,575),(61,575)
75, 0.0 bounds: (105,556),(138,556),(138,573),(105,573)
MAHATMA 0.0 bounds: (157,555),(288,554),(288,571),(157,572)
GANDHI 0.0 bounds: (317,553),(422,552),(422,569),(317,570)
ROAD, 0.0 bounds: (441,551),(530,550),(530,571),(441,572)
BANGALORE- 0.0 bounds: (540,550),(718,549),(718,568),(540,569)
560 0.0 bounds: (730,549),(779,549),(779,566),(730,566)
001. 0.0 bounds: (790,548),(833,548),(833,566),(790,566)
ESEEEH 0.0 bounds: (871,668),(890,750),(874,754),(854,672)
