Adailssions Open
BAIAI QUTE
cominu soon a
Puram
koin
 0.0 bounds: (244,319),(446,319),(446,483),(244,483)
Adailssions 0.0 bounds: (275,319),(366,320),(366,332),(275,331)
Open 0.0 bounds: (370,320),(402,320),(402,332),(370,332)
BAIAI 0.0 bounds: (261,355),(286,355),(286,362),(261,362)
QUTE 0.0 bounds: (289,355),(308,355),(308,363),(289,363)
cominu 0.0 bounds: (244,379),(269,379),(269,395),(244,395)
soon 0.0 bounds: (271,379),(289,379),(289,395),(271,395)
a 0.0 bounds: (370,379),(383,379),(383,395),(370,395)
Puram 0.0 bounds: (422,465),(446,465),(446,472),(422,472)
koin 0.0 bounds: (415,476),(437,476),(437,483),(415,483)
