BR RO HEN
LOSE HALE
AUSE OF TRAEFIC
wWhatsYourissue
NEARD NOT JOSTREAD
Riwaz
THECANTERN
R N SUNO
 0.0 bounds: (182,64),(359,64),(359,250),(182,250)
BR 0.0 bounds: (219,91),(236,89),(237,99),(220,101)
RO 0.0 bounds: (277,90),(297,90),(297,103),(277,103)
HEN 0.0 bounds: (337,95),(353,97),(351,109),(336,107)
LOSE 0.0 bounds: (225,64),(262,69),(260,80),(224,75)
HALE 0.0 bounds: (266,69),(302,74),(300,84),(265,80)
AUSE 0.0 bounds: (247,98),(276,101),(275,112),(246,109)
OF 0.0 bounds: (281,101),(297,103),(296,115),(280,113)
TRAEFIC 0.0 bounds: (294,102),(345,107),(344,119),(293,114)
wWhatsYourissue 0.0 bounds: (225,103),(291,116),(289,124),(223,111)
NEARD 0.0 bounds: (276,137),(296,140),(295,147),(275,144)
NOT 0.0 bounds: (301,141),(310,142),(309,149),(300,148)
JOSTREAD 0.0 bounds: (313,144),(345,149),(344,155),(312,150)
Riwaz 0.0 bounds: (318,192),(359,201),(356,216),(315,207)
THECANTERN 0.0 bounds: (192,231),(247,236),(246,242),(191,237)
R 0.0 bounds: (183,236),(212,240),(211,246),(182,242)
N 0.0 bounds: (212,243),(219,244),(219,247),(212,246)
SUNO 0.0 bounds: (222,244),(245,247),(244,250),(222,247)
