Opera House
Don't delay
Tax Planning
*57, Brigode Rood
y Roed Junction)
Invest Now & Save Tax
rio u
TATA
INDIA TAX SAVINGS FUND
BRIC
-2entact Y
al Advieor
CASUALS
coPY CORNE
 0.0 bounds: (190,-1),(1032,-1),(1032,371),(190,371)
Opera 0.0 bounds: (190,269),(242,262),(244,281),(193,288)
House 0.0 bounds: (248,261),(296,255),(298,274),(251,281)
Don't 0.0 bounds: (789,60),(828,31),(837,43),(798,72)
delay 0.0 bounds: (832,24),(862,1),(876,19),(845,42)
Tax 0.0 bounds: (816,70),(838,55),(846,66),(824,82)
Planning 0.0 bounds: (840,48),(904,5),(914,20),(851,64)
*57, 0.0 bounds: (230,357),(249,354),(251,364),(232,368)
Brigode 0.0 bounds: (251,353),(271,349),(272,359),(253,363)
Rood 0.0 bounds: (274,349),(291,346),(292,355),(276,358)
y 0.0 bounds: (252,367),(256,366),(257,370),(253,371)
Roed 0.0 bounds: (256,361),(272,358),(273,367),(257,370)
Junction) 0.0 bounds: (274,361),(305,356),(306,364),(275,369)
Invest 0.0 bounds: (837,87),(855,74),(860,82),(842,94)
Now 0.0 bounds: (857,73),(869,64),(874,71),(862,80)
& 0.0 bounds: (874,63),(877,61),(881,66),(878,69)
Save 0.0 bounds: (878,58),(892,48),(896,55),(883,65)
Tax 0.0 bounds: (895,46),(905,39),(909,46),(900,53)
rio 0.0 bounds: (966,20),(985,9),(990,18),(971,29)
u 0.0 bounds: (998,4),(1005,0),(1009,8),(1003,12)
TATA 0.0 bounds: (834,117),(878,91),(888,108),(844,134)
INDIA 0.0 bounds: (844,137),(863,125),(868,135),(850,146)
TAX 0.0 bounds: (869,123),(883,115),(887,122),(874,131)
SAVINGS 0.0 bounds: (885,112),(920,90),(926,101),(891,122)
FUND 0.0 bounds: (924,88),(948,73),(955,84),(931,99)
BRIC 0.0 bounds: (995,40),(1023,17),(1032,28),(1004,51)
-2entact 0.0 bounds: (866,178),(894,162),(898,169),(870,185)
Y 0.0 bounds: (895,162),(896,162),(899,167),(898,167)
al 0.0 bounds: (927,144),(935,140),(939,147),(931,152)
Advieor 0.0 bounds: (938,138),(959,126),(963,134),(942,146)
CASUALS 0.0 bounds: (800,250),(829,238),(834,249),(805,261)
coPY 0.0 bounds: (877,210),(894,200),(898,206),(880,216)
CORNE 0.0 bounds: (891,202),(916,188),(920,194),(894,208)
