ka, INDIA.
MEDICINE
CONSULTATION
PANCHA KARMA
KERALA OIL THERPIES
Jd omni
TKAMATH
d pe
EENS RO
0721
galote
751
gAnytime Anyahere
MAST KALANZAR
podafone se
АCTIC
atvaneb PACKED
JAN
SEFE KANTELRAVA STADIUM
bookshew
 0.0 bounds: (1,65),(1023,65),(1023,470),(1,470)
ka, 0.0 bounds: (4,65),(36,70),(33,87),(1,82)
INDIA. 0.0 bounds: (37,71),(112,83),(110,96),(35,84)
MEDICINE 0.0 bounds: (265,107),(299,110),(298,115),(265,112)
CONSULTATION 0.0 bounds: (265,122),(321,128),(320,135),(264,129)
PANCHA 0.0 bounds: (265,138),(296,141),(295,148),(264,145)
KARMA 0.0 bounds: (299,141),(326,143),(325,149),(299,147)
KERALA 0.0 bounds: (265,154),(294,157),(293,162),(265,159)
OIL 0.0 bounds: (299,158),(308,159),(308,163),(299,162)
THERPIES 0.0 bounds: (312,158),(342,161),(341,167),(311,164)
Jd 0.0 bounds: (682,118),(698,111),(706,128),(690,135)
omni 0.0 bounds: (700,110),(735,94),(742,110),(707,125)
TKAMATH 0.0 bounds: (864,102),(894,88),(899,98),(869,112)
d 0.0 bounds: (700,144),(702,143),(705,150),(703,150)
pe 0.0 bounds: (724,133),(738,127),(741,133),(727,139)
EENS 0.0 bounds: (431,182),(453,181),(453,196),(431,197)
RO 0.0 bounds: (455,181),(466,181),(466,196),(455,196)
0721 0.0 bounds: (433,201),(463,201),(463,216),(433,216)
galote 0.0 bounds: (305,263),(333,264),(333,271),(305,270)
751 0.0 bounds: (437,249),(451,249),(451,256),(437,256)
gAnytime 0.0 bounds: (706,262),(731,257),(733,267),(708,272)
Anyahere 0.0 bounds: (735,256),(760,251),(762,261),(737,266)
MAST 0.0 bounds: (947,253),(972,249),(974,263),(949,267)
KALANZAR 0.0 bounds: (976,249),(1021,243),(1023,256),(978,263)
podafone 0.0 bounds: (800,278),(838,275),(839,285),(801,288)
se 0.0 bounds: (843,276),(855,275),(855,280),(843,281)
АCTIC 0.0 bounds: (210,356),(293,354),(294,388),(211,390)
atvaneb 0.0 bounds: (1,398),(141,390),(143,430),(3,438)
PACKED 0.0 bounds: (178,388),(333,379),(335,419),(180,428)
JAN 0.0 bounds: (107,460),(124,459),(125,468),(108,469)
SEFE 0.0 bounds: (189,466),(202,465),(202,469),(189,470)
KANTELRAVA 0.0 bounds: (205,463),(241,460),(241,466),(206,469)
STADIUM 0.0 bounds: (244,459),(268,457),(268,463),(245,465)
bookshew 0.0 bounds: (293,454),(329,451),(329,457),(293,460)
