PEA
CAMS
A IORA BUS
SONY
BH
Panasonic
 0.0 bounds: (236,110),(737,110),(737,297),(236,297)
PEA 0.0 bounds: (695,113),(715,110),(716,119),(696,122)
CAMS 0.0 bounds: (690,148),(734,141),(737,153),(692,161)
A 0.0 bounds: (423,192),(426,192),(427,197),(424,198)
IORA 0.0 bounds: (429,190),(444,188),(445,197),(430,199)
BUS 0.0 bounds: (448,186),(460,184),(461,193),(449,195)
SONY 0.0 bounds: (408,207),(461,201),(463,224),(411,230)
BH 0.0 bounds: (675,202),(709,200),(710,218),(676,220)
Panasonic 0.0 bounds: (236,289),(276,289),(276,297),(236,297)
