సియారామో
Siyarams
MATHAJI SAREE CENTRE
ROYALE LINEN
BE IN COMMAND
premium linen Iob
జి, లమీల జర్ా
JAI LAXMI TEX
PRABHAT ENELLERY MARE
MEGS. OF GOLD EWELER SVTCas
 0.0 bounds: (2,61),(409,61),(409,371),(2,371)
సియారామో 0.0 bounds: (8,61),(78,90),(73,104),(2,75)
Siyarams 0.0 bounds: (108,107),(198,144),(189,164),(100,127)
MATHAJI 0.0 bounds: (293,198),(343,221),(335,238),(285,215)
SAREE 0.0 bounds: (345,222),(374,235),(366,253),(337,239)
CENTRE 0.0 bounds: (375,239),(410,255),(403,268),(369,253)
ROYALE 0.0 bounds: (38,159),(164,200),(157,224),(30,183)
LINEN 0.0 bounds: (177,210),(251,234),(245,251),(171,227)
BE 0.0 bounds: (107,218),(119,222),(117,228),(105,225)
IN 0.0 bounds: (127,224),(138,227),(136,233),(125,230)
COMMAND 0.0 bounds: (146,229),(200,245),(197,253),(144,237)
premium 0.0 bounds: (118,241),(151,249),(149,255),(117,247)
linen 0.0 bounds: (154,248),(171,252),(169,261),(152,257)
Iob 0.0 bounds: (174,254),(185,257),(183,264),(172,262)
జి, 0.0 bounds: (12,233),(38,238),(34,262),(7,257)
లమీల 0.0 bounds: (45,240),(90,249),(86,271),(41,263)
జర్ా 0.0 bounds: (96,250),(133,257),(129,280),(92,273)
JAI 0.0 bounds: (165,271),(185,276),(182,291),(161,286)
LAXMI 0.0 bounds: (187,276),(223,285),(219,301),(183,291)
TEX 0.0 bounds: (226,286),(247,291),(244,306),(222,301)
PRABHAT 0.0 bounds: (279,312),(340,328),(336,345),(275,329)
ENELLERY 0.0 bounds: (342,328),(384,339),(379,356),(338,345)
MARE 0.0 bounds: (386,339),(404,344),(400,361),(382,356)
MEGS. 0.0 bounds: (279,341),(297,344),(295,352),(278,349)
OF 0.0 bounds: (300,346),(305,347),(304,353),(299,352)
GOLD 0.0 bounds: (310,348),(325,351),(323,358),(309,355)
EWELER 0.0 bounds: (327,351),(354,356),(352,363),(326,358)
SVTCas 0.0 bounds: (361,356),(397,363),(396,371),(360,364)
