VESTS
lenovo
flama
Hobal desi
India Computers
LARK BOo
TRAC
 0.0 bounds: (37,229),(902,229),(902,382),(37,382)
VESTS 0.0 bounds: (801,268),(893,252),(902,303),(810,319)
lenovo 0.0 bounds: (58,229),(89,249),(80,264),(48,244)
flama 0.0 bounds: (317,269),(347,271),(346,284),(316,282)
Hobal 0.0 bounds: (557,338),(576,339),(575,350),(556,349)
desi 0.0 bounds: (578,339),(587,340),(586,351),(577,350)
India 0.0 bounds: (42,289),(71,298),(65,314),(37,305)
Computers 0.0 bounds: (74,299),(118,313),(113,329),(69,315)
LARK 0.0 bounds: (453,345),(469,345),(469,348),(453,348)
BOo 0.0 bounds: (473,346),(495,346),(495,349),(473,349)
TRAC 0.0 bounds: (544,374),(562,375),(562,382),(544,381)
