MACHINE
CTORY
JTLET
oppo at
vivo
Sanggetha
ROX
PROFESSIONAL
PROFESSIONAL
 0.0 bounds: (0,50),(886,50),(886,564),(0,564)
MACHINE 0.0 bounds: (5,50),(73,74),(68,87),(0,63)
CTORY 0.0 bounds: (13,123),(207,173),(194,224),(0,174)
JTLET 0.0 bounds: (12,191),(191,231),(179,282),(0,243)
oppo 0.0 bounds: (744,323),(784,336),(777,356),(737,343)
at 0.0 bounds: (793,332),(843,349),(835,375),(784,359)
vivo 0.0 bounds: (854,404),(886,404),(886,414),(854,414)
Sanggetha 0.0 bounds: (731,428),(786,421),(787,435),(733,442)
ROX 0.0 bounds: (796,505),(822,508),(821,514),(795,511)
PROFESSIONAL 0.0 bounds: (684,509),(757,509),(757,527),(684,527)
PROFESSIONAL 0.0 bounds: (721,529),(772,553),(766,564),(716,540)
