Balaji's TA.PManor
మొట ఫనాన్ా
Muthoot Fhance
Andva Bank
VISHAL
 0.0 bounds: (27,199),(564,199),(564,429),(27,429)
Balaji's 0.0 bounds: (41,219),(77,211),(81,227),(44,235)
TA.PManor 0.0 bounds: (79,211),(135,199),(138,214),(82,227)
మొట 0.0 bounds: (27,369),(67,362),(69,372),(29,380)
ఫనాన్ా 0.0 bounds: (71,362),(101,356),(103,366),(73,372)
Muthoot 0.0 bounds: (28,382),(59,375),(61,385),(30,392)
Fhance 0.0 bounds: (60,375),(91,368),(93,378),(62,385)
Andva 0.0 bounds: (94,422),(117,418),(118,424),(95,429)
Bank 0.0 bounds: (120,417),(131,415),(132,421),(121,423)
VISHAL 0.0 bounds: (525,332),(557,314),(564,325),(531,343)
