fchoice-Vodafone SuperNet 4G
omatala sAute Strong Network
Vodafon
Power to yo
 0.0 bounds: (795,132),(955,132),(955,275),(795,275)
fchoice-Vodafone 0.0 bounds: (795,260),(866,196),(880,211),(809,276)
SuperNet 0.0 bounds: (871,193),(916,152),(930,167),(884,208)
4G 0.0 bounds: (928,148),(945,133),(954,142),(937,158)
omatala 0.0 bounds: (839,254),(865,233),(875,246),(849,266)
sAute 0.0 bounds: (866,231),(883,217),(893,230),(876,243)
Strong 0.0 bounds: (885,216),(906,199),(916,211),(895,228)
Network 0.0 bounds: (909,197),(938,173),(949,185),(919,209)
Vodafon 0.0 bounds: (918,222),(947,202),(953,212),(924,231)
Power 0.0 bounds: (910,240),(931,228),(938,240),(917,252)
to 0.0 bounds: (931,228),(936,225),(943,236),(938,239)
yo 0.0 bounds: (938,224),(947,219),(953,230),(945,235)
