ge
HICKPETE
AZA
RAJSHREE N%
ORSH CREATTON de gabenné
117
 0.0 bounds: (3,180),(823,180),(823,328),(3,328)
ge 0.0 bounds: (78,181),(96,180),(97,192),(79,193)
HICKPETE 0.0 bounds: (3,196),(134,188),(136,223),(5,231)
AZA 0.0 bounds: (154,190),(229,189),(230,222),(155,223)
RAJSHREE 0.0 bounds: (159,301),(289,301),(289,328),(159,328)
N% 0.0 bounds: (296,305),(327,305),(327,324),(296,324)
ORSH 0.0 bounds: (477,299),(559,295),(560,321),(478,326)
CREATTON 0.0 bounds: (562,294),(682,287),(683,316),(564,323)
de 0.0 bounds: (704,287),(730,286),(731,313),(705,314)
gabenné 0.0 bounds: (757,284),(821,281),(822,308),(759,312)
117 0.0 bounds: (694,320),(730,318),(730,322),(694,324)
