Stayote
x MOXA
1H00 26-62646
+ Tax
VISIT THE NEWLYOPENED
MOXA BSTRO
LUNCH BUFFET
AT INR 499+GST
MOXA
BUY 4 GET 1
.....
FRE!
celebrate
- meet
- train
 0.0 bounds: (850,184),(998,184),(998,342),(850,342)
Stayote 0.0 bounds: (861,186),(894,185),(894,193),(861,194)
x 0.0 bounds: (926,193),(941,191),(943,209),(928,211)
MOXA 0.0 bounds: (937,191),(985,185),(987,202),(939,208)
1H00 0.0 bounds: (850,205),(865,205),(865,211),(850,211)
26-62646 0.0 bounds: (869,205),(899,204),(899,210),(869,211)
+ 0.0 bounds: (860,226),(868,226),(869,236),(861,236)
Tax 0.0 bounds: (870,225),(888,224),(889,235),(871,236)
VISIT 0.0 bounds: (914,224),(928,223),(928,228),(914,229)
THE 0.0 bounds: (930,223),(940,222),(940,227),(930,228)
NEWLYOPENED 0.0 bounds: (943,222),(993,218),(993,224),(943,228)
MOXA 0.0 bounds: (919,231),(950,229),(950,237),(920,239)
BSTRO 0.0 bounds: (956,229),(996,226),(996,234),(957,237)
LUNCH 0.0 bounds: (915,245),(951,244),(951,251),(915,252)
BUFFET 0.0 bounds: (955,243),(994,241),(994,249),(955,251)
AT 0.0 bounds: (916,257),(926,257),(926,262),(916,262)
INR 0.0 bounds: (930,255),(946,254),(946,260),(930,261)
499+GST 0.0 bounds: (950,254),(994,252),(994,259),(950,261)
MOXA 0.0 bounds: (851,269),(890,268),(890,282),(851,283)
BUY 0.0 bounds: (915,269),(942,268),(942,278),(915,279)
4 0.0 bounds: (947,268),(954,268),(954,277),(947,277)
GET 0.0 bounds: (960,268),(987,267),(987,278),(960,279)
1 0.0 bounds: (993,267),(995,267),(995,275),(993,275)
..... 0.0 bounds: (862,280),(883,280),(883,285),(862,285)
FRE! 0.0 bounds: (917,281),(997,278),(998,307),(918,310)
celebrate 0.0 bounds: (861,296),(898,296),(898,304),(861,304)
- 0.0 bounds: (859,316),(864,316),(864,323),(859,323)
meet 0.0 bounds: (863,318),(882,318),(882,323),(863,323)
- 0.0 bounds: (859,335),(863,335),(863,342),(859,342)
train 0.0 bounds: (864,337),(881,337),(881,342),(864,342)
