SALE
50%
VIVA VIVA VIVA VIVA VIVA VIVA VIVA VIVA VIVA VIVA VIVA VIVI
25,000
FLAT
75%o
SQUARE FEET
BRANDED
Eperimce
STORE
OFF
GARMENTS SHOES LUGGAGE
 0.0 bounds: (219,274),(740,274),(740,498),(219,498)
SALE 0.0 bounds: (669,278),(739,274),(740,292),(670,296)
50% 0.0 bounds: (666,295),(725,293),(726,321),(667,323)
VIVA 0.0 bounds: (224,401),(235,401),(235,404),(224,404)
VIVA 0.0 bounds: (242,402),(254,402),(254,406),(242,406)
VIVA 0.0 bounds: (260,403),(272,403),(272,406),(260,406)
VIVA 0.0 bounds: (279,403),(290,403),(290,407),(279,407)
VIVA 0.0 bounds: (297,404),(309,404),(309,408),(297,408)
VIVA 0.0 bounds: (316,404),(328,404),(328,409),(316,409)
VIVA 0.0 bounds: (335,405),(348,405),(348,409),(335,409)
VIVA 0.0 bounds: (355,405),(368,405),(368,409),(355,409)
VIVA 0.0 bounds: (375,406),(388,406),(388,409),(375,409)
VIVA 0.0 bounds: (395,405),(408,405),(408,410),(395,410)
VIVA 0.0 bounds: (416,406),(430,406),(430,410),(416,410)
VIVI 0.0 bounds: (437,406),(449,406),(449,411),(437,411)
25,000 0.0 bounds: (221,418),(263,418),(263,440),(221,440)
FLAT 0.0 bounds: (308,418),(357,420),(356,439),(307,437)
75%o 0.0 bounds: (273,433),(392,450),(385,495),(267,479)
SQUARE 0.0 bounds: (225,442),(245,443),(245,449),(225,448)
FEET 0.0 bounds: (248,444),(259,444),(259,449),(248,449)
BRANDED 0.0 bounds: (405,447),(445,443),(447,459),(407,463)
Eperimce 0.0 bounds: (220,451),(262,453),(261,469),(219,467)
STORE 0.0 bounds: (231,465),(248,466),(248,476),(231,475)
OFF 0.0 bounds: (382,474),(405,474),(405,484),(382,484)
GARMENTS 0.0 bounds: (284,483),(315,485),(314,496),(283,494)
SHOES 0.0 bounds: (324,485),(344,486),(343,497),(323,496)
LUGGAGE 0.0 bounds: (346,490),(379,492),(379,498),(346,496)
