Sun City
Stop
SOUND O K HORN
K S as
 0.0 bounds: (181,139),(606,139),(606,524),(181,524)
Sun 0.0 bounds: (569,150),(588,145),(591,155),(571,160)
City 0.0 bounds: (590,143),(604,140),(606,149),(592,153)
Stop 0.0 bounds: (181,495),(202,491),(204,504),(183,508)
SOUND 0.0 bounds: (222,485),(246,480),(249,492),(225,497)
O 0.0 bounds: (249,474),(260,472),(263,486),(252,489)
K 0.0 bounds: (279,467),(295,464),(298,477),(282,481)
HORN 0.0 bounds: (301,464),(327,458),(330,472),(304,478)
K 0.0 bounds: (264,518),(276,516),(277,522),(265,524)
S 0.0 bounds: (280,516),(288,515),(289,521),(281,522)
as 0.0 bounds: (291,514),(309,511),(310,516),(292,519)
