EN SPACES.
Nater Resistant
LAKESIDE
HABITAT
CSI-KCD
HOLY TRINITY CHURCH
8880 755 1800 313 Ob80
Low-Light Camera (F 1.7)
Pugl SIM
 0.0 bounds: (112,-1),(1014,-1),(1014,141),(112,141)
EN 0.0 bounds: (780,0),(813,0),(813,19),(780,19)
SPACES. 0.0 bounds: (822,0),(920,-1),(920,16),(822,17)
Nater 0.0 bounds: (361,23),(408,25),(407,43),(360,41)
Resistant 0.0 bounds: (415,24),(482,27),(481,47),(414,44)
LAKESIDE 0.0 bounds: (973,47),(1014,46),(1014,54),(973,55)
HABITAT 0.0 bounds: (972,57),(1014,56),(1014,61),(972,62)
CSI-KCD 0.0 bounds: (138,69),(171,69),(171,73),(138,73)
HOLY 0.0 bounds: (112,76),(147,77),(147,84),(112,83)
TRINITY 0.0 bounds: (153,77),(210,79),(210,87),(153,85)
CHURCH 0.0 bounds: (217,78),(273,80),(273,89),(217,87)
8880 0.0 bounds: (708,93),(735,92),(735,102),(708,103)
755 0.0 bounds: (737,92),(748,92),(748,102),(737,102)
1800 0.0 bounds: (778,91),(805,90),(805,99),(778,100)
313 0.0 bounds: (807,90),(817,90),(817,99),(807,99)
Ob80 0.0 bounds: (820,89),(847,88),(847,98),(820,99)
Low-Light 0.0 bounds: (344,111),(399,112),(399,124),(344,123)
Camera 0.0 bounds: (403,114),(448,114),(448,122),(403,122)
(F 0.0 bounds: (452,113),(461,113),(461,123),(452,123)
1.7) 0.0 bounds: (465,113),(480,113),(480,123),(465,123)
Pugl 0.0 bounds: (344,127),(375,129),(374,141),(343,139)
SIM 0.0 bounds: (373,131),(390,132),(390,141),(373,140)
