EASONS
a. fob
SENCO
BOOK ONL
bookmyshow
Sombof
Mobilech
REYA GHOSHAL
SAT 17 FEB
et-le T
PHOENIX MARKETCITY
WHITES MAIN ANALON
VELCOME
peo se go
evoli
tall
TRUSTED ACI
DENEATION
IK YOU
AGAIN
 0.0 bounds: (0,7),(484,7),(484,751),(0,751)
EASONS 0.0 bounds: (434,7),(466,19),(464,25),(432,14)
a. 0.0 bounds: (408,13),(443,27),(439,38),(404,24)
fob 0.0 bounds: (452,32),(465,37),(461,46),(448,41)
SENCO 0.0 bounds: (415,66),(472,82),(467,99),(410,83)
BOOK 0.0 bounds: (90,25),(105,29),(105,32),(89,28)
ONL 0.0 bounds: (108,29),(125,34),(124,38),(107,33)
bookmyshow 0.0 bounds: (71,30),(149,53),(144,70),(66,47)
Sombof 0.0 bounds: (72,140),(111,159),(107,168),(68,149)
Mobilech 0.0 bounds: (19,152),(141,208),(122,249),(0,193)
REYA 0.0 bounds: (163,164),(291,186),(284,226),(156,204)
GHOSHAL 0.0 bounds: (307,188),(484,218),(478,258),(300,228)
SAT 0.0 bounds: (257,228),(296,233),(294,249),(255,244)
17 0.0 bounds: (303,236),(323,239),(321,253),(301,250)
FEB 0.0 bounds: (332,239),(369,244),(367,259),(330,254)
et-le 0.0 bounds: (3,216),(20,222),(17,231),(0,225)
T 0.0 bounds: (30,225),(36,227),(33,236),(27,234)
PHOENIX 0.0 bounds: (213,261),(310,272),(309,286),(211,275)
MARKETCITY 0.0 bounds: (320,273),(424,285),(423,297),(319,285)
WHITES 0.0 bounds: (326,288),(355,291),(354,297),(325,294)
MAIN 0.0 bounds: (364,291),(375,292),(374,298),(363,297)
ANALON 0.0 bounds: (392,294),(420,297),(419,304),(391,301)
VELCOME 0.0 bounds: (1,253),(74,251),(75,277),(2,279)
peo 0.0 bounds: (1,291),(30,291),(30,307),(1,307)
se 0.0 bounds: (31,296),(43,296),(43,303),(31,303)
go 0.0 bounds: (46,291),(70,291),(70,307),(46,307)
evoli 0.0 bounds: (15,324),(81,321),(82,358),(16,361)
tall 0.0 bounds: (13,379),(65,379),(65,408),(13,408)
TRUSTED 0.0 bounds: (268,429),(294,428),(294,433),(268,434)
ACI 0.0 bounds: (298,426),(306,426),(306,433),(298,433)
DENEATION 0.0 bounds: (273,436),(310,433),(311,443),(274,446)
IK 0.0 bounds: (1,718),(21,719),(20,734),(0,733)
YOU 0.0 bounds: (19,719),(49,721),(48,735),(18,733)
AGAIN 0.0 bounds: (4,737),(48,740),(47,751),(3,748)
