adaf od uN ELETUC OFPONATION
moorcli
PHILIPS
3OMUCCCOMoudo
ఆ భవాని
BHAVANI
JUICE CENTRE
 0.0 bounds: (46,55),(646,55),(646,361),(46,361)
adaf 0.0 bounds: (46,100),(81,90),(84,102),(50,112)
od 0.0 bounds: (82,89),(94,86),(97,98),(86,101)
uN 0.0 bounds: (109,81),(134,74),(138,87),(113,94)
ELETUC 0.0 bounds: (136,73),(156,67),(160,79),(140,85)
OFPONATION 0.0 bounds: (158,66),(194,55),(198,69),(162,79)
moorcli 0.0 bounds: (51,110),(84,100),(87,111),(54,121)
PHILIPS 0.0 bounds: (99,147),(146,137),(149,153),(102,163)
3OMUCCCOMoudo 0.0 bounds: (67,209),(147,190),(149,200),(69,219)
ఆ 0.0 bounds: (566,285),(579,285),(579,300),(566,300)
భవాని 0.0 bounds: (588,286),(638,285),(638,299),(588,300)
BHAVANI 0.0 bounds: (560,316),(646,315),(646,333),(560,334)
JUICE 0.0 bounds: (553,342),(590,342),(590,361),(553,361)
CENTRE 0.0 bounds: (596,341),(646,341),(646,359),(596,359)
