EVATHA SILKS HOUSE
DEVATHA'S
JY
WELL ERS
FAI WI
జనమయలో
ETAILERS&EXPORTERS
Davanam
Unique Gold
Collections..!
Apache
 0.0 bounds: (1,119),(785,119),(785,664),(1,664)
EVATHA 0.0 bounds: (1,122),(111,121),(111,156),(1,157)
SILKS 0.0 bounds: (114,121),(193,120),(193,155),(114,156)
HOUSE 0.0 bounds: (195,120),(304,119),(304,154),(195,155)
DEVATHA'S 0.0 bounds: (51,166),(206,165),(206,193),(51,194)
JY 0.0 bounds: (438,185),(732,180),(733,221),(439,226)
WELL 0.0 bounds: (482,180),(621,180),(621,235),(482,235)
ERS 0.0 bounds: (626,186),(717,186),(717,241),(626,241)
FAI 0.0 bounds: (251,190),(285,190),(285,197),(251,197)
WI 0.0 bounds: (301,190),(310,190),(310,197),(301,197)
జనమయలో 0.0 bounds: (62,282),(267,285),(266,325),(61,322)
ETAILERS&EXPORTERS 0.0 bounds: (398,293),(785,296),(785,329),(398,326)
Davanam 0.0 bounds: (711,350),(766,351),(766,362),(711,361)
Unique 0.0 bounds: (606,351),(649,352),(649,364),(606,363)
Gold 0.0 bounds: (659,350),(686,351),(686,365),(659,364)
Collections..! 0.0 bounds: (629,365),(704,366),(704,376),(629,375)
Apache 0.0 bounds: (606,643),(635,657),(632,663),(603,649)
