BHIVE
Prestide
PRESTIGE
TOWERS
AdvantEdg
VANCE
DVANE
ENTRY
 0.0 bounds: (272,15),(396,15),(396,340),(272,340)
BHIVE 0.0 bounds: (367,91),(396,102),(392,114),(362,103)
Prestide 0.0 bounds: (277,25),(308,16),(311,26),(280,36)
PRESTIGE 0.0 bounds: (272,71),(324,57),(329,74),(277,88)
TOWERS 0.0 bounds: (277,89),(316,79),(320,97),(281,106)
AdvantEdg 0.0 bounds: (281,182),(322,178),(323,188),(282,192)
VANCE 0.0 bounds: (360,178),(394,181),(393,190),(359,187)
DVANE 0.0 bounds: (365,214),(389,216),(388,225),(364,223)
ENTRY 0.0 bounds: (322,333),(342,331),(343,338),(323,340)
