THE RITZ-CARLTON, BANGALOR
Where the Festive Season Comes Alive
Elegant Dining. Music and Entertainment.
Unmatched Rooftop Experience.
8416O
THE RITZ CARLTON
ESDENCY BOAD BANGALORE St RA
a
36
TACIO
IMAN
ecien
KESA
 0.0 bounds: (1,-1),(1023,-1),(1023,347),(1,347)
THE 0.0 bounds: (93,35),(111,31),(113,40),(95,44)
RITZ-CARLTON, 0.0 bounds: (115,31),(190,14),(192,23),(117,40)
BANGALOR 0.0 bounds: (194,13),(255,-1),(257,7),(196,21)
Where 0.0 bounds: (58,65),(97,57),(100,68),(61,77)
the 0.0 bounds: (100,56),(118,52),(120,65),(103,69)
Festive 0.0 bounds: (123,51),(164,42),(167,55),(126,64)
Season 0.0 bounds: (169,41),(212,32),(215,45),(172,54)
Comes 0.0 bounds: (217,30),(262,20),(265,34),(220,44)
Alive 0.0 bounds: (267,19),(302,11),(305,26),(270,34)
Elegant 0.0 bounds: (94,85),(121,79),(124,90),(96,96)
Dining. 0.0 bounds: (126,78),(152,73),(155,84),(128,90)
Music 0.0 bounds: (157,72),(181,67),(182,76),(159,81)
and 0.0 bounds: (183,67),(198,64),(199,72),(185,75)
Entertainment. 0.0 bounds: (201,63),(262,51),(264,60),(203,73)
Unmatched 0.0 bounds: (114,102),(158,94),(160,103),(116,111)
Rooftop 0.0 bounds: (161,93),(192,87),(194,98),(163,104)
Experience. 0.0 bounds: (198,83),(246,74),(249,88),(201,97)
8416O 0.0 bounds: (103,125),(168,109),(172,124),(107,141)
THE 0.0 bounds: (137,185),(153,182),(154,188),(138,191)
RITZ 0.0 bounds: (158,182),(178,179),(179,185),(159,188)
CARLTON 0.0 bounds: (181,178),(227,170),(229,177),(182,185)
ESDENCY 0.0 bounds: (110,214),(143,209),(144,217),(111,222)
BOAD 0.0 bounds: (146,211),(164,208),(165,213),(147,216)
BANGALORE 0.0 bounds: (166,208),(207,202),(207,208),(167,214)
St 0.0 bounds: (210,202),(229,199),(230,204),(211,207)
RA 0.0 bounds: (247,194),(266,191),(267,198),(248,201)
a 0.0 bounds: (304,190),(316,188),(317,194),(305,196)
36 0.0 bounds: (1,301),(15,300),(16,318),(2,319)
TACIO 0.0 bounds: (857,228),(895,237),(893,247),(855,239)
IMAN 0.0 bounds: (981,248),(1022,244),(1022,249),(982,253)
ecien 0.0 bounds: (992,265),(1012,263),(1013,270),(993,272)
KESA 0.0 bounds: (935,335),(999,332),(1000,344),(936,347)
