he cora
pnarson.com var
MAX TYRE
Shri Sal Jyres
Murigan
WW S.R.S.
Tyres
TYRES
 0.0 bounds: (1,166),(1015,166),(1015,358),(1,358)
he 0.0 bounds: (17,217),(39,207),(40,210),(19,221)
cora 0.0 bounds: (39,205),(54,198),(57,203),(42,210)
pnarson.com 0.0 bounds: (43,261),(78,250),(81,258),(45,269)
var 0.0 bounds: (113,240),(137,233),(139,240),(115,248)
MAX 0.0 bounds: (68,301),(103,290),(110,310),(74,321)
TYRE 0.0 bounds: (108,288),(155,273),(161,294),(115,309)
Shri 0.0 bounds: (80,327),(104,330),(101,347),(78,344)
Sal 0.0 bounds: (106,330),(125,333),(122,351),(103,348)
Jyres 0.0 bounds: (126,333),(151,337),(148,354),(123,351)
Murigan 0.0 bounds: (178,292),(275,313),(269,338),(173,316)
WW 0.0 bounds: (956,191),(978,181),(985,195),(963,206)
S.R.S. 0.0 bounds: (979,180),(1007,167),(1014,182),(986,195)
Tyres 0.0 bounds: (1,338),(29,332),(33,352),(5,358)
TYRES 0.0 bounds: (188,324),(282,333),(280,347),(187,338)
