230 a o
E e
BMTC
Hene
RODSEVEION
SPOR
dalad
-01-F4701
KEC-
 0.0 bounds: (1,175),(913,175),(913,615),(1,615)
230 0.0 bounds: (43,339),(75,341),(74,352),(42,350)
a 0.0 bounds: (97,342),(104,343),(102,351),(95,350)
o 0.0 bounds: (124,352),(137,356),(135,364),(122,361)
E 0.0 bounds: (95,277),(123,282),(117,314),(89,309)
e 0.0 bounds: (125,284),(145,288),(139,320),(119,316)
BMTC 0.0 bounds: (39,304),(158,323),(154,348),(35,329)
Hene 0.0 bounds: (52,331),(80,335),(79,343),(51,339)
RODSEVEION 0.0 bounds: (64,354),(116,362),(115,371),(63,363)
SPOR 0.0 bounds: (775,473),(791,467),(795,479),(779,484)
dalad 0.0 bounds: (23,523),(70,529),(68,540),(22,534)
-01-F4701 0.0 bounds: (2,593),(75,596),(74,615),(1,612)
KEC- 0.0 bounds: (833,251),(894,176),(912,191),(851,266)
