776061449
MCML Steels & Alloys
Dealers Cemat
 0.0 bounds: (77,137),(320,137),(320,440),(77,440)
776061449 0.0 bounds: (277,137),(320,157),(314,168),(272,149)
MCML 0.0 bounds: (77,418),(108,419),(108,431),(77,430)
Steels 0.0 bounds: (112,421),(133,421),(133,430),(112,430)
& 0.0 bounds: (135,419),(142,419),(142,431),(135,431)
Alloys 0.0 bounds: (147,420),(168,420),(168,432),(147,432)
Dealers 0.0 bounds: (93,433),(112,433),(112,440),(93,440)
Cemat 0.0 bounds: (140,435),(157,435),(157,440),(140,440)
