sd ra A
OF TE
EXICUTIVE BGEER (Elec)
"PTCL
 0.0 bounds: (823,368),(901,368),(901,439),(823,439)
sd 0.0 bounds: (826,368),(837,368),(837,374),(826,374)
ra 0.0 bounds: (851,369),(858,369),(858,375),(851,375)
A 0.0 bounds: (872,370),(888,371),(888,377),(872,376)
OF 0.0 bounds: (843,385),(864,384),(864,390),(843,391)
TE 0.0 bounds: (866,383),(873,383),(873,390),(866,390)
EXICUTIVE 0.0 bounds: (827,393),(851,392),(851,399),(827,400)
BGEER 0.0 bounds: (854,393),(878,392),(878,399),(854,400)
(Elec) 0.0 bounds: (880,392),(893,392),(893,398),(880,398)
"PTCL 0.0 bounds: (823,420),(901,421),(901,439),(823,438)
