L NEW
EIT BOOKS
piGONRISHAL
SC
Jaa
STE
FUR
XML
HTML
UNIX
XML.
 0.0 bounds: (882,29),(1026,29),(1026,641),(882,641)
L 0.0 bounds: (962,45),(968,40),(976,51),(970,55)
NEW 0.0 bounds: (970,39),(983,30),(991,40),(978,49)
EIT 0.0 bounds: (954,69),(966,60),(975,72),(963,81)
BOOKS 0.0 bounds: (968,58),(984,46),(993,57),(977,70)
piGONRISHAL 0.0 bounds: (882,316),(1020,305),(1022,339),(885,351)
SC 0.0 bounds: (983,351),(1023,347),(1025,373),(986,377)
Jaa 0.0 bounds: (900,393),(915,391),(916,396),(901,398)
STE 0.0 bounds: (997,396),(1022,395),(1023,409),(998,411)
FUR 0.0 bounds: (1004,413),(1021,412),(1022,425),(1005,426)
XML 0.0 bounds: (915,474),(930,472),(931,478),(916,480)
HTML 0.0 bounds: (917,486),(932,484),(932,487),(917,489)
UNIX 0.0 bounds: (972,556),(1006,554),(1007,565),(973,567)
XML. 0.0 bounds: (945,632),(962,630),(963,638),(946,641)
