SALE
50%
VIVA VIVA VIVA VIVA VIVA VIVA VIVA VIVA VIVA VIVA VIVA VIVI
25,000
FLAT
75%oFF
SOUARI FEET
perimee
STORE
BRANDED
YGARMENTS SHOES LUGGAGE
 0.0 bounds: (175,152),(698,152),(698,381),(175,381)
SALE 0.0 bounds: (640,158),(696,153),(698,172),(642,177)
50% 0.0 bounds: (624,175),(684,174),(684,201),(624,202)
VIVA 0.0 bounds: (177,283),(189,283),(189,286),(177,286)
VIVA 0.0 bounds: (195,284),(207,284),(207,288),(195,288)
VIVA 0.0 bounds: (213,285),(226,285),(226,289),(213,289)
VIVA 0.0 bounds: (232,286),(244,286),(244,290),(232,290)
VIVA 0.0 bounds: (251,287),(263,287),(263,291),(251,291)
VIVA 0.0 bounds: (270,287),(283,287),(283,292),(270,292)
VIVA 0.0 bounds: (289,288),(302,288),(302,292),(289,292)
VIVA 0.0 bounds: (309,288),(322,288),(322,293),(309,293)
VIVA 0.0 bounds: (329,289),(342,289),(342,292),(329,292)
VIVA 0.0 bounds: (350,290),(363,290),(363,293),(350,293)
VIVA 0.0 bounds: (370,289),(384,289),(384,294),(370,294)
VIVI 0.0 bounds: (391,290),(404,290),(404,294),(391,294)
25,000 0.0 bounds: (176,301),(219,302),(219,325),(176,324)
FLAT 0.0 bounds: (262,302),(311,303),(310,321),(261,320)
75%oFF 0.0 bounds: (240,319),(372,338),(366,381),(234,362)
SOUARI 0.0 bounds: (180,324),(200,324),(200,333),(180,333)
FEET 0.0 bounds: (204,326),(215,326),(215,332),(204,332)
perimee 0.0 bounds: (176,334),(219,337),(218,352),(175,349)
STORE 0.0 bounds: (188,348),(205,349),(205,357),(188,356)
BRANDED 0.0 bounds: (360,333),(399,324),(402,340),(363,349)
YGARMENTS 0.0 bounds: (239,366),(274,368),(273,378),(238,376)
SHOES 0.0 bounds: (282,368),(302,369),(301,379),(281,378)
LUGGAGE 0.0 bounds: (303,372),(337,374),(337,381),(303,379)
