Vamalava
SINCE IIO w
BALAJI PHARMA
బాలాజ ఖామోక్
polandtioam) Jewely
FAASOS
Cnffe Mven
 0.0 bounds: (276,49),(995,49),(995,273),(276,273)
Vamalava 0.0 bounds: (919,55),(970,49),(971,63),(921,69)
SINCE 0.0 bounds: (919,68),(943,64),(944,73),(921,77)
IIO 0.0 bounds: (950,67),(970,64),(970,68),(951,71)
w 0.0 bounds: (973,59),(985,57),(986,66),(975,68)
BALAJI 0.0 bounds: (901,84),(939,77),(941,87),(903,94)
PHARMA 0.0 bounds: (943,77),(993,68),(995,78),(945,87)
బాలాజ 0.0 bounds: (901,99),(939,93),(941,100),(902,107)
ఖామోక్ 0.0 bounds: (945,90),(991,82),(993,93),(947,101)
polandtioam) 0.0 bounds: (276,171),(333,161),(337,182),(280,193)
Jewely 0.0 bounds: (335,161),(369,155),(373,176),(339,183)
FAASOS 0.0 bounds: (362,255),(403,256),(403,273),(362,272)
Cnffe 0.0 bounds: (460,247),(492,248),(491,265),(459,264)
Mven 0.0 bounds: (494,248),(531,249),(530,266),(493,265)
