PORTER
DIEI
HOTEL GRAND REGENC N
JOMS
GRAND
EGENC
 0.0 bounds: (1,88),(966,88),(966,431),(1,431)
PORTER 0.0 bounds: (924,115),(958,88),(965,98),(931,124)
DIEI 0.0 bounds: (5,273),(33,279),(30,297),(1,291)
HOTEL 0.0 bounds: (85,314),(112,321),(109,332),(82,326)
GRAND 0.0 bounds: (114,321),(139,327),(136,339),(111,333)
REGENC 0.0 bounds: (141,328),(169,335),(166,347),(138,340)
N 0.0 bounds: (171,336),(182,339),(179,350),(168,348)
JOMS 0.0 bounds: (81,388),(99,385),(100,391),(82,394)
GRAND 0.0 bounds: (85,415),(102,412),(103,420),(87,423)
EGENC 0.0 bounds: (85,424),(105,421),(106,428),(86,431)
