24MP Clearer
Clear Shot, Clear Mom
V7/Vフ+
rd Ru
DovfLOPERS
The td market lederwapvte
8DAAopronedesideallayout develapen
te-RUN
PLOTTING
FIDENCE
SWAG
BOUBLE ITI
EARN S
LIGHTNING.
NOW WITH LACES.
7%
nghing on Sent 22
STOX
Pok Cube
umuk .
Spectati kaaoY
 0.0 bounds: (106,64),(856,64),(856,347),(106,347)
24MP 0.0 bounds: (779,84),(804,77),(806,85),(781,92)
Clearer 0.0 bounds: (808,73),(837,65),(840,75),(811,84)
Clear 0.0 bounds: (780,95),(794,90),(796,96),(782,101)
Shot, 0.0 bounds: (798,88),(815,82),(818,90),(801,96)
Clear 0.0 bounds: (817,82),(834,76),(837,84),(820,90)
Mom 0.0 bounds: (835,76),(854,69),(856,76),(837,83)
V7 0.0 bounds: (782,105),(800,99),(803,107),(785,113)
/ 0.0 bounds: (804,103),(804,103),(804,103),(804,103)
V 0.0 bounds: (807,97),(815,94),(818,102),(810,105)
フ 0.0 bounds: (819,90),(827,87),(831,99),(823,101)
+ 0.0 bounds: (828,87),(832,86),(836,97),(832,98)
rd 0.0 bounds: (109,149),(122,148),(123,156),(110,157)
Ru 0.0 bounds: (135,146),(150,145),(151,155),(136,156)
DovfLOPERS 0.0 bounds: (133,150),(171,149),(171,157),(133,158)
The 0.0 bounds: (112,170),(120,170),(120,173),(112,173)
td 0.0 bounds: (138,167),(153,167),(153,173),(138,173)
market 0.0 bounds: (155,166),(171,166),(171,173),(155,173)
lederwapvte 0.0 bounds: (173,166),(218,166),(218,173),(173,173)
8DAAopronedesideallayout 0.0 bounds: (112,175),(195,175),(195,181),(112,181)
develapen 0.0 bounds: (198,175),(222,175),(222,180),(198,180)
te-RUN 0.0 bounds: (523,130),(550,130),(550,136),(523,136)
PLOTTING 0.0 bounds: (314,155),(350,154),(350,160),(314,161)
FIDENCE 0.0 bounds: (333,163),(361,162),(361,170),(333,171)
SWAG 0.0 bounds: (106,212),(166,213),(166,229),(106,228)
BOUBLE 0.0 bounds: (310,215),(343,214),(343,226),(310,227)
ITI 0.0 bounds: (344,215),(355,215),(355,225),(344,225)
EARN 0.0 bounds: (308,230),(332,230),(332,235),(308,235)
S 0.0 bounds: (342,227),(353,227),(353,234),(342,234)
LIGHTNING. 0.0 bounds: (475,210),(523,209),(523,221),(475,222)
NOW 0.0 bounds: (468,225),(485,224),(485,233),(468,234)
WITH 0.0 bounds: (488,224),(505,223),(505,232),(488,233)
LACES. 0.0 bounds: (508,223),(531,222),(532,232),(509,233)
7% 0.0 bounds: (309,239),(363,239),(363,266),(309,266)
nghing 0.0 bounds: (789,218),(815,213),(816,218),(790,223)
on 0.0 bounds: (818,214),(824,213),(824,216),(819,217)
Sent 0.0 bounds: (827,212),(839,210),(840,215),(828,217)
22 0.0 bounds: (841,208),(852,206),(853,211),(842,213)
STOX 0.0 bounds: (142,290),(177,279),(183,297),(148,308)
Pok 0.0 bounds: (788,256),(805,255),(806,264),(789,266)
Cube 0.0 bounds: (807,254),(825,252),(826,262),(808,264)
umuk 0.0 bounds: (121,337),(160,335),(161,344),(122,347)
. 0.0 bounds: (168,337),(184,336),(184,340),(168,341)
Spectati 0.0 bounds: (766,337),(788,336),(788,342),(766,343)
kaaoY 0.0 bounds: (797,335),(817,334),(817,339),(797,340)
