gadishtours.com
TO SOLVE
MURDER
NETFLIX
BROUGHT BACK TO LIE
Bli
59,999
ANETPLIK ORIGINAL
ALTER
CAR3
ALL ESooes A
Y FOR DOWN
ADE ROAD.JAYANAGAR
082 99999
 0.0 bounds: (-1,23),(1023,23),(1023,398),(-1,398)
gadishtours.com 0.0 bounds: (9,23),(274,93),(265,128),(0,59)
TO 0.0 bounds: (862,70),(899,64),(903,93),(867,99)
SOLVE 0.0 bounds: (910,62),(1019,44),(1023,73),(915,91)
MURDER 0.0 bounds: (873,94),(1018,72),(1023,101),(877,123)
NETFLIX 0.0 bounds: (738,48),(816,34),(819,51),(741,66)
BROUGHT 0.0 bounds: (864,58),(931,47),(933,58),(866,69)
BACK 0.0 bounds: (938,46),(974,40),(976,50),(940,56)
TO 0.0 bounds: (983,38),(999,35),(1000,45),(985,48)
LIE 0.0 bounds: (1006,34),(1021,32),(1023,42),(1008,45)
Bli 0.0 bounds: (215,141),(246,151),(240,168),(210,158)
59,999 0.0 bounds: (198,156),(255,173),(249,191),(193,174)
ANETPLIK 0.0 bounds: (936,227),(976,223),(976,228),(937,232)
ORIGINAL 0.0 bounds: (980,221),(1020,217),(1021,224),(981,228)
ALTER 0.0 bounds: (918,240),(1016,232),(1017,245),(919,254)
CAR3 0.0 bounds: (928,260),(1014,253),(1015,266),(929,273)
ALL 0.0 bounds: (960,285),(970,284),(970,287),(960,288)
ESooes 0.0 bounds: (976,280),(1011,278),(1012,288),(977,290)
A 0.0 bounds: (1014,278),(1018,278),(1019,287),(1015,287)
Y 0.0 bounds: (953,289),(960,289),(960,299),(953,299)
FOR 0.0 bounds: (960,291),(982,290),(982,297),(960,298)
DOWN 0.0 bounds: (986,289),(1022,287),(1022,294),(986,296)
ADE 0.0 bounds: (2,297),(41,302),(38,320),(0,315)
ROAD.JAYANAGAR 0.0 bounds: (43,303),(231,329),(229,345),(41,319)
082 0.0 bounds: (5,324),(87,334),(82,380),(-1,370)
99999 0.0 bounds: (106,336),(240,352),(234,398),(100,382)
