Google
Bengaluni's Be
Automobile Expc
3 Editon
AUTOR
EXP
Fit Fly
 0.0 bounds: (847,49),(1023,49),(1023,397),(847,397)
Google 0.0 bounds: (943,52),(1022,49),(1023,77),(944,80)
Bengaluni's 0.0 bounds: (958,193),(1012,194),(1012,204),(958,203)
Be 0.0 bounds: (1015,196),(1023,196),(1023,202),(1015,202)
Automobile 0.0 bounds: (946,201),(999,202),(999,211),(946,210)
Expc 0.0 bounds: (1003,202),(1023,203),(1023,212),(1003,211)
3 0.0 bounds: (962,313),(967,313),(967,323),(962,323)
Editon 0.0 bounds: (971,312),(993,312),(993,323),(971,323)
AUTOR 0.0 bounds: (963,323),(1023,325),(1022,346),(962,344)
EXP 0.0 bounds: (1000,347),(1023,347),(1023,355),(1000,355)
Fit 0.0 bounds: (847,376),(882,360),(891,381),(857,397)
Fly 0.0 bounds: (883,360),(907,349),(916,370),(893,381)
