OLA
O OLA
Thir an
Dia Auto now at
29
for 4 km
oh nw on the Ols A
SOUND
HORN
KHAMOTORS
 0.0 bounds: (1,326),(850,326),(850,604),(1,604)
OLA 0.0 bounds: (54,327),(102,326),(102,341),(54,342)
O 0.0 bounds: (206,386),(212,386),(212,398),(206,398)
OLA 0.0 bounds: (214,386),(225,386),(225,398),(214,398)
Thir 0.0 bounds: (321,429),(338,438),(329,453),(313,444)
an 0.0 bounds: (339,439),(345,442),(336,458),(330,455)
Dia 0.0 bounds: (1,450),(21,450),(21,459),(1,459)
Auto 0.0 bounds: (18,450),(42,450),(42,457),(18,457)
now 0.0 bounds: (45,450),(67,450),(67,455),(45,455)
at 0.0 bounds: (69,448),(80,448),(80,455),(69,455)
29 0.0 bounds: (1,459),(74,457),(76,509),(3,511)
for 0.0 bounds: (3,507),(25,507),(25,523),(3,523)
4 0.0 bounds: (26,511),(36,511),(36,522),(26,522)
km 0.0 bounds: (42,510),(67,510),(67,522),(42,522)
oh 0.0 bounds: (1,534),(7,534),(7,541),(1,541)
nw 0.0 bounds: (9,537),(20,537),(20,540),(9,540)
on 0.0 bounds: (23,536),(29,536),(29,539),(23,539)
the 0.0 bounds: (32,535),(41,535),(41,539),(32,539)
Ols 0.0 bounds: (44,535),(53,535),(53,539),(44,539)
A 0.0 bounds: (56,534),(67,534),(67,539),(56,539)
SOUND 0.0 bounds: (702,550),(731,549),(731,558),(702,559)
HORN 0.0 bounds: (826,549),(850,549),(850,558),(826,558)
KHAMOTORS 0.0 bounds: (187,600),(235,599),(235,603),(187,604)
