NO PARKING
Actp watking
BENGALURU
04T SODA
NO HALTING
TOW AWAY ZONE
 0.0 bounds: (16,216),(284,216),(284,369),(16,369)
NO 0.0 bounds: (232,311),(250,313),(249,322),(231,320)
PARKING 0.0 bounds: (254,314),(284,318),(282,328),(253,324)
Actp 0.0 bounds: (23,216),(54,228),(47,246),(16,234)
watking 0.0 bounds: (58,231),(111,252),(105,268),(51,248)
BENGALURU 0.0 bounds: (39,243),(91,261),(84,280),(32,262)
04T 0.0 bounds: (101,299),(115,303),(112,311),(99,308)
SODA 0.0 bounds: (116,302),(130,306),(127,315),(113,312)
NO 0.0 bounds: (233,324),(245,325),(244,331),(232,330)
HALTING 0.0 bounds: (249,323),(284,326),(283,336),(248,333)
TOW 0.0 bounds: (219,350),(240,353),(239,363),(218,360)
AWAY 0.0 bounds: (244,353),(262,355),(261,365),(243,363)
ZONE 0.0 bounds: (264,356),(284,359),(283,368),(263,366)
