NG THINGS IN YOUR FAVOUR
IT AT WORK OR PLAY.
MENTS. OVERLOOKING THE KGA GOLF COURSE
EX A TRIPLEX OPTIONS
VIEWING
మేసరు రస్లే
MYSORE ROAD
దూమలరు
1 DOMLUR
ప్రనిది వెత
TRINITY CIRCLE
కె.ఆదా రం
ery +91 87220 99999
+91 17220 88888
ambassygrove.com
EMESSY
YGROVE
K.R. PURAM
ade os
K.R. MARKET
ULSOOR
 0.0 bounds: (0,68),(757,68),(757,287),(0,287)
NG 0.0 bounds: (1,68),(20,69),(20,80),(1,79)
THINGS 0.0 bounds: (20,71),(60,72),(60,80),(20,79)
IN 0.0 bounds: (65,73),(75,73),(75,80),(65,80)
YOUR 0.0 bounds: (80,72),(109,73),(109,82),(80,81)
FAVOUR 0.0 bounds: (116,71),(156,72),(156,84),(116,83)
IT 0.0 bounds: (1,80),(20,80),(20,93),(1,93)
AT 0.0 bounds: (21,83),(37,83),(37,93),(21,93)
WORK 0.0 bounds: (43,83),(88,84),(88,95),(43,94)
OR 0.0 bounds: (94,84),(113,84),(113,95),(94,95)
PLAY. 0.0 bounds: (120,84),(159,85),(159,97),(120,96)
MENTS. 0.0 bounds: (1,169),(34,170),(34,182),(1,181)
OVERLOOKING 0.0 bounds: (34,172),(94,173),(94,180),(34,179)
THE 0.0 bounds: (97,174),(113,174),(113,180),(97,180)
KGA 0.0 bounds: (117,174),(133,174),(133,180),(117,180)
GOLF 0.0 bounds: (137,174),(158,174),(158,182),(137,182)
COURSE 0.0 bounds: (162,174),(194,175),(194,182),(162,181)
EX 0.0 bounds: (1,183),(14,183),(14,192),(1,192)
A 0.0 bounds: (15,186),(20,186),(20,192),(15,192)
TRIPLEX 0.0 bounds: (24,183),(54,184),(54,194),(24,193)
OPTIONS 0.0 bounds: (56,184),(91,185),(91,195),(56,194)
VIEWING 0.0 bounds: (2,216),(24,216),(24,220),(2,220)
మేసరు 0.0 bounds: (672,231),(727,229),(727,241),(672,243)
రస్లే 0.0 bounds: (734,229),(752,228),(752,240),(734,241)
MYSORE 0.0 bounds: (678,243),(720,243),(720,252),(678,252)
ROAD 0.0 bounds: (725,244),(752,244),(752,251),(725,251)
దూమలరు 0.0 bounds: (517,233),(607,231),(607,244),(517,246)
1 0.0 bounds: (504,245),(516,245),(516,257),(504,257)
DOMLUR 0.0 bounds: (516,245),(586,245),(586,256),(516,256)
ప్రనిది 0.0 bounds: (517,264),(556,263),(556,273),(517,274)
వెత 0.0 bounds: (567,262),(596,261),(596,272),(567,273)
TRINITY 0.0 bounds: (517,277),(562,276),(562,283),(517,284)
CIRCLE 0.0 bounds: (570,274),(610,273),(610,283),(570,284)
కె.ఆదా 0.0 bounds: (380,238),(424,237),(424,245),(380,246)
రం 0.0 bounds: (444,237),(466,237),(466,245),(444,245)
ery 0.0 bounds: (0,247),(10,247),(10,252),(0,252)
+91 0.0 bounds: (16,245),(31,245),(31,251),(16,251)
87220 0.0 bounds: (35,245),(58,245),(58,251),(35,251)
99999 0.0 bounds: (62,245),(84,245),(84,251),(62,251)
+91 0.0 bounds: (16,255),(31,255),(31,261),(16,261)
17220 0.0 bounds: (36,253),(58,253),(58,263),(36,263)
88888 0.0 bounds: (60,253),(86,253),(86,263),(60,263)
ambassygrove.com 0.0 bounds: (2,268),(71,268),(71,277),(2,277)
EMESSY 0.0 bounds: (136,239),(191,240),(191,251),(136,250)
YGROVE 0.0 bounds: (107,249),(201,250),(201,268),(107,267)
K.R. 0.0 bounds: (380,252),(406,251),(406,259),(380,260)
PURAM 0.0 bounds: (412,251),(460,249),(460,258),(412,260)
ade 0.0 bounds: (380,265),(402,265),(402,274),(380,274)
os 0.0 bounds: (428,263),(443,263),(443,272),(428,272)
K.R. 0.0 bounds: (679,273),(701,273),(701,280),(679,280)
MARKET 0.0 bounds: (706,272),(757,271),(757,279),(706,280)
ULSOOR 0.0 bounds: (381,279),(441,278),(441,286),(381,287)
