DREAMS DON'T NEED TO
READH TO
SADVE IN LADCun APAN
AM U AHARE
CALL DO00 777766
 0.0 bounds: (808,278),(1023,278),(1023,365),(808,365)
DREAMS 0.0 bounds: (908,286),(949,283),(950,292),(909,295)
DON'T 0.0 bounds: (953,283),(980,281),(981,290),(954,292)
NEED 0.0 bounds: (984,282),(1007,280),(1007,287),(985,289)
TO 0.0 bounds: (1012,279),(1022,278),(1023,286),(1013,287)
READH 0.0 bounds: (915,296),(935,294),(935,298),(915,300)
TO 0.0 bounds: (937,295),(944,294),(944,298),(937,299)
SADVE 0.0 bounds: (946,292),(964,291),(964,296),(946,297)
IN 0.0 bounds: (967,293),(972,293),(972,296),(967,296)
LADCun 0.0 bounds: (975,291),(1000,290),(1000,295),(975,296)
APAN 0.0 bounds: (1004,289),(1023,288),(1023,295),(1004,296)
AM 0.0 bounds: (939,311),(954,310),(954,313),(939,314)
U 0.0 bounds: (973,306),(975,306),(975,312),(973,312)
AHARE 0.0 bounds: (985,307),(1022,304),(1022,308),(985,311)
CALL 0.0 bounds: (808,360),(826,359),(826,364),(808,365)
DO00 0.0 bounds: (833,359),(850,358),(850,362),(833,363)
777766 0.0 bounds: (855,358),(882,357),(882,362),(855,363)
