doridac
ce sersos de deog
Bangalore One
m ICE COE
 0.0 bounds: (728,255),(829,255),(829,322),(728,322)
doridac 0.0 bounds: (738,264),(778,255),(781,269),(741,278)
ce 0.0 bounds: (728,286),(745,283),(746,290),(729,293)
sersos 0.0 bounds: (749,282),(774,277),(775,283),(750,288)
de 0.0 bounds: (777,276),(795,273),(796,279),(778,282)
deog 0.0 bounds: (798,272),(820,268),(821,278),(800,282)
Bangalore 0.0 bounds: (742,298),(786,291),(787,304),(744,311)
One 0.0 bounds: (791,289),(806,287),(807,297),(792,299)
m 0.0 bounds: (728,312),(737,311),(738,321),(729,322)
ICE 0.0 bounds: (781,308),(803,305),(804,311),(782,314)
COE 0.0 bounds: (806,302),(828,299),(829,307),(807,310)
