ఇనిన చి
INDIAN EXPES
Paving the Path for
Smooth, Hassle-Free
Industrial Development
MEW KARNATALA
SECIORAL SO CONs
aMAESH AUTO
Regitar Now-ewanka
STAY ORDER
Peclag the Pa
tblal elemt
DOD
INDIA GARAGE
XYLO
ISBAL M
RIONIDAN
Makindra
 0.0 bounds: (122,191),(938,191),(938,449),(122,449)
ఇనిన 0.0 bounds: (564,191),(593,198),(590,209),(561,202)
చి 0.0 bounds: (596,198),(602,199),(599,211),(593,210)
INDIAN 0.0 bounds: (573,211),(590,214),(588,221),(572,218)
EXPES 0.0 bounds: (593,216),(609,219),(607,225),(592,222)
Paving 0.0 bounds: (447,229),(480,233),(478,246),(445,242)
the 0.0 bounds: (483,235),(496,237),(495,247),(482,245)
Path 0.0 bounds: (500,238),(519,241),(518,250),(499,247)
for 0.0 bounds: (522,241),(533,242),(532,251),(521,250)
Smooth, 0.0 bounds: (449,245),(486,250),(484,261),(448,257)
Hassle-Free 0.0 bounds: (489,250),(538,256),(536,266),(488,260)
Industrial 0.0 bounds: (450,259),(494,264),(492,275),(449,270)
Development 0.0 bounds: (497,265),(551,272),(549,283),(496,277)
MEW 0.0 bounds: (261,273),(278,274),(277,284),(260,283)
KARNATALA 0.0 bounds: (280,274),(309,276),(308,287),(279,285)
SECIORAL 0.0 bounds: (407,277),(432,279),(431,287),(406,285)
SO 0.0 bounds: (434,279),(449,280),(448,287),(433,286)
CONs 0.0 bounds: (461,283),(500,286),(499,291),(461,288)
aMAESH 0.0 bounds: (724,278),(753,272),(755,278),(725,284)
AUTO 0.0 bounds: (757,272),(777,268),(777,271),(758,275)
Regitar 0.0 bounds: (451,292),(470,293),(470,300),(451,299)
Now-ewanka 0.0 bounds: (472,293),(528,297),(527,305),(471,301)
STAY 0.0 bounds: (122,362),(136,359),(138,368),(124,372)
ORDER 0.0 bounds: (137,358),(149,355),(151,364),(139,367)
Peclag 0.0 bounds: (356,368),(376,367),(376,375),(356,376)
the 0.0 bounds: (378,368),(386,368),(386,375),(378,375)
Pa 0.0 bounds: (389,368),(396,368),(396,375),(389,375)
tblal 0.0 bounds: (354,383),(383,383),(383,391),(354,391)
elemt 0.0 bounds: (386,384),(423,384),(423,391),(386,391)
DOD 0.0 bounds: (300,406),(321,405),(321,413),(300,414)
INDIA 0.0 bounds: (862,406),(884,404),(885,413),(863,415)
GARAGE 0.0 bounds: (887,403),(918,400),(919,410),(888,413)
XYLO 0.0 bounds: (860,415),(936,408),(938,430),(862,437)
ISBAL 0.0 bounds: (306,422),(324,421),(324,427),(306,428)
M 0.0 bounds: (326,421),(329,421),(329,426),(326,426)
RIONIDAN 0.0 bounds: (259,441),(225,444),(224,436),(258,433)
Makindra 0.0 bounds: (604,440),(645,435),(646,444),(605,449)
