CHETAN TRAVELS
JOTAI CAFE
JOTHI CAF
BMM
M.ST.
 0.0 bounds: (88,137),(996,137),(996,347),(88,347)
CHETAN 0.0 bounds: (807,141),(851,139),(852,152),(808,154)
TRAVELS 0.0 bounds: (853,139),(894,137),(895,149),(854,151)
JOTAI 0.0 bounds: (924,138),(968,138),(968,152),(924,152)
CAFE 0.0 bounds: (970,139),(996,139),(996,152),(970,152)
JOTHI 0.0 bounds: (948,198),(969,198),(969,205),(948,205)
CAF 0.0 bounds: (972,198),(988,198),(988,204),(972,204)
BMM 0.0 bounds: (622,308),(646,308),(646,318),(622,318)
M.ST. 0.0 bounds: (88,335),(127,329),(129,340),(90,347)
