క సబరాజు చెంటరాడ నో "
NATARAJA ENTERPRISES
Tealers ontu ak
Gs. Corarts Brans oute
ALS
NATARAJN CEMSENELS
ALS
HO
S.R.. SILK Traders
WHOLESALE SHOW ROOM
KANJEENSRA DHARMANARAMWEDDING SARLS
PURE SILK T SILK DESGNERS FANCY SARER
AHOOL
UNI
FORM
Shop T,
ENTERPRISES
MENTR
జి.ఎనో.ఇృజయ్యలజ ఇనా
Saartse
Jewelers
SVER
GOLD
ACOME
 0.0 bounds: (83,7),(803,7),(803,473),(83,473)
క 0.0 bounds: (238,7),(250,13),(242,27),(231,21)
సబరాజు 0.0 bounds: (265,21),(307,43),(301,55),(259,33)
చెంటరాడ 0.0 bounds: (312,45),(353,66),(345,81),(305,59)
నో 0.0 bounds: (360,71),(379,81),(372,96),(352,86)
" 0.0 bounds: (380,83),(384,85),(377,99),(373,97)
NATARAJA 0.0 bounds: (245,33),(319,71),(310,88),(236,50)
ENTERPRISES 0.0 bounds: (323,73),(403,115),(393,132),(314,91)
Tealers 0.0 bounds: (240,60),(259,69),(256,75),(237,66)
ontu 0.0 bounds: (270,73),(299,87),(295,94),(266,80)
ak 0.0 bounds: (394,135),(399,138),(397,143),(391,140)
Gs. 0.0 bounds: (235,65),(252,73),(249,79),(232,71)
Corarts 0.0 bounds: (254,74),(277,85),(274,91),(251,80)
Brans 0.0 bounds: (292,92),(305,98),(303,102),(290,96)
oute 0.0 bounds: (307,100),(326,109),(324,113),(305,105)
ALS 0.0 bounds: (619,137),(630,139),(628,146),(617,144)
NATARAJN 0.0 bounds: (233,77),(263,90),(259,99),(229,86)
CEMSENELS 0.0 bounds: (265,92),(305,110),(302,118),(261,100)
ALS 0.0 bounds: (622,187),(635,190),(633,197),(620,194)
HO 0.0 bounds: (460,163),(557,203),(537,251),(440,211)
S.R.. 0.0 bounds: (254,142),(310,164),(303,182),(247,160)
SILK 0.0 bounds: (320,167),(352,180),(344,200),(312,187)
Traders 0.0 bounds: (359,182),(414,204),(405,225),(350,203)
WHOLESALE 0.0 bounds: (275,177),(339,201),(336,208),(272,184)
SHOW 0.0 bounds: (341,202),(367,212),(364,219),(338,209)
ROOM 0.0 bounds: (370,214),(394,223),(392,230),(368,221)
KANJEENSRA 0.0 bounds: (253,184),(302,202),(300,208),(251,191)
DHARMANARAMWEDDING 0.0 bounds: (313,205),(387,232),(385,239),(310,213)
SARLS 0.0 bounds: (389,232),(408,239),(405,246),(386,240)
PURE 0.0 bounds: (257,196),(274,202),(272,208),(255,203)
SILK 0.0 bounds: (279,203),(295,209),(292,216),(276,211)
T 0.0 bounds: (310,213),(316,215),(313,222),(308,220)
SILK 0.0 bounds: (317,216),(326,219),(324,226),(315,223)
DESGNERS 0.0 bounds: (333,221),(364,232),(361,240),(330,230)
FANCY 0.0 bounds: (367,233),(385,239),(382,247),(364,241)
SARER 0.0 bounds: (388,241),(405,247),(403,253),(386,248)
AHOOL 0.0 bounds: (748,255),(801,251),(803,282),(750,286)
UNI 0.0 bounds: (757,287),(793,281),(798,307),(762,314)
FORM 0.0 bounds: (750,310),(802,308),(803,337),(751,339)
Shop 0.0 bounds: (277,213),(289,217),(287,225),(275,221)
T, 0.0 bounds: (309,224),(329,231),(327,237),(307,231)
ENTERPRISES 0.0 bounds: (83,188),(126,175),(130,188),(87,200)
MENTR 0.0 bounds: (762,352),(785,351),(785,360),(762,361)
జి.ఎనో.ఇృజయ్యలజ 0.0 bounds: (263,293),(366,314),(362,332),(259,311)
ఇనా 0.0 bounds: (374,316),(396,320),(392,336),(371,332)
Saartse 0.0 bounds: (447,369),(480,365),(481,375),(448,379)
Jewelers 0.0 bounds: (315,355),(370,363),(369,374),(313,366)
SVER 0.0 bounds: (324,373),(342,376),(340,387),(322,384)
GOLD 0.0 bounds: (226,362),(246,365),(245,371),(225,368)
ACOME 0.0 bounds: (313,466),(338,466),(338,473),(313,473)
