Ipline No-18004251663
14E
EMTC
EATERICIATOHNIALIl
w.mybmtc.com
hensian Vehiete
RicL
701
 0.0 bounds: (0,190),(424,190),(424,644),(0,644)
Ipline 0.0 bounds: (3,268),(22,270),(21,280),(2,278)
No-18004251663 0.0 bounds: (30,270),(95,278),(94,290),(29,282)
14E 0.0 bounds: (13,190),(71,197),(66,240),(8,234)
EMTC 0.0 bounds: (5,231),(139,249),(134,286),(0,268)
EATERICIATOHNIALIl 0.0 bounds: (4,294),(74,305),(73,315),(2,305)
w.mybmtc.com 0.0 bounds: (2,318),(95,330),(93,347),(0,335)
hensian 0.0 bounds: (10,335),(66,341),(64,358),(8,352)
Vehiete 0.0 bounds: (68,341),(116,346),(114,363),(66,358)
RicL 0.0 bounds: (395,405),(424,407),(423,418),(394,416)
701 0.0 bounds: (0,621),(41,621),(41,644),(0,644)
