భూమిత్ే లేాో
ity
Bhoomithra Rerortu
Seanish c
reCh
SIN
Haculation
Network
OLOGY
 0.0 bounds: (1,79),(276,79),(276,747),(1,747)
భూమిత్ే 0.0 bounds: (30,79),(65,93),(62,101),(27,87)
లేాో 0.0 bounds: (71,94),(104,107),(101,116),(67,103)
ity 0.0 bounds: (116,103),(130,108),(127,117),(113,111)
Bhoomithra 0.0 bounds: (28,91),(76,110),(73,119),(24,100)
Rerortu 0.0 bounds: (78,111),(105,122),(101,131),(74,120)
Seanish 0.0 bounds: (203,165),(224,173),(222,176),(202,169)
c 0.0 bounds: (225,175),(229,176),(228,178),(224,177)
reCh 0.0 bounds: (251,189),(276,195),(274,203),(249,197)
SIN 0.0 bounds: (110,624),(165,612),(171,638),(116,650)
Haculation 0.0 bounds: (2,676),(68,658),(71,672),(6,690)
Network 0.0 bounds: (2,696),(51,683),(55,698),(6,711)
OLOGY 0.0 bounds: (1,735),(28,727),(32,739),(5,747)
