26 05 2014
KKKKKKKKKKKIKKKI
-スoト
 0.0 bounds: (106,102),(285,102),(285,537),(106,537)
26 0.0 bounds: (188,520),(217,519),(217,536),(188,537)
05 0.0 bounds: (224,520),(242,520),(242,536),(224,536)
2014 0.0 bounds: (252,519),(285,518),(285,535),(252,536)
KKKKKKKKKKKIKKKI 0.0 bounds: (179,102),(184,285),(160,286),(155,103)
- 0.0 bounds: (109,280),(109,282),(109,282),(109,280)
ス 0.0 bounds: (112,284),(112,291),(107,291),(107,284)
o 0.0 bounds: (111,295),(111,299),(107,299),(107,295)
ト 0.0 bounds: (112,302),(112,306),(107,306),(107,302)
