DRUG STORE
cred doed
MAar Man
ITS FOOD
ONLY FOOD.
 0.0 bounds: (36,204),(813,204),(813,282),(36,282)
DRUG 0.0 bounds: (210,207),(248,206),(248,217),(210,218)
STORE 0.0 bounds: (255,205),(296,204),(296,217),(255,218)
cred 0.0 bounds: (775,211),(790,209),(791,218),(776,220)
doed 0.0 bounds: (793,209),(811,207),(812,216),(794,218)
MAar 0.0 bounds: (760,222),(790,218),(791,229),(761,233)
Man 0.0 bounds: (791,218),(812,215),(813,225),(792,228)
ITS 0.0 bounds: (39,255),(53,256),(53,267),(39,266)
FOOD 0.0 bounds: (56,256),(79,257),(79,269),(56,268)
ONLY 0.0 bounds: (36,269),(58,270),(58,280),(36,279)
FOOD. 0.0 bounds: (61,269),(84,270),(83,282),(60,281)
