Hotel
E DELIVERY
HOUR
HUT
Impe
Emperal
VALET
PARKING
1FATA SO
990-252-2000
DOWNLDAD APP
HH
OImperial
 0.0 bounds: (3,123),(1024,123),(1024,483),(3,483)
Hotel 0.0 bounds: (838,219),(867,218),(867,227),(838,228)
E 0.0 bounds: (6,253),(16,254),(14,272),(4,271)
DELIVERY 0.0 bounds: (12,256),(72,263),(70,278),(10,271)
HOUR 0.0 bounds: (5,272),(42,277),(40,292),(3,287)
HUT 0.0 bounds: (1005,254),(1021,252),(1023,265),(1007,267)
Impe 0.0 bounds: (969,262),(1019,255),(1024,293),(974,300)
Emperal 0.0 bounds: (880,331),(908,330),(908,336),(880,337)
VALET 0.0 bounds: (874,341),(908,339),(909,350),(875,352)
PARKING 0.0 bounds: (875,354),(914,352),(914,361),(875,363)
1FATA 0.0 bounds: (457,384),(487,383),(487,390),(457,391)
SO 0.0 bounds: (491,384),(500,384),(500,390),(491,390)
990-252-2000 0.0 bounds: (15,400),(67,399),(67,409),(15,410)
DOWNLDAD 0.0 bounds: (19,410),(59,409),(59,421),(19,422)
APP 0.0 bounds: (61,410),(75,410),(75,421),(61,421)
HH 0.0 bounds: (882,430),(947,438),(942,483),(876,475)
OImperial 0.0 bounds: (930,220),(927,125),(953,124),(956,219)
