ILES
Bodrleb
VIVEAGA
DHOTIS
VI SILKS
NER WEAR STORE
Chipet Bangalore
Pinics Avaitade PH
RUPA
 0.0 bounds: (-9,-3),(961,-3),(961,587),(-9,587)
ILES 0.0 bounds: (16,58),(72,110),(47,136),(-9,84)
Bodrleb 0.0 bounds: (529,91),(579,90),(579,109),(529,110)
VIVEAGA 0.0 bounds: (532,139),(589,138),(589,147),(532,148)
DHOTIS 0.0 bounds: (538,163),(592,160),(593,174),(539,177)
VI 0.0 bounds: (6,300),(16,303),(11,321),(0,318)
SILKS 0.0 bounds: (18,304),(42,312),(36,330),(12,322)
NER 0.0 bounds: (633,248),(691,202),(721,239),(663,285)
WEAR 0.0 bounds: (691,199),(759,144),(790,183),(722,238)
STORE 0.0 bounds: (762,142),(886,41),(917,80),(793,180)
Chipet 0.0 bounds: (691,257),(720,237),(730,252),(701,272)
Bangalore 0.0 bounds: (722,236),(767,205),(777,219),(732,251)
Pinics 0.0 bounds: (692,95),(725,54),(738,64),(705,106)
Avaitade 0.0 bounds: (725,51),(766,0),(780,11),(739,62)
PH 0.0 bounds: (775,3),(779,-2),(786,3),(782,9)
RUPA 0.0 bounds: (914,588),(899,271),(946,269),(961,586)
