gada teard
a GOVT OF INDIA
এ भारत सरकार
TATA MINISTRY OF DEFENCE eliee LX
 0.0 bounds: (335,343),(577,343),(577,385),(335,385)
gada 0.0 bounds: (349,360),(372,358),(373,368),(350,370)
teard 0.0 bounds: (376,358),(405,356),(406,365),(377,367)
a 0.0 bounds: (335,373),(342,372),(343,384),(336,385)
GOVT 0.0 bounds: (347,372),(368,370),(369,383),(348,385)
OF 0.0 bounds: (372,372),(382,371),(383,381),(373,382)
INDIA 0.0 bounds: (386,370),(409,368),(410,376),(387,378)
এ 0.0 bounds: (430,354),(449,352),(450,363),(431,365)
भारत 0.0 bounds: (453,351),(478,348),(479,357),(454,360)
सरकार 0.0 bounds: (484,347),(519,343),(520,354),(485,358)
TATA 0.0 bounds: (427,365),(453,363),(454,373),(428,375)
MINISTRY 0.0 bounds: (456,364),(483,361),(484,368),(457,371)
OF 0.0 bounds: (486,361),(492,360),(493,366),(487,367)
DEFENCE 0.0 bounds: (495,359),(521,357),(522,365),(496,367)
eliee 0.0 bounds: (523,357),(560,354),(561,362),(524,366)
LX 0.0 bounds: (564,356),(576,355),(577,361),(565,362)
