ACTO
BIG BANG
SALE
NOW OPEN
Fisth tul of unury on your plate
Kamytan far Reservatien Contact S0129
Banjara
Malting Pet
BMTC
dostm o
KESARİ
Banjana
Melting Pot
బ్రత్మాస్తి
 0.0 bounds: (1,77),(979,77),(979,302),(1,302)
ACTO 0.0 bounds: (50,83),(87,96),(82,111),(45,98)
BIG 0.0 bounds: (246,92),(263,86),(266,95),(249,101)
BANG 0.0 bounds: (265,85),(286,77),(289,87),(268,94)
SALE 0.0 bounds: (236,106),(297,83),(308,111),(247,135)
NOW 0.0 bounds: (2,180),(45,170),(49,188),(6,198)
OPEN 0.0 bounds: (49,169),(101,157),(105,176),(54,188)
Fisth 0.0 bounds: (1,206),(20,202),(22,213),(3,217)
tul 0.0 bounds: (22,202),(31,200),(33,211),(24,213)
of 0.0 bounds: (35,202),(41,201),(42,209),(37,210)
unury 0.0 bounds: (43,201),(60,198),(61,205),(45,209)
on 0.0 bounds: (64,197),(72,195),(73,202),(65,204)
your 0.0 bounds: (75,195),(89,192),(90,199),(76,202)
plate 0.0 bounds: (91,192),(108,189),(109,196),(93,200)
Kamytan 0.0 bounds: (1,230),(27,225),(29,237),(3,242)
far 0.0 bounds: (28,226),(36,225),(38,234),(30,236)
Reservatien 0.0 bounds: (38,224),(67,218),(69,228),(40,234)
Contact 0.0 bounds: (72,219),(90,216),(91,222),(73,225)
S0129 0.0 bounds: (94,215),(126,209),(128,216),(95,222)
Banjara 0.0 bounds: (934,137),(961,130),(965,145),(938,152)
Malting 0.0 bounds: (928,152),(956,146),(961,169),(932,175)
Pet 0.0 bounds: (962,146),(976,143),(979,160),(965,163)
BMTC 0.0 bounds: (385,223),(427,221),(427,231),(385,233)
dostm 0.0 bounds: (390,241),(413,239),(413,246),(391,248)
o 0.0 bounds: (426,239),(427,239),(427,244),(426,244)
KESARİ 0.0 bounds: (237,263),(293,252),(297,272),(241,283)
Banjana 0.0 bounds: (782,204),(813,204),(813,215),(782,215)
Melting 0.0 bounds: (773,215),(808,214),(808,230),(773,231)
Pot 0.0 bounds: (810,214),(824,214),(824,229),(810,229)
బ్రత్మాస్తి 0.0 bounds: (382,282),(428,278),(429,298),(384,302)
