Hajee Braleh Mohammed Aymeh Bit
Cutchi Memon damath Kana
 0.0 bounds: (429,105),(581,105),(581,168),(429,168)
Hajee 0.0 bounds: (432,105),(457,112),(454,123),(429,117)
Braleh 0.0 bounds: (462,113),(487,120),(484,131),(459,125)
Mohammed 0.0 bounds: (491,119),(533,131),(530,145),(487,133)
Aymeh 0.0 bounds: (536,134),(560,141),(557,151),(533,145)
Bit 0.0 bounds: (563,138),(581,143),(578,155),(560,150)
Cutchi 0.0 bounds: (451,126),(480,133),(477,147),(448,140)
Memon 0.0 bounds: (484,134),(511,141),(508,153),(481,147)
damath 0.0 bounds: (515,142),(541,148),(538,161),(512,155)
Kana 0.0 bounds: (545,149),(565,154),(562,168),(542,163)
