*MOXA
LUNCH BUFFET
AT INR 499 +GST
BUY 4 GET 1
FREE!
O- celebrate
Omeet
train
 0.0 bounds: (840,224),(998,224),(998,376),(840,376)
*MOXA 0.0 bounds: (917,228),(990,224),(991,241),(918,245)
LUNCH 0.0 bounds: (917,280),(954,281),(954,289),(917,288)
BUFFET 0.0 bounds: (958,281),(996,282),(996,290),(958,289)
AT 0.0 bounds: (917,291),(928,291),(928,298),(917,298)
INR 0.0 bounds: (932,292),(948,293),(948,300),(932,299)
499 0.0 bounds: (952,292),(970,293),(970,301),(952,300)
+GST 0.0 bounds: (974,293),(997,294),(997,301),(974,300)
BUY 0.0 bounds: (916,305),(943,306),(943,317),(916,316)
4 0.0 bounds: (949,306),(956,306),(956,315),(949,315)
GET 0.0 bounds: (962,306),(988,307),(988,320),(962,319)
1 0.0 bounds: (995,307),(998,307),(998,316),(995,316)
FREE! 0.0 bounds: (908,318),(998,318),(998,349),(908,349)
O- 0.0 bounds: (844,327),(862,328),(861,337),(843,336)
celebrate 0.0 bounds: (859,329),(897,332),(896,340),(858,337)
Omeet 0.0 bounds: (840,350),(879,351),(879,359),(840,358)
train 0.0 bounds: (860,372),(877,372),(877,376),(860,376)
