SAMSUKG
RESIDENCY-
SOMANY
MO ER
R.K. COAPR LAB & SŤUDIO
 0.0 bounds: (104,46),(1015,46),(1015,444),(104,444)
SAMSUKG 0.0 bounds: (925,67),(978,46),(983,59),(930,79)
RESIDENCY- 0.0 bounds: (104,435),(158,430),(159,439),(105,444)
SOMANY 0.0 bounds: (894,187),(940,165),(946,178),(900,200)
MO 0.0 bounds: (969,181),(984,175),(986,181),(971,187)
ER 0.0 bounds: (997,169),(1012,163),(1014,170),(1000,176)
R.K. 0.0 bounds: (721,280),(752,267),(759,282),(728,296)
COAPR 0.0 bounds: (753,265),(781,253),(788,270),(760,282)
LAB 0.0 bounds: (783,253),(798,247),(804,262),(790,269)
& 0.0 bounds: (802,249),(806,247),(810,258),(806,259)
SŤUDIO 0.0 bounds: (809,243),(840,230),(846,243),(815,257)
