CASHIFY
DOWNLOAD THE APP NOW
Use Code
SLYOUR
TOKIUK
SELL
OLD HONES
No KMI
OLD
IN
PONES
O CASHIFY.in
SECON DS
FOR CASH
 0.0 bounds: (405,246),(732,246),(732,417),(405,417)
CASHIFY 0.0 bounds: (578,246),(632,247),(632,255),(578,254)
DOWNLOAD 0.0 bounds: (652,284),(687,284),(687,291),(652,291)
THE 0.0 bounds: (690,284),(705,284),(705,292),(690,292)
APP 0.0 bounds: (707,285),(716,285),(716,292),(707,292)
NOW 0.0 bounds: (719,285),(732,285),(732,292),(719,292)
Use 0.0 bounds: (676,304),(691,304),(691,313),(676,313)
Code 0.0 bounds: (694,303),(711,303),(711,313),(694,313)
SLYOUR 0.0 bounds: (451,310),(552,309),(552,326),(451,327)
TOKIUK 0.0 bounds: (667,322),(718,321),(718,330),(667,331)
SELL 0.0 bounds: (412,329),(427,329),(427,341),(412,341)
OLD 0.0 bounds: (443,326),(480,326),(480,342),(443,342)
HONES 0.0 bounds: (492,325),(554,324),(554,341),(492,342)
No 0.0 bounds: (585,333),(602,333),(602,340),(585,340)
KMI 0.0 bounds: (604,333),(616,333),(616,340),(604,340)
OLD 0.0 bounds: (415,351),(426,351),(426,361),(415,361)
IN 0.0 bounds: (449,342),(483,341),(484,359),(450,360)
PONES 0.0 bounds: (405,370),(427,370),(427,383),(405,383)
O 0.0 bounds: (621,375),(634,375),(634,394),(621,394)
CASHIFY.in 0.0 bounds: (636,375),(721,375),(721,394),(636,394)
SECON 0.0 bounds: (464,383),(520,380),(521,398),(465,401)
DS 0.0 bounds: (522,380),(538,379),(539,396),(523,397)
FOR 0.0 bounds: (463,400),(489,398),(490,415),(465,417)
CASH 0.0 bounds: (500,396),(540,392),(541,410),(502,414)
