TAKE M6
LEFT TUR
FOR THE
RIGHT FUTU
B-TRAC
 0.0 bounds: (63,72),(239,72),(239,279),(63,279)
TAKE 0.0 bounds: (107,72),(159,77),(157,95),(105,90)
M6 0.0 bounds: (184,79),(207,81),(205,99),(182,97)
LEFT 0.0 bounds: (84,89),(146,93),(145,114),(83,110)
TUR 0.0 bounds: (160,93),(202,95),(201,117),(159,115)
FOR 0.0 bounds: (96,105),(165,112),(163,129),(94,123)
THE 0.0 bounds: (171,112),(210,116),(208,134),(169,130)
RIGHT 0.0 bounds: (65,121),(154,128),(152,147),(63,140)
FUTU 0.0 bounds: (160,127),(219,132),(217,153),(158,148)
B-TRAC 0.0 bounds: (168,259),(239,260),(239,279),(168,278)
