1L4
FRBAL BANK
kof India BOT
CS
TOTO
 0.0 bounds: (0,28),(927,28),(927,450),(0,450)
1L4 0.0 bounds: (4,28),(27,45),(25,49),(2,31)
FRBAL 0.0 bounds: (893,437),(912,435),(913,448),(894,450)
BANK 0.0 bounds: (914,435),(925,434),(926,447),(915,448)
kof 0.0 bounds: (68,269),(86,278),(80,291),(62,283)
India 0.0 bounds: (90,277),(113,288),(107,301),(84,290)
BOT 0.0 bounds: (135,297),(160,309),(152,327),(126,315)
CS 0.0 bounds: (3,295),(33,299),(30,321),(0,317)
TOTO 0.0 bounds: (88,376),(108,380),(106,388),(86,385)
