ma
dodera
STERN RALNA
LORE CANTONMET w
HALLESWABAH c
 0.0 bounds: (-1,135),(841,135),(841,218),(-1,218)
ma 0.0 bounds: (715,138),(738,135),(739,142),(716,145)
dodera 0.0 bounds: (809,169),(840,165),(841,171),(810,175)
STERN 0.0 bounds: (5,151),(25,159),(19,172),(0,164)
RALNA 0.0 bounds: (26,159),(50,168),(45,181),(21,172)
LORE 0.0 bounds: (4,173),(21,178),(17,192),(0,186)
CANTONMET 0.0 bounds: (23,179),(67,193),(63,206),(19,192)
w 0.0 bounds: (78,197),(106,206),(102,218),(74,209)
HALLESWABAH 0.0 bounds: (414,198),(468,194),(468,202),(415,206)
c 0.0 bounds: (471,194),(474,194),(475,201),(472,201)
