TOLET
SURANCE
PG
SRAB
AUVERY
Restaurant
TO-LET
DIRI PG
DIRECT EXAM
90711 08854
CAUVERY
MA M.CBCA BS
MCA MBA
89518 3645
DIRECT E
T EXA
MECom 854
A/M.Com/ME
MCA
19518 3GA
HONDA
 0.0 bounds: (67,65),(624,65),(624,672),(67,672)
TOLET 0.0 bounds: (129,65),(168,72),(166,85),(127,78)
SURANCE 0.0 bounds: (123,82),(165,87),(163,98),(122,93)
PG 0.0 bounds: (120,91),(162,96),(160,112),(118,107)
SRAB 0.0 bounds: (467,320),(488,319),(488,328),(467,329)
AUVERY 0.0 bounds: (560,370),(611,367),(611,377),(561,380)
Restaurant 0.0 bounds: (561,385),(624,384),(624,394),(561,395)
TO-LET 0.0 bounds: (110,339),(150,344),(148,357),(108,352)
DIRI 0.0 bounds: (81,360),(104,363),(102,375),(79,372)
PG 0.0 bounds: (113,365),(144,370),(142,381),(111,377)
DIRECT 0.0 bounds: (79,375),(113,378),(112,388),(78,385)
EXAM 0.0 bounds: (117,379),(139,381),(138,391),(116,389)
90711 0.0 bounds: (76,386),(108,389),(107,398),(75,395)
08854 0.0 bounds: (111,389),(138,391),(137,400),(110,398)
CAUVERY 0.0 bounds: (323,381),(365,380),(365,393),(323,394)
MA 0.0 bounds: (70,401),(87,401),(87,408),(70,408)
M.CBCA 0.0 bounds: (89,400),(126,399),(126,407),(89,408)
BS 0.0 bounds: (128,400),(137,400),(137,406),(128,406)
MCA 0.0 bounds: (76,407),(99,407),(99,414),(76,414)
MBA 0.0 bounds: (120,408),(135,408),(135,415),(120,415)
89518 0.0 bounds: (72,415),(105,416),(105,426),(72,425)
3645 0.0 bounds: (107,416),(128,417),(128,427),(107,426)
DIRECT 0.0 bounds: (75,427),(112,431),(111,441),(74,437)
E 0.0 bounds: (116,434),(119,434),(118,442),(115,442)
T 0.0 bounds: (113,436),(118,436),(118,445),(113,445)
EXA 0.0 bounds: (120,437),(131,437),(131,446),(120,446)
MECom 0.0 bounds: (70,450),(98,449),(98,456),(70,457)
854 0.0 bounds: (109,448),(134,447),(134,454),(109,455)
A/M.Com/ME 0.0 bounds: (69,457),(132,459),(132,466),(69,464)
MCA 0.0 bounds: (69,458),(93,461),(92,471),(68,468)
19518 0.0 bounds: (68,465),(103,468),(102,478),(67,475)
3GA 0.0 bounds: (105,468),(123,470),(122,481),(104,479)
HONDA 0.0 bounds: (287,660),(328,666),(327,672),(286,666)
