wIThe
Get GLAMMED
AT HOME
THE PERMIT ROOM
 0.0 bounds: (208,135),(448,135),(448,336),(208,336)
wIThe 0.0 bounds: (262,135),(293,146),(289,157),(258,146)
Get 0.0 bounds: (388,224),(408,226),(407,235),(387,233)
GLAMMED 0.0 bounds: (409,228),(448,231),(447,237),(409,234)
AT 0.0 bounds: (411,238),(422,238),(422,243),(411,243)
HOME 0.0 bounds: (425,237),(447,238),(447,246),(425,245)
THE 0.0 bounds: (208,325),(221,325),(221,332),(208,332)
PERMIT 0.0 bounds: (226,324),(253,325),(253,334),(226,333)
ROOM 0.0 bounds: (257,325),(281,326),(281,336),(257,335)
