Prakash
it's on
15000
golash from
Sangentha
 0.0 bounds: (171,304),(384,304),(384,405),(171,405)
Prakash 0.0 bounds: (171,304),(210,304),(210,311),(171,311)
it's 0.0 bounds: (259,334),(271,334),(271,344),(259,344)
on 0.0 bounds: (274,335),(284,335),(284,341),(274,341)
15000 0.0 bounds: (345,354),(370,354),(370,362),(345,362)
golash 0.0 bounds: (328,364),(358,364),(358,374),(328,374)
from 0.0 bounds: (365,365),(384,365),(384,374),(365,374)
Sangentha 0.0 bounds: (301,396),(330,395),(330,404),(301,405)
