Myson Ma elagavi Chikmagah
-Bellary Ahmedaga
thiesa NOTEL HANATHA
 0.0 bounds: (471,11),(805,11),(805,268),(471,268)
Myson 0.0 bounds: (471,11),(495,12),(495,22),(471,21)
Ma 0.0 bounds: (503,12),(511,12),(511,22),(503,22)
elagavi 0.0 bounds: (531,13),(570,14),(570,23),(531,22)
Chikmagah 0.0 bounds: (575,16),(612,17),(612,24),(575,23)
-Bellary 0.0 bounds: (541,23),(570,24),(570,30),(541,29)
Ahmedaga 0.0 bounds: (573,24),(612,25),(612,32),(573,31)
thiesa 0.0 bounds: (701,253),(743,228),(752,244),(710,268)
NOTEL 0.0 bounds: (745,227),(764,216),(773,231),(754,242)
HANATHA 0.0 bounds: (765,215),(795,197),(805,214),(775,231)
