Home Stop.
oppo
Camera Phone
fbb
HomeStop
Honp
 0.0 bounds: (58,349),(844,349),(844,502),(58,502)
Home 0.0 bounds: (66,349),(116,368),(107,389),(58,371)
Stop. 0.0 bounds: (117,368),(153,381),(144,404),(109,390)
oppo 0.0 bounds: (738,421),(842,410),(844,425),(740,436)
Camera 0.0 bounds: (757,445),(796,442),(797,450),(758,453)
Phone 0.0 bounds: (800,441),(834,438),(835,446),(801,449)
fbb 0.0 bounds: (539,492),(557,492),(557,502),(539,502)
HomeStop 0.0 bounds: (69,462),(107,471),(104,483),(66,475)
Honp 0.0 bounds: (167,482),(193,488),(192,495),(165,489)
