ECHNIC
MUSEUM
SOUTHERN INDIA
SCIENCE FAIR-2016
ENAUR ALIVE
DINOSAL
SPACE
OICHNOLOGICAL
ALL OF
 0.0 bounds: (193,285),(844,285),(844,386),(193,386)
ECHNIC 0.0 bounds: (806,337),(835,335),(835,343),(807,345)
MUSEUM 0.0 bounds: (785,291),(824,285),(825,292),(786,298)
SOUTHERN 0.0 bounds: (207,336),(254,337),(254,351),(207,350)
INDIA 0.0 bounds: (256,337),(280,338),(280,352),(256,351)
SCIENCE 0.0 bounds: (193,354),(239,355),(239,366),(193,365)
FAIR-2016 0.0 bounds: (243,354),(292,355),(292,366),(243,365)
ENAUR 0.0 bounds: (774,321),(809,322),(809,328),(774,327)
ALIVE 0.0 bounds: (811,322),(828,322),(828,328),(811,328)
DINOSAL 0.0 bounds: (770,329),(803,325),(803,331),(771,335)
SPACE 0.0 bounds: (779,354),(799,352),(800,360),(780,362)
OICHNOLOGICAL 0.0 bounds: (788,361),(844,357),(844,364),(788,368)
ALL 0.0 bounds: (790,378),(813,380),(813,386),(790,384)
OF 0.0 bounds: (815,380),(821,380),(821,386),(815,386)
