aet M.G Road 1
lar m Mavo Hall
Ulsoor
odeddot 220/66/1l da scos ez-dese
కి విద్యుశో బ్రసరణ నిగమ నియమి
VISVESVARÄYA 220/06/11 KV GJLS, SUB-STATI
WAKA POWER-TRANSMISSION-CORPORATIC
BMTC
OK
2013
 0.0 bounds: (100,265),(972,265),(972,544),(100,544)
aet 0.0 bounds: (780,272),(802,270),(802,275),(780,277)
M.G 0.0 bounds: (818,268),(832,267),(833,275),(819,276)
Road 0.0 bounds: (834,266),(848,265),(849,273),(835,274)
1 0.0 bounds: (851,266),(855,266),(855,271),(851,271)
lar 0.0 bounds: (788,279),(803,278),(804,285),(789,286)
m 0.0 bounds: (805,278),(811,277),(812,284),(806,285)
Mavo 0.0 bounds: (817,278),(833,277),(833,282),(818,284)
Hall 0.0 bounds: (836,278),(847,277),(847,281),(836,282)
Ulsoor 0.0 bounds: (818,288),(838,286),(838,292),(818,294)
odeddot 0.0 bounds: (107,367),(149,368),(149,381),(107,380)
220/66/1l 0.0 bounds: (154,369),(192,370),(192,382),(154,381)
da 0.0 bounds: (196,372),(209,372),(209,381),(196,381)
scos 0.0 bounds: (214,373),(240,374),(240,383),(214,382)
ez-dese 0.0 bounds: (245,375),(274,376),(274,385),(245,384)
కి 0.0 bounds: (106,382),(122,383),(122,392),(106,391)
విద్యుశో 0.0 bounds: (128,384),(163,385),(163,394),(128,393)
బ్రసరణ 0.0 bounds: (170,385),(201,386),(201,394),(170,393)
నిగమ 0.0 bounds: (208,388),(233,389),(233,394),(208,393)
నియమి 0.0 bounds: (239,389),(266,390),(266,395),(239,394)
VISVESVARÄYA 0.0 bounds: (102,391),(160,393),(160,404),(102,402)
220/06/11 0.0 bounds: (163,393),(200,394),(200,404),(163,403)
KV 0.0 bounds: (202,394),(211,394),(211,404),(202,404)
GJLS, 0.0 bounds: (213,394),(233,395),(233,406),(213,405)
SUB-STATI 0.0 bounds: (235,394),(266,395),(266,406),(235,405)
WAKA 0.0 bounds: (100,403),(125,404),(125,412),(100,411)
POWER-TRANSMISSION-CORPORATIC 0.0 bounds: (131,404),(266,407),(266,414),(131,411)
BMTC 0.0 bounds: (624,378),(653,381),(651,392),(623,389)
OK 0.0 bounds: (885,533),(912,534),(912,541),(885,540)
2013 0.0 bounds: (945,536),(972,538),(972,544),(945,542)
