b 55351927
INDUSTRIES
C SAR EN ESES
COM ERCIAL
CATERERS
tach
PATERLA
NNOLAH BASi
 0.0 bounds: (-1,14),(279,14),(279,262),(-1,262)
b 0.0 bounds: (210,254),(214,254),(213,261),(209,261)
55351927 0.0 bounds: (234,251),(268,251),(268,260),(234,260)
INDUSTRIES 0.0 bounds: (11,14),(90,58),(78,79),(-1,35)
C 0.0 bounds: (159,111),(168,111),(168,119),(159,119)
SAR 0.0 bounds: (197,106),(214,106),(214,120),(197,120)
EN 0.0 bounds: (216,106),(228,106),(228,119),(216,119)
ESES 0.0 bounds: (255,106),(279,106),(279,119),(255,119)
COM 0.0 bounds: (203,175),(225,175),(225,193),(203,193)
ERCIAL 0.0 bounds: (230,175),(279,175),(279,193),(230,193)
CATERERS 0.0 bounds: (195,191),(278,191),(278,208),(195,208)
tach 0.0 bounds: (228,231),(250,230),(250,238),(228,239)
PATERLA 0.0 bounds: (63,225),(90,229),(88,239),(62,235)
NNOLAH 0.0 bounds: (194,241),(249,241),(249,252),(194,252)
BASi 0.0 bounds: (251,242),(269,242),(269,252),(251,252)
