TITAN WE
A SMARTWATCH SPECIALLY DESIGNED FOR WOMEN
A
HOTEL
BANG, L ORE GATE
MOHAN ARTS
TITANUM TAL N , LED LETTERS
A OEOW SION BOARDS
SPECIAL OFFER
Foda peacder
 0.0 bounds: (61,314),(479,314),(479,668),(61,668)
TITAN 0.0 bounds: (86,317),(178,314),(179,334),(87,337)
WE 0.0 bounds: (192,315),(230,314),(230,331),(192,332)
A 0.0 bounds: (61,342),(67,342),(67,351),(61,351)
SMARTWATCH 0.0 bounds: (69,341),(112,340),(112,350),(69,351)
SPECIALLY 0.0 bounds: (114,340),(151,339),(151,349),(114,350)
DESIGNED 0.0 bounds: (144,340),(185,339),(185,347),(144,348)
FOR 0.0 bounds: (188,341),(200,341),(200,346),(188,346)
WOMEN 0.0 bounds: (203,340),(227,339),(227,345),(203,346)
A 0.0 bounds: (263,350),(282,349),(282,358),(263,359)
HOTEL 0.0 bounds: (407,424),(478,423),(478,443),(407,444)
BANG, 0.0 bounds: (201,443),(315,442),(315,472),(201,473)
L 0.0 bounds: (317,442),(335,442),(335,472),(317,472)
ORE 0.0 bounds: (338,441),(387,440),(387,470),(338,471)
GATE 0.0 bounds: (405,440),(479,439),(479,469),(405,470)
MOHAN 0.0 bounds: (190,503),(249,503),(249,519),(190,519)
ARTS 0.0 bounds: (254,503),(289,503),(289,520),(254,520)
TITANUM 0.0 bounds: (177,531),(202,531),(202,534),(177,534)
TAL 0.0 bounds: (205,527),(222,527),(222,534),(205,534)
N 0.0 bounds: (229,527),(232,527),(232,534),(229,534)
, 0.0 bounds: (249,528),(254,528),(254,535),(249,535)
LED 0.0 bounds: (256,528),(264,528),(264,535),(256,535)
LETTERS 0.0 bounds: (266,531),(289,531),(289,535),(266,535)
A 0.0 bounds: (201,539),(204,539),(204,543),(201,543)
OEOW 0.0 bounds: (207,539),(222,539),(222,543),(207,543)
SION 0.0 bounds: (225,539),(237,539),(237,543),(225,543)
BOARDS 0.0 bounds: (239,539),(261,539),(261,544),(239,544)
SPECIAL 0.0 bounds: (254,652),(271,652),(271,658),(254,658)
OFFER 0.0 bounds: (274,650),(288,650),(288,658),(274,658)
Foda 0.0 bounds: (252,662),(268,662),(268,668),(252,668)
peacder 0.0 bounds: (270,661),(297,661),(297,668),(270,668)
