TAP ARS
ANSET A
CENTRAL
RESIDENCY AOAD
STREET SMART
9886552222
 0.0 bounds: (704,2),(975,2),(975,329),(704,329)
TAP 0.0 bounds: (899,319),(919,317),(920,327),(900,329)
ARS 0.0 bounds: (964,312),(974,311),(975,321),(965,322)
ANSET 0.0 bounds: (704,2),(729,2),(729,8),(704,8)
A 0.0 bounds: (747,2),(752,2),(752,8),(747,8)
CENTRAL 0.0 bounds: (748,60),(816,59),(816,77),(748,78)
RESIDENCY 0.0 bounds: (746,86),(796,85),(796,93),(746,94)
AOAD 0.0 bounds: (795,88),(815,88),(815,93),(795,93)
STREET 0.0 bounds: (760,114),(796,113),(796,118),(760,119)
SMART 0.0 bounds: (801,112),(833,111),(833,117),(801,118)
9886552222 0.0 bounds: (774,120),(820,119),(820,125),(774,126)
