SONY
CAPE E
FALKEN Jo
ATM
Rifa Purnishing
 0.0 bounds: (589,319),(888,319),(888,428),(589,428)
SONY 0.0 bounds: (706,319),(740,326),(737,343),(703,336)
CAPE 0.0 bounds: (767,337),(787,342),(785,352),(765,347)
E 0.0 bounds: (790,343),(795,344),(792,354),(788,353)
FALKEN 0.0 bounds: (826,394),(862,398),(860,411),(824,407)
Jo 0.0 bounds: (869,400),(888,402),(887,412),(868,410)
ATM 0.0 bounds: (677,385),(699,385),(699,396),(677,396)
Rifa 0.0 bounds: (592,398),(621,402),(618,419),(589,415)
Purnishing 0.0 bounds: (623,403),(671,411),(669,428),(620,421)
