Q-ACOUSTICS
7.1 HOME THEATER
SYSTEMS
HOME AUTOMATION
QED
SPECIALISTS
B&W
Vegn
Q-Acoustics
Home Theater Speakers
In
OLUTRON
Bowers & Wilkins
VEOR
Qcept 2ivudspeakee
BABBLER
 0.0 bounds: (213,174),(1022,174),(1022,361),(213,361)
Q-ACOUSTICS 0.0 bounds: (512,178),(601,174),(601,186),(513,190)
7.1 0.0 bounds: (509,204),(520,204),(520,210),(509,210)
HOME 0.0 bounds: (525,203),(551,202),(551,209),(525,210)
THEATER 0.0 bounds: (555,203),(597,202),(597,207),(555,208)
SYSTEMS 0.0 bounds: (532,215),(574,212),(574,220),(533,223)
HOME 0.0 bounds: (510,233),(535,232),(535,239),(510,240)
AUTOMATION 0.0 bounds: (539,232),(598,230),(598,237),(539,239)
QED 0.0 bounds: (944,225),(1010,220),(1012,250),(946,255)
SPECIALISTS 0.0 bounds: (525,244),(583,242),(583,248),(525,250)
B&W 0.0 bounds: (810,232),(879,227),(881,264),(812,269)
Vegn 0.0 bounds: (413,259),(448,267),(446,279),(410,271)
Q-Acoustics 0.0 bounds: (562,275),(657,266),(659,287),(564,297)
Home 0.0 bounds: (566,294),(586,292),(587,302),(567,304)
Theater 0.0 bounds: (590,291),(619,288),(620,299),(591,302)
Speakers 0.0 bounds: (621,288),(658,285),(659,296),(622,299)
In 0.0 bounds: (1012,254),(1022,254),(1022,263),(1012,263)
OLUTRON 0.0 bounds: (694,277),(742,274),(742,281),(695,284)
Bowers 0.0 bounds: (807,275),(844,272),(845,282),(808,285)
& 0.0 bounds: (848,274),(852,274),(853,281),(849,281)
Wilkins 0.0 bounds: (856,270),(895,267),(896,278),(857,281)
VEOR 0.0 bounds: (213,313),(245,313),(245,324),(213,324)
Qcept 0.0 bounds: (806,303),(854,300),(855,314),(807,317)
2ivudspeakee 0.0 bounds: (856,299),(933,294),(934,308),(857,313)
BABBLER 0.0 bounds: (742,354),(771,353),(771,360),(742,361)
