9&MARZER
President's
NEK HOE
GLChhabria &Soni
The Mega
Bathroom Store
TinTieSey
President's
Mob: 945769000
.chabsons n
GROOMG CONCEPTS
Fiama
HOME
MEROS
WILLS
LALSE
vegbynature
Multi Cuisine Restaurant
NOTH INN CHNMSHAPES MAT
obal de
r.C SHADES
S
PORTED
HAP
Parking A
Full M
MET
TIFIC
HOM
SIAPES & SHADE
 0.0 bounds: (347,24),(1021,24),(1021,532),(347,532)
9&MARZER 0.0 bounds: (734,33),(859,24),(860,43),(735,52)
President's 0.0 bounds: (744,84),(856,79),(857,99),(745,104)
NEK 0.0 bounds: (988,121),(999,113),(1003,118),(992,126)
HOE 0.0 bounds: (1002,111),(1018,99),(1021,103),(1005,115)
GLChhabria 0.0 bounds: (935,146),(987,150),(986,166),(934,162)
&Soni 0.0 bounds: (989,150),(1021,152),(1020,168),(988,166)
The 0.0 bounds: (929,168),(953,170),(952,181),(928,179)
Mega 0.0 bounds: (957,171),(982,174),(981,184),(956,182)
Bathroom 0.0 bounds: (929,182),(975,184),(975,195),(929,193)
Store 0.0 bounds: (978,186),(1001,187),(1001,195),(978,194)
TinTieSey 0.0 bounds: (931,197),(984,199),(984,206),(931,204)
President's 0.0 bounds: (783,286),(879,284),(879,302),(783,304)
Mob: 0.0 bounds: (943,303),(958,303),(958,314),(943,314)
945769000 0.0 bounds: (961,303),(993,302),(993,311),(961,312)
.chabsons 0.0 bounds: (956,313),(983,312),(983,320),(956,321)
n 0.0 bounds: (985,312),(995,312),(995,319),(985,319)
GROOMG 0.0 bounds: (778,324),(832,323),(832,330),(778,331)
CONCEPTS 0.0 bounds: (835,322),(886,321),(886,331),(835,332)
Fiama 0.0 bounds: (347,368),(375,369),(375,378),(347,377)
HOME 0.0 bounds: (711,354),(733,354),(733,360),(711,360)
MEROS 0.0 bounds: (715,362),(734,361),(734,365),(715,366)
WILLS 0.0 bounds: (359,378),(372,379),(372,382),(359,381)
LALSE 0.0 bounds: (996,358),(1016,355),(1018,370),(998,373)
vegbynature 0.0 bounds: (754,383),(906,378),(907,404),(755,409)
Multi 0.0 bounds: (775,411),(806,410),(806,421),(775,422)
Cuisine 0.0 bounds: (809,411),(839,410),(839,420),(809,421)
Restaurant 0.0 bounds: (843,409),(891,408),(891,419),(843,420)
NOTH 0.0 bounds: (767,422),(785,422),(785,432),(767,432)
INN 0.0 bounds: (787,422),(801,422),(801,432),(787,432)
CHNMSHAPES 0.0 bounds: (808,422),(870,422),(870,432),(808,432)
MAT 0.0 bounds: (876,422),(889,422),(889,432),(876,432)
obal 0.0 bounds: (546,426),(561,424),(562,434),(547,436)
de 0.0 bounds: (563,424),(566,424),(567,434),(564,434)
r.C 0.0 bounds: (779,442),(800,442),(800,449),(779,449)
SHADES 0.0 bounds: (834,442),(869,442),(869,449),(834,449)
S 0.0 bounds: (747,456),(771,456),(771,474),(747,474)
PORTED 0.0 bounds: (845,454),(867,453),(867,458),(845,459)
HAP 0.0 bounds: (738,497),(753,494),(755,504),(740,507)
Parking 0.0 bounds: (709,504),(735,502),(736,509),(710,511)
A 0.0 bounds: (738,501),(750,500),(751,507),(739,508)
Full 0.0 bounds: (717,511),(729,510),(729,516),(717,517)
M 0.0 bounds: (747,509),(752,509),(752,516),(747,516)
MET 0.0 bounds: (742,512),(757,511),(758,518),(743,519)
TIFIC 0.0 bounds: (736,520),(759,518),(759,523),(736,525)
HOM 0.0 bounds: (743,525),(759,523),(760,530),(744,532)
SIAPES 0.0 bounds: (734,366),(736,397),(719,398),(717,367)
& 0.0 bounds: (735,399),(735,406),(719,407),(719,400)
SHADE 0.0 bounds: (736,408),(737,431),(720,432),(719,409)
