స్ామారన్థా
ANA
as oF RA A YA
LRASSA
 0.0 bounds: (0,133),(757,133),(757,401),(0,401)
స్ామారన్థా 0.0 bounds: (640,328),(757,360),(747,396),(630,365)
ANA 0.0 bounds: (2,370),(40,373),(39,389),(1,386)
as 0.0 bounds: (1,388),(10,389),(9,398),(0,397)
oF 0.0 bounds: (8,392),(15,393),(14,398),(7,397)
RA 0.0 bounds: (19,393),(32,394),(31,399),(18,398)
A 0.0 bounds: (35,395),(46,396),(45,401),(34,400)
YA 0.0 bounds: (49,396),(55,397),(55,401),(49,400)
LRASSA 0.0 bounds: (714,133),(716,236),(692,237),(690,134)
