BMTC
www.myomtc.com
Helpline No-18004251663
బెంచేనానేం
EMERGENGY EXIT
www.mybmtc.com
Sustension Vehicle
Re
oppo
-F-4701
 0.0 bounds: (0,121),(524,121),(524,682),(0,682)
BMTC 0.0 bounds: (31,121),(203,141),(198,185),(26,166)
www.myomtc.com 0.0 bounds: (25,154),(159,171),(158,181),(24,164)
Helpline 0.0 bounds: (22,167),(66,173),(64,185),(20,180)
No-18004251663 0.0 bounds: (72,171),(161,182),(160,194),(70,183)
బెంచేనానేం 0.0 bounds: (4,178),(169,198),(167,214),(2,194)
EMERGENGY 0.0 bounds: (48,206),(108,212),(107,224),(47,218)
EXIT 0.0 bounds: (110,212),(134,214),(133,226),(109,224)
www.mybmtc.com 0.0 bounds: (2,233),(166,250),(164,266),(0,249)
Sustension 0.0 bounds: (22,255),(115,263),(113,281),(20,273)
Vehicle 0.0 bounds: (135,265),(189,270),(187,287),(134,282)
Re 0.0 bounds: (503,413),(524,415),(523,423),(502,421)
oppo 0.0 bounds: (480,500),(507,500),(507,505),(480,505)
-F-4701 0.0 bounds: (1,651),(96,651),(96,682),(1,682)
