PRESTIGE
PINE WOOD
Exclosive Apartments in
Karamangala
Call: +91 96111 91251,
99803 27797
Tl Free 100 0 00
 0.0 bounds: (351,113),(433,113),(433,243),(351,243)
PRESTIGE 0.0 bounds: (362,120),(410,114),(411,127),(364,134)
PINE 0.0 bounds: (353,136),(382,131),(384,144),(355,149)
WOOD 0.0 bounds: (386,132),(418,127),(420,139),(388,144)
Exclosive 0.0 bounds: (351,176),(383,173),(384,182),(352,185)
Apartments 0.0 bounds: (385,174),(423,170),(424,178),(386,182)
in 0.0 bounds: (425,170),(432,169),(433,175),(426,176)
Karamangala 0.0 bounds: (368,186),(413,182),(414,191),(369,195)
Call: 0.0 bounds: (353,206),(370,205),(371,213),(354,214)
+91 0.0 bounds: (373,205),(385,204),(385,210),(373,211)
96111 0.0 bounds: (388,203),(406,202),(407,210),(389,211)
91251, 0.0 bounds: (410,201),(432,199),(433,207),(411,209)
99803 0.0 bounds: (370,217),(391,215),(392,223),(371,225)
27797 0.0 bounds: (393,216),(414,214),(414,221),(394,223)
Tl 0.0 bounds: (357,236),(372,235),(373,242),(358,243)
Free 0.0 bounds: (375,234),(385,233),(386,241),(376,242)
100 0.0 bounds: (388,233),(401,232),(402,240),(389,241)
0 0.0 bounds: (403,232),(413,231),(414,238),(404,239)
00 0.0 bounds: (415,231),(425,230),(426,237),(416,238)
