K
TO_BLURRY
MENS AVENUE
MAN
నిeజో జిత్వాసెల్లా్ల
LLI H
EXTILES
ITINGS & SHIRTINGS
SILKS
KANCHEEPURAN
SOCT LAS
60 053. Phone: 080 22254292, OO 22200179
OTEL RAJATHA
JATHA COMPLEX
S WELFARE AS SOCIATION R
wwOLE SA
FASHION
৩
MANOJ SALES CORPO
OS CARRIER
TALLY
A
మోధురి సిల్ా
MADHURI SILKS
AMARANSA
 0.0 bounds: (-1,44),(991,44),(991,450),(-1,450)
K 0.0 bounds: (956,63),(969,62),(970,72),(957,73)
TO_BLURRY 0.0 bounds: (325,48),(356,44),(357,52),(326,56)
MENS 0.0 bounds: (360,82),(385,79),(386,89),(361,92)
AVENUE 0.0 bounds: (388,81),(421,77),(422,84),(389,88)
MAN 0.0 bounds: (411,89),(422,88),(422,89),(411,90)
నిeజో 0.0 bounds: (5,80),(77,112),(72,124),(0,92)
జిత్వాసెల్లా్ల 0.0 bounds: (89,117),(194,164),(187,178),(82,132)
LLI 0.0 bounds: (294,97),(312,96),(312,103),(294,104)
H 0.0 bounds: (328,95),(335,95),(335,102),(328,102)
EXTILES 0.0 bounds: (98,140),(216,188),(206,210),(89,162)
ITINGS 0.0 bounds: (5,129),(79,159),(75,171),(0,141)
& 0.0 bounds: (87,161),(99,166),(95,176),(83,171)
SHIRTINGS 0.0 bounds: (106,167),(193,202),(188,216),(100,181)
SILKS 0.0 bounds: (950,175),(984,172),(985,182),(951,185)
KANCHEEPURAN 0.0 bounds: (948,187),(988,183),(988,188),(949,192)
SOCT 0.0 bounds: (951,193),(968,191),(968,196),(952,198)
LAS 0.0 bounds: (970,192),(985,190),(985,194),(970,196)
60 0.0 bounds: (3,147),(17,152),(15,158),(1,153)
053. 0.0 bounds: (19,153),(51,165),(49,170),(17,159)
Phone: 0.0 bounds: (53,165),(91,179),(88,185),(51,172)
080 0.0 bounds: (87,179),(103,185),(101,190),(85,185)
22254292, 0.0 bounds: (107,186),(150,202),(148,207),(105,192)
OO 0.0 bounds: (155,202),(171,208),(169,213),(153,208)
22200179 0.0 bounds: (173,209),(206,221),(203,228),(171,216)
OTEL 0.0 bounds: (248,165),(305,158),(307,181),(251,188)
RAJATHA 0.0 bounds: (326,156),(439,142),(442,164),(329,178)
JATHA 0.0 bounds: (8,184),(125,223),(117,247),(0,209)
COMPLEX 0.0 bounds: (133,223),(252,262),(243,289),(124,250)
S 0.0 bounds: (15,218),(23,220),(21,227),(13,225)
WELFARE 0.0 bounds: (28,221),(74,235),(72,242),(26,228)
AS 0.0 bounds: (80,236),(91,239),(89,247),(78,244)
SOCIATION 0.0 bounds: (107,245),(151,258),(149,265),(105,252)
R 0.0 bounds: (154,259),(161,261),(159,268),(152,266)
wwOLE 0.0 bounds: (884,268),(907,262),(909,269),(886,275)
SA 0.0 bounds: (911,262),(918,260),(919,266),(912,268)
FASHION 0.0 bounds: (363,253),(400,249),(401,256),(364,260)
৩ 0.0 bounds: (259,287),(342,281),(343,294),(260,300)
MANOJ 0.0 bounds: (287,307),(332,304),(334,332),(289,335)
SALES 0.0 bounds: (334,304),(374,301),(376,329),(336,332)
CORPO 0.0 bounds: (376,302),(420,299),(422,326),(378,329)
OS 0.0 bounds: (914,373),(941,373),(941,395),(914,395)
CARRIER 0.0 bounds: (943,372),(991,371),(991,394),(943,395)
TALLY 0.0 bounds: (448,357),(462,357),(462,363),(448,363)
A 0.0 bounds: (263,398),(270,398),(270,407),(263,407)
మోధురి 0.0 bounds: (180,411),(224,411),(224,427),(180,427)
సిల్ా 0.0 bounds: (230,411),(257,411),(257,427),(230,427)
MADHURI 0.0 bounds: (176,432),(231,434),(230,450),(176,448)
SILKS 0.0 bounds: (237,434),(272,435),(272,450),(237,449)
AMARANSA 0.0 bounds: (976,62),(982,186),(958,187),(952,63)
