HAHNT CHOTH
నా శివాడనగర, బెంగళూరు, 51 21
LEN
 0.0 bounds: (11,-2),(823,-2),(823,364),(11,364)
HAHNT 0.0 bounds: (824,161),(784,163),(784,151),(823,149)
CHOTH 0.0 bounds: (781,164),(728,166),(727,149),(780,147)
నా 0.0 bounds: (17,-2),(27,2),(22,15),(11,11)
శివాడనగర, 0.0 bounds: (37,7),(81,27),(75,40),(31,20)
బెంగళూరు, 0.0 bounds: (80,28),(126,48),(120,62),(74,43)
51 0.0 bounds: (126,48),(132,49),(130,63),(124,62)
21 0.0 bounds: (138,50),(148,50),(148,64),(138,64)
LEN 0.0 bounds: (538,361),(551,360),(551,363),(538,364)
