TRAFFIC RULIS
DO NOT LiINK
AN.L
ABOO.
JAMAWAR AFTS EMPORIUN
wr CANBERS
 0.0 bounds: (1,70),(660,70),(660,337),(1,337)
TRAFFIC 0.0 bounds: (433,171),(453,183),(448,191),(428,179)
RULIS 0.0 bounds: (456,185),(470,193),(466,201),(452,193)
DO 0.0 bounds: (579,75),(602,74),(603,86),(580,87)
NOT 0.0 bounds: (604,73),(621,72),(622,85),(605,86)
LiINK 0.0 bounds: (626,72),(659,70),(659,79),(626,81)
AN.L 0.0 bounds: (589,95),(626,93),(626,101),(589,103)
ABOO. 0.0 bounds: (1,309),(38,309),(38,321),(1,321)
JAMAWAR 0.0 bounds: (151,324),(192,326),(191,334),(151,332)
AFTS 0.0 bounds: (198,327),(216,328),(215,336),(198,335)
EMPORIUN 0.0 bounds: (219,328),(255,330),(255,337),(219,335)
wr 0.0 bounds: (47,316),(62,317),(62,324),(47,323)
CANBERS 0.0 bounds: (87,318),(115,319),(115,326),(87,325)
