Say Helo to us on
VIJAYA BANK
A friend vou can bans wpon
0 42 5 Gwn Powered by Tehnogy Orven by Cue
CHearFon
ఉ
477
VVNEA
Invisible Hearing Alds
రిసిడెనో సి
Residency
Con peci y
 0.0 bounds: (310,3),(1020,3),(1020,234),(310,234)
Say 0.0 bounds: (947,4),(962,4),(962,13),(947,13)
Helo 0.0 bounds: (964,3),(984,3),(984,11),(964,11)
to 0.0 bounds: (987,3),(994,3),(994,10),(987,10)
us 0.0 bounds: (997,5),(1007,5),(1007,10),(997,10)
on 0.0 bounds: (1010,4),(1020,4),(1020,10),(1010,10)
VIJAYA 0.0 bounds: (807,6),(863,5),(863,17),(807,18)
BANK 0.0 bounds: (871,4),(916,3),(916,14),(871,15)
A 0.0 bounds: (801,26),(807,26),(807,31),(801,31)
friend 0.0 bounds: (811,28),(835,28),(835,32),(811,32)
vou 0.0 bounds: (839,25),(859,25),(859,31),(839,31)
can 0.0 bounds: (860,28),(874,28),(874,30),(860,30)
bans 0.0 bounds: (880,26),(899,26),(899,30),(880,30)
wpon 0.0 bounds: (906,26),(925,26),(925,30),(906,30)
0 0.0 bounds: (810,49),(814,49),(814,56),(810,56)
42 0.0 bounds: (813,50),(822,50),(822,54),(813,54)
5 0.0 bounds: (825,50),(837,50),(837,54),(825,54)
Gwn 0.0 bounds: (845,49),(863,49),(863,54),(845,54)
Powered 0.0 bounds: (866,49),(889,49),(889,53),(866,53)
by 0.0 bounds: (891,49),(897,49),(897,54),(891,54)
Tehnogy 0.0 bounds: (899,48),(930,48),(930,55),(899,55)
Orven 0.0 bounds: (933,47),(950,47),(950,54),(933,54)
by 0.0 bounds: (952,47),(956,47),(956,54),(952,54)
Cue 0.0 bounds: (961,48),(990,48),(990,53),(961,53)
CHearFon 0.0 bounds: (861,91),(906,91),(906,98),(861,98)
ఉ 0.0 bounds: (804,97),(813,97),(813,104),(804,104)
477 0.0 bounds: (917,103),(934,103),(934,108),(917,108)
VVNEA 0.0 bounds: (311,99),(333,103),(332,110),(310,106)
Invisible 0.0 bounds: (815,190),(845,190),(845,195),(815,195)
Hearing 0.0 bounds: (849,190),(879,190),(879,196),(849,196)
Alds 0.0 bounds: (882,190),(898,190),(898,195),(882,195)
రిసిడెనో 0.0 bounds: (433,190),(465,193),(464,204),(432,201)
సి 0.0 bounds: (469,196),(474,196),(473,205),(468,205)
Residency 0.0 bounds: (410,208),(481,215),(479,234),(408,227)
Con 0.0 bounds: (821,226),(832,226),(832,231),(821,231)
peci 0.0 bounds: (850,227),(866,227),(866,232),(850,232)
y 0.0 bounds: (892,228),(893,228),(893,233),(892,233)
