Vidhana Southa -
s B-TRAC
Caring fon yo. alwa
GRAND I
 0.0 bounds: (100,10),(988,10),(988,540),(100,540)
Vidhana 0.0 bounds: (913,10),(945,10),(945,26),(913,26)
Southa 0.0 bounds: (949,13),(969,13),(969,23),(949,23)
- 0.0 bounds: (974,10),(988,10),(988,24),(974,24)
s 0.0 bounds: (919,36),(925,36),(925,48),(919,48)
B-TRAC 0.0 bounds: (935,39),(961,40),(961,49),(935,48)
Caring 0.0 bounds: (100,481),(137,483),(137,491),(100,489)
fon 0.0 bounds: (143,483),(155,484),(155,492),(143,491)
yo. 0.0 bounds: (161,487),(177,488),(177,493),(161,492)
alwa 0.0 bounds: (186,487),(211,488),(211,494),(186,493)
GRAND 0.0 bounds: (174,533),(206,528),(207,535),(175,540)
I 0.0 bounds: (211,525),(218,524),(219,533),(212,534)
