24
PNRA
113
Mahatma Gandhi Rsad
MALT PA
NRAO
 0.0 bounds: (-1,89),(617,89),(617,360),(-1,360)
24 0.0 bounds: (103,89),(123,104),(110,122),(90,107)
PNRA 0.0 bounds: (73,101),(133,142),(123,157),(63,116)
113 0.0 bounds: (94,139),(122,156),(113,171),(85,154)
Mahatma 0.0 bounds: (536,342),(567,344),(567,351),(536,349)
Gandhi 0.0 bounds: (570,341),(595,343),(594,353),(569,352)
Rsad 0.0 bounds: (599,343),(617,344),(616,355),(598,354)
MALT 0.0 bounds: (111,350),(129,351),(129,356),(111,355)
PA 0.0 bounds: (132,348),(147,349),(146,360),(131,359)
NRAO 0.0 bounds: (4,315),(38,323),(34,342),(0,335)
