KSRTC
ww.ksrt in
KA40
F1345
KSRTC
5rocws rcbo
E GRILL H
 0.0 bounds: (0,111),(746,111),(746,545),(0,545)
KSRTC 0.0 bounds: (625,111),(706,111),(706,119),(625,119)
ww.ksrt 0.0 bounds: (640,127),(678,127),(678,132),(640,132)
in 0.0 bounds: (684,126),(693,126),(693,133),(684,133)
KA40 0.0 bounds: (726,221),(746,220),(746,227),(726,228)
F1345 0.0 bounds: (722,229),(746,228),(746,240),(722,241)
KSRTC 0.0 bounds: (646,242),(693,241),(693,248),(646,249)
5rocws 0.0 bounds: (608,267),(675,266),(675,279),(608,280)
rcbo 0.0 bounds: (682,265),(726,265),(726,279),(682,279)
E 0.0 bounds: (0,517),(8,514),(19,542),(11,545)
GRILL 0.0 bounds: (10,513),(50,497),(61,526),(21,542)
H 0.0 bounds: (54,497),(68,492),(79,519),(65,525)
