City Market Br
113559
विजया
NDING
ww
VIJAYA BAANK
OCTED ON THE TRAC areCT POe THE ROAD
A Inend ou cr
Ypache
 0.0 bounds: (36,81),(605,81),(605,379),(36,379)
City 0.0 bounds: (83,200),(96,206),(92,214),(79,208)
Market 0.0 bounds: (101,208),(122,217),(118,226),(97,216)
Br 0.0 bounds: (133,223),(138,226),(135,234),(129,231)
113559 0.0 bounds: (59,81),(122,116),(117,126),(54,91)
विजया 0.0 bounds: (46,87),(135,141),(126,156),(37,102)
NDING 0.0 bounds: (565,291),(605,296),(603,306),(564,301)
ww 0.0 bounds: (76,131),(112,149),(109,154),(74,135)
VIJAYA 0.0 bounds: (53,129),(133,171),(122,190),(43,148)
BAANK 0.0 bounds: (144,177),(188,200),(178,220),(134,196)
OCTED 0.0 bounds: (252,218),(281,220),(280,228),(251,226)
ON 0.0 bounds: (290,221),(298,222),(297,229),(289,228)
THE 0.0 bounds: (299,221),(309,222),(309,226),(299,225)
TRAC 0.0 bounds: (314,222),(330,223),(329,231),(313,230)
areCT 0.0 bounds: (346,225),(370,227),(369,234),(345,232)
POe 0.0 bounds: (372,227),(384,228),(383,235),(371,234)
THE 0.0 bounds: (387,228),(398,229),(397,236),(386,235)
ROAD 0.0 bounds: (401,229),(416,230),(415,238),(400,237)
A 0.0 bounds: (52,172),(58,175),(54,183),(48,180)
Inend 0.0 bounds: (62,176),(87,188),(83,196),(58,184)
ou 0.0 bounds: (90,190),(115,202),(111,210),(86,198)
cr 0.0 bounds: (111,204),(124,211),(122,215),(109,208)
Ypache 0.0 bounds: (376,368),(424,366),(424,377),(376,379)
