The CAA ons
in ebd
77177-711
DOO MUADE
E PP NTHE
 0.0 bounds: (20,124),(853,124),(853,319),(20,319)
The 0.0 bounds: (727,222),(744,227),(741,239),(724,234)
CAA 0.0 bounds: (741,231),(756,235),(754,243),(739,239)
ons 0.0 bounds: (760,237),(771,240),(769,247),(758,244)
in 0.0 bounds: (807,293),(822,297),(818,313),(803,308)
ebd 0.0 bounds: (826,300),(853,308),(850,319),(823,312)
77177-711 0.0 bounds: (293,191),(156,157),(164,125),(301,159)
DOO 0.0 bounds: (295,205),(326,213),(322,227),(291,219)
MUADE 0.0 bounds: (323,214),(365,225),(362,235),(320,224)
E 0.0 bounds: (26,130),(38,134),(33,152),(20,148)
PP 0.0 bounds: (40,134),(57,139),(51,159),(34,153)
NTHE 0.0 bounds: (60,141),(121,160),(115,179),(54,159)
