won
PRADEEP
ABRICS
Siles
HA
ATM
ASHA
BC
CM
 0.0 bounds: (98,140),(830,140),(830,395),(98,395)
won 0.0 bounds: (705,338),(721,337),(721,344),(706,345)
PRADEEP 0.0 bounds: (275,198),(310,197),(310,209),(275,210)
ABRICS 0.0 bounds: (276,213),(310,212),(310,221),(276,222)
Siles 0.0 bounds: (678,160),(733,141),(743,169),(688,188)
HA 0.0 bounds: (98,342),(169,335),(173,376),(102,384)
ATM 0.0 bounds: (592,293),(618,282),(624,298),(598,309)
ASHA 0.0 bounds: (223,374),(262,374),(262,395),(223,395)
BC 0.0 bounds: (786,291),(828,285),(830,301),(788,307)
CM 0.0 bounds: (733,349),(761,343),(763,353),(735,359)
