TEXT BOOKS&SCANNER
Bcom, BBM, Bc, BCA,
DIPLOMA&VTU ENGG. BOOKS
LICERT
CBSE&ICSE
PEN COR
 0.0 bounds: (431,46),(792,46),(792,191),(431,191)
TEXT 0.0 bounds: (431,137),(451,135),(453,151),(433,153)
BOOKS&SCANNER 0.0 bounds: (454,135),(522,128),(523,144),(456,151)
Bcom, 0.0 bounds: (441,158),(463,156),(464,168),(442,171)
BBM, 0.0 bounds: (466,155),(484,153),(485,166),(467,168)
Bc, 0.0 bounds: (487,153),(499,152),(500,163),(488,164)
BCA, 0.0 bounds: (503,151),(516,150),(517,161),(504,163)
DIPLOMA&VTU 0.0 bounds: (435,175),(496,168),(497,184),(437,191)
ENGG. 0.0 bounds: (500,171),(519,169),(520,178),(501,180)
BOOKS 0.0 bounds: (523,168),(545,166),(546,176),(524,178)
LICERT 0.0 bounds: (678,67),(755,46),(764,80),(687,101)
CBSE&ICSE 0.0 bounds: (679,96),(785,74),(792,109),(686,131)
PEN 0.0 bounds: (702,149),(722,144),(726,157),(706,163)
COR 0.0 bounds: (726,144),(747,138),(751,151),(729,157)
