AAN NTTUTION
RA COLLEGE
ION OPEN
C
MOeRO 7406740011 /22
HNBAORO Ph:26677100
 0.0 bounds: (574,250),(772,250),(772,366),(574,366)
AAN 0.0 bounds: (677,251),(690,251),(690,253),(677,253)
NTTUTION 0.0 bounds: (693,250),(718,250),(718,253),(693,253)
RA 0.0 bounds: (617,263),(664,262),(664,271),(617,272)
COLLEGE 0.0 bounds: (718,261),(767,259),(767,267),(718,269)
ION 0.0 bounds: (714,280),(739,279),(739,290),(714,291)
OPEN 0.0 bounds: (740,282),(772,281),(772,289),(740,290)
C 0.0 bounds: (750,303),(771,303),(771,310),(750,310)
MOeRO 0.0 bounds: (574,343),(641,341),(641,352),(574,354)
7406740011 0.0 bounds: (652,344),(703,343),(703,352),(652,353)
/22 0.0 bounds: (708,343),(723,343),(723,350),(708,350)
HNBAORO 0.0 bounds: (575,353),(641,353),(641,366),(575,366)
Ph:26677100 0.0 bounds: (659,355),(717,355),(717,364),(659,364)
