20%
OFF
ON LENSES
FOR EVERYONE
ZM Lawrence & Mayo
Barton Centre, MG Road
Kaushik
 0.0 bounds: (367,-1),(862,-1),(862,282),(367,282)
20% 0.0 bounds: (728,25),(813,-1),(825,39),(740,65)
OFF 0.0 bounds: (799,33),(821,27),(825,40),(802,46)
ON 0.0 bounds: (743,61),(768,55),(772,72),(747,78)
LENSES 0.0 bounds: (770,58),(827,45),(829,57),(773,70)
FOR 0.0 bounds: (748,78),(768,74),(770,84),(750,89)
EVERYONE 0.0 bounds: (772,76),(832,63),(834,72),(774,85)
ZM 0.0 bounds: (732,113),(751,111),(753,126),(734,129)
Lawrence 0.0 bounds: (756,113),(807,107),(808,117),(757,123)
& 0.0 bounds: (812,104),(820,103),(821,115),(814,116)
Mayo 0.0 bounds: (823,101),(853,97),(855,114),(825,118)
Barton 0.0 bounds: (741,147),(773,143),(774,152),(742,156)
Centre, 0.0 bounds: (778,142),(812,138),(813,147),(779,151)
MG 0.0 bounds: (815,137),(834,135),(835,144),(816,147)
Road 0.0 bounds: (839,133),(861,130),(862,141),(840,144)
Kaushik 0.0 bounds: (367,274),(397,256),(402,264),(372,282)
