FOUTH Bank
ot e
TISSOT
MAHARAJA TIMES
RADO
UniverCell
Mi
SWITZERLAND
V TTAN
LUXURY WATCH STORE
fastrach
13日
 0.0 bounds: (13,343),(561,343),(561,448),(13,448)
FOUTH 0.0 bounds: (442,343),(475,348),(473,360),(440,355)
Bank 0.0 bounds: (478,353),(494,356),(493,363),(477,361)
ot 0.0 bounds: (369,347),(380,347),(380,353),(369,353)
e 0.0 bounds: (392,349),(406,349),(406,353),(392,353)
TISSOT 0.0 bounds: (14,359),(73,364),(72,374),(13,369)
MAHARAJA 0.0 bounds: (100,360),(183,366),(182,380),(99,374)
TIMES 0.0 bounds: (188,369),(234,372),(233,382),(187,379)
RADO 0.0 bounds: (265,367),(321,371),(320,382),(264,378)
UniverCell 0.0 bounds: (433,387),(502,390),(501,405),(432,402)
Mi 0.0 bounds: (543,393),(561,394),(560,404),(542,403)
SWITZERLAND 0.0 bounds: (263,382),(320,384),(320,390),(263,388)
V 0.0 bounds: (60,385),(74,386),(73,399),(59,398)
TTAN 0.0 bounds: (85,385),(170,390),(169,407),(84,402)
LUXURY 0.0 bounds: (115,379),(156,381),(156,387),(115,385)
WATCH 0.0 bounds: (165,382),(195,383),(195,387),(165,386)
STORE 0.0 bounds: (204,382),(236,384),(236,392),(204,390)
fastrach 0.0 bounds: (200,394),(238,394),(238,402),(200,402)
13 0.0 bounds: (331,389),(331,426),(306,426),(306,389)
日 0.0 bounds: (331,428),(331,448),(306,448),(306,428)
