McDonald's
FAMIT
DRIVE- THRU
SEATING INSIDE
TYRE PARK
CIT
HONE
 0.0 bounds: (610,82),(1022,82),(1022,479),(610,479)
McDonald's 0.0 bounds: (877,83),(956,82),(956,99),(877,100)
FAMIT 0.0 bounds: (870,97),(900,96),(900,103),(870,104)
DRIVE- 0.0 bounds: (899,170),(935,170),(935,177),(899,177)
THRU 0.0 bounds: (942,168),(967,168),(967,177),(942,177)
SEATING 0.0 bounds: (899,192),(942,191),(942,202),(899,203)
INSIDE 0.0 bounds: (945,191),(977,190),(977,201),(945,202)
TYRE 0.0 bounds: (863,284),(895,281),(896,295),(864,298)
PARK 0.0 bounds: (898,284),(920,282),(921,290),(899,292)
CIT 0.0 bounds: (980,419),(1021,414),(1022,426),(981,431)
HONE 0.0 bounds: (610,468),(668,464),(669,475),(611,479)
