SBL
BHAGYALAKSI
Sound o
K Horn.
407
Stop
KA 51AA SBSZ
 0.0 bounds: (564,354),(836,354),(836,534),(564,534)
SBL 0.0 bounds: (593,354),(650,356),(649,386),(592,384)
BHAGYALAKSI 0.0 bounds: (751,376),(801,377),(801,384),(751,383)
Sound 0.0 bounds: (587,427),(641,432),(639,449),(585,444)
o 0.0 bounds: (652,438),(664,439),(663,451),(651,450)
K 0.0 bounds: (745,439),(757,440),(756,458),(744,457)
Horn. 0.0 bounds: (755,441),(811,445),(810,458),(754,455)
407 0.0 bounds: (671,485),(719,488),(718,505),(670,502)
Stop 0.0 bounds: (566,497),(606,501),(604,517),(564,513)
KA 0.0 bounds: (768,518),(784,519),(783,527),(767,526)
51AA 0.0 bounds: (787,516),(813,518),(812,531),(786,529)
SBSZ 0.0 bounds: (815,519),(836,521),(835,534),(814,532)
