COOLNES
JUSI CAVE
FUL CROLE
JAWA
AGLORE DTN TAFIC POLICE
AMCO
FORADE
 0.0 bounds: (41,202),(143,202),(143,487),(41,487)
COOLNES 0.0 bounds: (46,202),(92,216),(89,226),(43,213)
JUSI 0.0 bounds: (46,212),(65,217),(61,232),(42,226)
CAVE 0.0 bounds: (67,218),(91,225),(87,239),(63,232)
FUL 0.0 bounds: (44,229),(59,232),(56,243),(42,240)
CROLE 0.0 bounds: (61,233),(89,240),(87,250),(59,244)
JAWA 0.0 bounds: (106,270),(143,274),(141,289),(105,285)
AGLORE 0.0 bounds: (51,417),(75,416),(75,426),(51,427)
DTN 0.0 bounds: (77,417),(85,417),(85,425),(77,425)
TAFIC 0.0 bounds: (87,417),(101,416),(101,423),(87,424)
POLICE 0.0 bounds: (104,416),(115,415),(115,421),(104,422)
AMCO 0.0 bounds: (57,462),(109,453),(112,472),(60,481)
FORADE 0.0 bounds: (75,479),(109,472),(111,480),(77,487)
