re
MATCHING GOODS
PAPE
de er g
koskii
TALLY
IGBAZAAR
 0.0 bounds: (0,45),(994,45),(994,344),(0,344)
re 0.0 bounds: (1,116),(23,116),(23,135),(1,135)
MATCHING 0.0 bounds: (1,137),(39,139),(38,149),(1,147)
GOODS 0.0 bounds: (42,139),(70,140),(70,149),(42,148)
PAPE 0.0 bounds: (824,152),(908,92),(936,132),(852,191)
de 0.0 bounds: (634,213),(663,199),(668,210),(640,225)
er 0.0 bounds: (665,197),(684,188),(690,200),(671,210)
g 0.0 bounds: (687,188),(708,178),(712,187),(691,197)
koskii 0.0 bounds: (179,335),(220,334),(220,343),(179,344)
TALLY 0.0 bounds: (972,250),(993,247),(994,258),(973,261)
IGBAZAAR 0.0 bounds: (140,123),(137,47),(156,46),(159,122)
