RAE
09325115051
నేన్నాన క్రీ ఆరని దేశవేరాజు రేజరిగి
 0.0 bounds: (259,200),(688,200),(688,283),(259,283)
RAE 0.0 bounds: (645,200),(676,200),(676,209),(645,209)
09325115051 0.0 bounds: (646,208),(688,208),(688,217),(646,217)
నేన్నాన 0.0 bounds: (259,275),(283,275),(283,283),(259,283)
క్రీ 0.0 bounds: (287,273),(295,273),(295,282),(287,282)
ఆరని 0.0 bounds: (299,274),(321,274),(321,280),(299,280)
దేశవేరాజు 0.0 bounds: (324,273),(356,272),(356,280),(324,281)
రేజరిగి 0.0 bounds: (360,274),(380,274),(380,281),(360,281)
