re tale
CHOOSE ONLINE. BUY OFF-LINE
NOW WINDOW SHOP FROM YOUR COUCH
wwW.RETALE.IN
STT A I ER r
BEINGLAZY
 0.0 bounds: (369,160),(521,160),(521,361),(369,361)
re 0.0 bounds: (388,164),(420,161),(422,182),(390,185)
tale 0.0 bounds: (423,163),(465,160),(466,178),(424,181)
CHOOSE 0.0 bounds: (381,261),(412,257),(413,266),(382,270)
ONLINE. 0.0 bounds: (416,256),(446,252),(447,261),(417,265)
BUY 0.0 bounds: (450,253),(464,251),(465,259),(451,261)
OFF-LINE 0.0 bounds: (468,250),(504,245),(505,255),(469,260)
NOW 0.0 bounds: (369,278),(387,276),(388,285),(370,287)
WINDOW 0.0 bounds: (391,275),(423,271),(424,280),(392,284)
SHOP 0.0 bounds: (427,270),(447,267),(448,276),(428,279)
FROM 0.0 bounds: (450,267),(470,264),(471,273),(451,276)
YOUR 0.0 bounds: (474,264),(493,261),(494,270),(475,273)
COUCH 0.0 bounds: (496,261),(520,258),(521,267),(497,270)
wwW.RETALE.IN 0.0 bounds: (405,304),(497,291),(499,303),(407,317)
STT 0.0 bounds: (393,324),(422,320),(423,327),(394,331)
A 0.0 bounds: (424,319),(428,318),(429,325),(425,326)
I 0.0 bounds: (444,316),(449,315),(450,322),(445,323)
ER 0.0 bounds: (451,314),(471,311),(472,319),(452,322)
r 0.0 bounds: (488,310),(490,310),(491,317),(489,317)
BEINGLAZY 0.0 bounds: (436,352),(484,344),(486,353),(437,361)
