Ganara Bank
Gett m
by a
ever
Teber Cn
Pen
Tradition
dodeca
The Data
Raty
SAMARTHA
BMTC
 0.0 bounds: (31,81),(970,81),(970,344),(31,344)
Ganara 0.0 bounds: (39,92),(86,113),(78,131),(31,110)
Bank 0.0 bounds: (87,114),(113,125),(105,143),(79,131)
Gett 0.0 bounds: (770,82),(784,82),(784,89),(770,89)
m 0.0 bounds: (818,81),(820,81),(820,88),(818,88)
by 0.0 bounds: (770,93),(778,92),(779,98),(771,99)
a 0.0 bounds: (782,90),(787,89),(788,96),(783,97)
ever 0.0 bounds: (771,100),(791,98),(792,106),(772,108)
Teber 0.0 bounds: (70,140),(93,149),(90,158),(67,149)
Cn 0.0 bounds: (104,154),(113,157),(111,165),(101,161)
Pen 0.0 bounds: (562,137),(579,134),(580,143),(564,146)
Tradition 0.0 bounds: (543,146),(594,139),(595,150),(544,157)
dodeca 0.0 bounds: (939,128),(969,125),(970,134),(940,137)
The 0.0 bounds: (715,176),(723,175),(723,178),(715,179)
Data 0.0 bounds: (725,174),(737,173),(738,177),(726,179)
Raty 0.0 bounds: (716,192),(736,190),(736,196),(717,198)
SAMARTHA 0.0 bounds: (60,324),(131,319),(132,339),(61,344)
BMTC 0.0 bounds: (171,318),(213,314),(214,328),(172,332)
