mpton
SURGIGAodos
DISPOSABLE SUKA ITEMS
A Dn VIMAL ELECTRICAL ENTERPRISES
HANDS
1772771
 0.0 bounds: (1,119),(764,119),(764,746),(1,746)
mpton 0.0 bounds: (1,119),(27,120),(27,131),(1,130)
SURGIGAodos 0.0 bounds: (137,161),(217,160),(217,169),(137,170)
DISPOSABLE 0.0 bounds: (121,169),(165,170),(165,180),(121,179)
SUKA 0.0 bounds: (167,170),(193,171),(193,181),(167,180)
ITEMS 0.0 bounds: (198,171),(217,172),(217,182),(198,181)
A 0.0 bounds: (57,322),(66,322),(66,331),(57,331)
Dn 0.0 bounds: (87,325),(99,325),(99,328),(87,328)
VIMAL 0.0 bounds: (108,324),(131,324),(131,330),(108,330)
ELECTRICAL 0.0 bounds: (135,325),(183,325),(183,331),(135,331)
ENTERPRISES 0.0 bounds: (187,325),(236,325),(236,331),(187,331)
HANDS 0.0 bounds: (765,487),(741,487),(741,480),(765,480)
1772771 0.0 bounds: (657,724),(728,727),(727,746),(656,743)
