G.Road
dsfar m Maye Hat
stan Visoor
220/68/11 dA. E -
dda orta pa
SSSION C
 0.0 bounds: (161,339),(842,339),(842,425),(161,425)
G.Road 0.0 bounds: (814,339),(842,339),(842,345),(814,345)
dsfar 0.0 bounds: (782,347),(799,347),(799,352),(782,352)
m 0.0 bounds: (802,348),(811,348),(811,352),(802,352)
Maye 0.0 bounds: (814,349),(829,349),(829,354),(814,354)
Hat 0.0 bounds: (832,348),(842,348),(842,353),(832,353)
stan 0.0 bounds: (777,355),(800,355),(800,363),(777,363)
Visoor 0.0 bounds: (815,357),(834,357),(834,362),(815,362)
220/68/11 0.0 bounds: (163,374),(202,380),(200,392),(161,387)
dA. 0.0 bounds: (205,380),(219,382),(217,395),(203,393)
E 0.0 bounds: (219,384),(242,387),(240,396),(218,393)
- 0.0 bounds: (247,391),(257,392),(256,397),(246,396)
dda 0.0 bounds: (178,392),(205,396),(204,403),(177,399)
orta 0.0 bounds: (210,397),(235,400),(234,406),(209,403)
pa 0.0 bounds: (244,399),(255,401),(254,409),(243,408)
SSSION 0.0 bounds: (183,412),(220,415),(219,425),(182,422)
C 0.0 bounds: (222,415),(227,415),(226,424),(221,424)
