Quest offices.com
Suest offices.
Timieresoe E SIPWMeILI
!dea
 0.0 bounds: (563,8),(830,8),(830,311),(563,311)
Quest 0.0 bounds: (563,10),(609,10),(609,22),(563,22)
offices.com 0.0 bounds: (615,8),(710,8),(710,21),(615,21)
Suest 0.0 bounds: (576,38),(606,37),(606,50),(576,51)
offices. 0.0 bounds: (614,38),(669,37),(669,50),(614,51)
Timieresoe 0.0 bounds: (621,128),(659,127),(659,133),(621,134)
E 0.0 bounds: (673,127),(683,127),(683,133),(673,133)
SIPWMeILI 0.0 bounds: (686,127),(715,127),(715,133),(686,133)
!dea 0.0 bounds: (796,299),(829,296),(830,308),(797,311)
