HSBC
SALE
C)
CENTRAL
cC hotak
24x7 HELPLINE 9590ONTO
 0.0 bounds: (-1,101),(932,101),(932,533),(-1,533)
HSBC 0.0 bounds: (19,101),(61,131),(43,157),(0,127)
SALE 0.0 bounds: (793,136),(822,128),(824,137),(795,145)
C) 0.0 bounds: (812,174),(830,169),(834,182),(815,187)
CENTRAL 0.0 bounds: (813,196),(847,188),(850,200),(816,208)
cC 0.0 bounds: (892,205),(901,200),(905,208),(896,213)
hotak 0.0 bounds: (904,197),(926,185),(931,195),(909,207)
24x7 0.0 bounds: (184,518),(206,511),(211,526),(189,533)
HELPLINE 0.0 bounds: (211,508),(250,495),(255,511),(216,524)
9590ONTO 0.0 bounds: (260,492),(299,479),(304,494),(265,507)
