Towards K SRTC Terminal 3
ea d aaDrdo 1 abab 2/ do ab a / 2o do oe do Doad edi
Towards KSRTC Terminal 182 /BMTC/KSRRailway Station
 0.0 bounds: (487,130),(913,130),(913,211),(487,211)
Towards 0.0 bounds: (487,130),(570,131),(570,145),(487,144)
K 0.0 bounds: (578,132),(591,132),(591,146),(578,146)
SRTC 0.0 bounds: (599,132),(670,133),(670,147),(599,146)
Terminal 0.0 bounds: (677,133),(760,134),(760,149),(677,148)
3 0.0 bounds: (767,134),(778,134),(778,148),(767,148)
ea 0.0 bounds: (487,171),(525,172),(525,180),(487,179)
d 0.0 bounds: (532,174),(545,174),(545,180),(532,180)
aaDrdo 0.0 bounds: (551,172),(603,173),(603,181),(551,180)
1 0.0 bounds: (610,175),(612,175),(612,180),(610,180)
abab 0.0 bounds: (618,173),(644,173),(644,183),(618,183)
2/ 0.0 bounds: (650,175),(667,175),(667,183),(650,183)
do 0.0 bounds: (673,174),(690,174),(690,182),(673,182)
ab 0.0 bounds: (695,173),(708,173),(708,183),(695,183)
a 0.0 bounds: (714,176),(728,176),(728,182),(714,182)
/ 0.0 bounds: (734,176),(738,176),(738,184),(734,184)
2o 0.0 bounds: (749,172),(773,172),(773,185),(749,185)
do 0.0 bounds: (770,175),(786,175),(786,183),(770,183)
oe 0.0 bounds: (793,173),(808,173),(808,186),(793,186)
do 0.0 bounds: (812,173),(827,173),(827,186),(812,186)
Doad 0.0 bounds: (842,173),(883,174),(883,188),(842,187)
edi 0.0 bounds: (887,174),(913,174),(913,188),(887,188)
Towards 0.0 bounds: (487,193),(542,194),(542,205),(487,204)
KSRTC 0.0 bounds: (548,194),(609,195),(609,205),(548,204)
Terminal 0.0 bounds: (614,195),(669,196),(669,206),(614,205)
182 0.0 bounds: (675,196),(698,196),(698,206),(675,206)
/BMTC/KSRRailway 0.0 bounds: (705,192),(860,194),(860,210),(705,208)
Station 0.0 bounds: (868,195),(911,196),(911,211),(868,210)
