DO NOT
AND DRIVE
NLORE O RC POC ANGLO CII TATIC POLCE
BMM
RAMCO
BUPERGRADE
MCO
CEMLATS
ARAMCO
Engineered er Cenerete
Cngineere er Cenerete
 0.0 bounds: (281,168),(857,168),(857,438),(281,438)
DO 0.0 bounds: (797,171),(817,170),(818,181),(798,182)
NOT 0.0 bounds: (819,169),(833,168),(834,180),(820,181)
AND 0.0 bounds: (812,187),(827,186),(827,194),(812,195)
DRIVE 0.0 bounds: (832,184),(856,183),(857,195),(833,196)
NLORE 0.0 bounds: (283,377),(307,376),(307,384),(283,385)
O 0.0 bounds: (309,377),(312,377),(312,384),(309,384)
RC 0.0 bounds: (319,376),(335,375),(335,382),(319,383)
POC 0.0 bounds: (337,376),(347,376),(347,383),(337,383)
ANGLO 0.0 bounds: (387,374),(406,373),(406,381),(387,382)
CII 0.0 bounds: (411,373),(422,373),(422,380),(411,380)
TATIC 0.0 bounds: (422,375),(436,375),(436,380),(422,380)
POLCE 0.0 bounds: (439,374),(451,374),(451,380),(439,380)
BMM 0.0 bounds: (282,403),(317,402),(317,418),(282,419)
RAMCO 0.0 bounds: (386,403),(444,402),(444,415),(386,416)
BUPERGRADE 0.0 bounds: (391,415),(441,414),(441,420),(391,421)
MCO 0.0 bounds: (636,403),(667,404),(666,415),(636,414)
CEMLATS 0.0 bounds: (281,417),(317,416),(317,423),(281,424)
ARAMCO 0.0 bounds: (717,410),(779,406),(780,419),(718,423)
Engineered 0.0 bounds: (383,426),(411,426),(411,430),(383,430)
er 0.0 bounds: (414,427),(420,427),(420,431),(414,431)
Cenerete 0.0 bounds: (423,426),(446,426),(446,430),(423,430)
Cngineere 0.0 bounds: (706,431),(739,432),(739,437),(706,436)
er 0.0 bounds: (742,432),(750,432),(750,436),(742,436)
Cenerete 0.0 bounds: (753,431),(781,432),(781,438),(753,437)
