దయలర్ో
MEEN
RE4
SEETHA HONE COMPANY
DEALERS IN G
CRAMO SNTSOS
DATS ASST
 0.0 bounds: (24,13),(1023,13),(1023,274),(24,274)
దయలర్ో 0.0 bounds: (58,22),(110,13),(113,29),(61,39)
MEEN 0.0 bounds: (913,163),(1022,160),(1023,181),(914,184)
RE4 0.0 bounds: (952,195),(1021,192),(1022,208),(953,211)
SEETHA 0.0 bounds: (29,203),(77,216),(73,234),(24,221)
HONE 0.0 bounds: (74,215),(113,225),(108,244),(69,234)
COMPANY 0.0 bounds: (117,225),(159,236),(154,255),(112,244)
DEALERS 0.0 bounds: (33,229),(63,235),(61,246),(31,240)
IN 0.0 bounds: (65,236),(72,237),(70,248),(63,247)
G 0.0 bounds: (74,238),(96,242),(94,252),(72,248)
CRAMO 0.0 bounds: (48,244),(69,249),(67,257),(46,253)
SNTSOS 0.0 bounds: (89,253),(146,265),(144,274),(87,262)
DATS 0.0 bounds: (80,242),(113,248),(112,257),(78,251)
ASST 0.0 bounds: (116,249),(138,253),(136,262),(114,258)
