E EEE EE
E E EEE E E
EE F EHI a
E E E EEEE
EE- E E E
EIEEE EL
 0.0 bounds: (772,0),(972,0),(972,193),(772,193)
E 0.0 bounds: (924,37),(929,51),(921,54),(916,40)
EEE 0.0 bounds: (937,73),(951,110),(942,114),(929,76)
EE 0.0 bounds: (959,128),(972,164),(962,167),(949,132)
E 0.0 bounds: (897,0),(913,44),(903,48),(888,3)
E 0.0 bounds: (915,51),(918,59),(908,62),(906,54)
EEE 0.0 bounds: (921,69),(935,110),(927,113),(913,72)
E 0.0 bounds: (948,145),(952,157),(943,161),(939,148)
E 0.0 bounds: (951,170),(955,181),(950,183),(946,172)
EE 0.0 bounds: (835,16),(848,56),(836,60),(824,20)
F 0.0 bounds: (851,67),(853,75),(842,78),(840,71)
EHI 0.0 bounds: (870,126),(880,157),(868,161),(858,130)
a 0.0 bounds: (888,182),(890,188),(878,191),(877,186)
E 0.0 bounds: (821,29),(834,72),(824,75),(811,32)
E 0.0 bounds: (836,76),(840,87),(829,91),(826,79)
E 0.0 bounds: (841,93),(843,101),(833,104),(831,96)
EEEE 0.0 bounds: (852,123),(873,190),(862,193),(842,126)
EE- 0.0 bounds: (805,31),(824,88),(814,91),(795,35)
E 0.0 bounds: (826,94),(828,100),(817,103),(816,98)
E 0.0 bounds: (836,122),(839,130),(828,133),(826,126)
E 0.0 bounds: (839,133),(841,139),(830,142),(829,137)
EIEEE 0.0 bounds: (788,43),(812,126),(797,130),(773,48)
EL 0.0 bounds: (822,157),(827,174),(812,179),(807,162)
