86AR
BMTC
Stop
SOUND U K HORN
KA50
2341
 0.0 bounds: (180,89),(1008,89),(1008,511),(180,511)
86AR 0.0 bounds: (962,93),(1007,89),(1008,105),(963,109)
BMTC 0.0 bounds: (660,302),(694,293),(696,300),(662,309)
Stop 0.0 bounds: (180,498),(199,495),(201,508),(182,511)
SOUND 0.0 bounds: (219,488),(242,483),(245,494),(222,500)
U 0.0 bounds: (246,478),(258,475),(261,489),(249,492)
K 0.0 bounds: (276,471),(292,467),(295,482),(279,486)
HORN 0.0 bounds: (298,468),(326,461),(329,475),(301,482)
KA50 0.0 bounds: (345,454),(368,450),(370,459),(347,464)
2341 0.0 bounds: (344,467),(371,460),(374,470),(347,478)
