r t Or R
Sces e eag
Boox MY B
CME A
AKMI
 0.0 bounds: (320,179),(1002,179),(1002,397),(320,397)
r 0.0 bounds: (914,197),(944,190),(946,197),(916,205)
t 0.0 bounds: (949,192),(956,190),(957,195),(950,197)
Or 0.0 bounds: (959,186),(980,181),(982,190),(961,195)
R 0.0 bounds: (986,180),(991,179),(993,188),(988,189)
Sces 0.0 bounds: (919,207),(938,203),(940,213),(921,217)
e 0.0 bounds: (940,202),(953,199),(955,209),(942,212)
eag 0.0 bounds: (961,200),(1000,191),(1002,198),(963,207)
Boox 0.0 bounds: (320,388),(342,387),(342,396),(320,397)
MY 0.0 bounds: (344,389),(354,388),(354,393),(344,394)
B 0.0 bounds: (356,386),(361,386),(361,395),(356,395)
CME 0.0 bounds: (878,285),(907,279),(909,288),(880,295)
A 0.0 bounds: (910,278),(917,277),(919,285),(912,287)
AKMI 0.0 bounds: (870,291),(897,284),(898,289),(871,296)
