ousst oloss Dom
E office
దోమ్మెలూరు
1 DOMLUR
అనిబి చ్చెక్తి
TRINITY CIRCLE
So5. do
MYSORE ROAD
KEMPEGOWDA BUS STAND
చం.జి. రెస్లి
P M.G. ROAD
K.R. PURAM
K.R. MARKET
BASSY PRISTINE
ULSOOR
PREMIUM WEBSITES FOR
535422200
 0.0 bounds: (3,400),(928,400),(928,585),(3,585)
ousst 0.0 bounds: (465,400),(492,401),(491,413),(464,412)
oloss 0.0 bounds: (496,401),(530,403),(529,415),(495,413)
Dom 0.0 bounds: (540,404),(556,405),(555,417),(539,416)
E 0.0 bounds: (488,420),(494,420),(494,431),(488,431)
office 0.0 bounds: (496,420),(520,421),(519,433),(495,432)
దోమ్మెలూరు 0.0 bounds: (474,453),(574,455),(574,467),(474,465)
1 0.0 bounds: (460,464),(474,465),(473,478),(459,477)
DOMLUR 0.0 bounds: (473,464),(548,467),(547,479),(472,476)
అనిబి 0.0 bounds: (472,485),(515,486),(515,496),(472,495)
చ్చెక్తి 0.0 bounds: (527,485),(559,485),(559,496),(527,496)
TRINITY 0.0 bounds: (472,496),(522,497),(522,507),(472,506)
CIRCLE 0.0 bounds: (530,496),(574,497),(574,509),(530,508)
So5. 0.0 bounds: (324,450),(393,452),(393,464),(324,462)
do 0.0 bounds: (408,454),(419,454),(419,462),(408,462)
MYSORE 0.0 bounds: (646,467),(693,468),(693,484),(646,483)
ROAD 0.0 bounds: (697,468),(732,469),(732,481),(697,480)
KEMPEGOWDA 0.0 bounds: (781,474),(860,476),(860,484),(781,482)
BUS 0.0 bounds: (865,473),(888,473),(888,485),(865,485)
STAND 0.0 bounds: (890,473),(928,474),(928,487),(890,486)
చం.జి. 0.0 bounds: (783,490),(822,490),(822,498),(783,498)
రెస్లి 0.0 bounds: (829,489),(851,489),(851,501),(829,501)
P 0.0 bounds: (775,501),(783,501),(783,513),(775,513)
M.G. 0.0 bounds: (784,504),(807,504),(807,512),(784,512)
ROAD 0.0 bounds: (813,501),(847,501),(847,513),(813,513)
K.R. 0.0 bounds: (323,467),(351,467),(351,475),(323,475)
PURAM 0.0 bounds: (358,467),(411,467),(411,476),(358,476)
K.R. 0.0 bounds: (648,498),(673,498),(673,508),(648,508)
MARKET 0.0 bounds: (678,501),(733,502),(733,511),(678,510)
BASSY 0.0 bounds: (3,487),(38,488),(38,501),(3,500)
PRISTINE 0.0 bounds: (42,489),(98,490),(98,499),(42,498)
ULSOOR 0.0 bounds: (320,497),(388,497),(388,505),(320,505)
PREMIUM 0.0 bounds: (163,519),(226,526),(224,544),(161,537)
WEBSITES 0.0 bounds: (229,525),(289,531),(287,550),(227,544)
FOR 0.0 bounds: (291,532),(311,534),(309,552),(289,550)
535422200 0.0 bounds: (182,562),(310,571),(309,584),(181,575)
