audisch
Oaudio
HERTZ
GOOD YE
UBER
ATTERYE
CALABIANY
GAC Enterprise
EXIDE
 0.0 bounds: (2,81),(981,81),(981,480),(2,480)
audisch 0.0 bounds: (50,81),(125,109),(117,131),(42,103)
Oaudio 0.0 bounds: (8,116),(135,154),(129,174),(2,136)
HERTZ 0.0 bounds: (26,273),(133,295),(129,311),(23,290)
GOOD 0.0 bounds: (912,400),(956,400),(956,413),(912,413)
YE 0.0 bounds: (964,400),(981,400),(981,413),(964,413)
UBER 0.0 bounds: (722,403),(745,401),(746,409),(723,411)
ATTERYE 0.0 bounds: (484,428),(545,431),(544,444),(483,441)
CALABIANY 0.0 bounds: (598,454),(628,454),(628,456),(598,456)
GAC 0.0 bounds: (504,447),(538,448),(538,455),(504,454)
Enterprise 0.0 bounds: (540,448),(570,449),(570,456),(540,455)
EXIDE 0.0 bounds: (561,475),(579,475),(579,480),(561,480)
