అండా జనరేలో
KSHMI
GENERAL STORES
SRICO ARBWARE & PLYWOOD
CY & GENERAL STORES
Ope AdiobsConr k Beng 02
MARVTI
2, Msien Kallnga
SRI
HARDWARE & PLYWOOD
REDICALS &
 0.0 bounds: (0,171),(458,171),(458,473),(0,473)
అండా 0.0 bounds: (4,171),(41,179),(37,198),(0,191)
జనరేలో 0.0 bounds: (48,181),(109,193),(105,212),(44,200)
KSHMI 0.0 bounds: (8,188),(118,213),(110,247),(0,222)
GENERAL 0.0 bounds: (10,222),(102,238),(97,261),(6,245)
STORES 0.0 bounds: (105,239),(170,251),(166,274),(101,263)
SRICO 0.0 bounds: (188,266),(230,273),(228,285),(186,279)
ARBWARE 0.0 bounds: (257,278),(298,284),(296,297),(255,291)
& 0.0 bounds: (302,284),(307,285),(305,298),(300,297)
PLYWOOD 0.0 bounds: (309,285),(344,290),(341,304),(307,299)
CY 0.0 bounds: (3,246),(22,249),(20,260),(1,257)
& 0.0 bounds: (24,249),(31,250),(29,261),(22,260)
GENERAL 0.0 bounds: (39,253),(87,261),(85,272),(37,264)
STORES 0.0 bounds: (91,261),(122,266),(120,277),(89,272)
Ope 0.0 bounds: (1,260),(12,262),(11,268),(0,267)
AdiobsConr 0.0 bounds: (16,262),(58,268),(57,275),(15,269)
k 0.0 bounds: (72,271),(74,271),(73,277),(71,277)
Beng 0.0 bounds: (78,271),(93,273),(92,280),(77,278)
02 0.0 bounds: (108,278),(122,280),(121,283),(108,281)
MARVTI 0.0 bounds: (394,312),(458,324),(454,345),(390,334)
2, 0.0 bounds: (207,291),(226,293),(225,300),(206,298)
Msien 0.0 bounds: (228,293),(246,295),(245,302),(227,300)
Kallnga 0.0 bounds: (263,298),(277,300),(276,307),(262,305)
SRI 0.0 bounds: (117,327),(141,327),(141,341),(117,341)
HARDWARE 0.0 bounds: (193,332),(244,336),(243,349),(192,345)
& 0.0 bounds: (249,337),(255,337),(254,349),(248,349)
PLYWOOD 0.0 bounds: (257,337),(296,340),(295,353),(256,350)
REDICALS 0.0 bounds: (3,462),(32,462),(32,473),(3,473)
& 0.0 bounds: (34,462),(38,462),(38,473),(34,473)
