9160 40931111
SAND ACRES
PEN SPACES.
A
hin
TAA
 0.0 bounds: (7,285),(585,285),(585,397),(7,397)
9160 0.0 bounds: (254,285),(274,286),(274,292),(254,291)
40931111 0.0 bounds: (276,286),(305,287),(305,293),(276,292)
SAND 0.0 bounds: (534,308),(558,308),(558,313),(534,313)
ACRES 0.0 bounds: (561,308),(585,308),(585,313),(561,313)
PEN 0.0 bounds: (529,314),(547,314),(547,323),(529,323)
SPACES. 0.0 bounds: (551,314),(585,314),(585,322),(551,322)
A 0.0 bounds: (537,336),(584,336),(584,343),(537,343)
hin 0.0 bounds: (7,356),(36,355),(36,364),(7,365)
TAA 0.0 bounds: (312,393),(329,393),(329,397),(312,397)
