RAINBOW ADVERTISING
22244319/42110055
Contact
sale
150
TONCELLI MERI
SALE 50
SALE 0
BARGAINS
ROCK BAND
3G
Rs198
3G
 0.0 bounds: (172,83),(1025,83),(1025,554),(172,554)
RAINBOW 0.0 bounds: (432,132),(522,113),(528,143),(438,161)
ADVERTISING 0.0 bounds: (524,113),(669,83),(675,111),(530,141)
22244319/42110055 0.0 bounds: (430,164),(664,115),(670,144),(436,193)
Contact 0.0 bounds: (455,101),(527,86),(530,105),(459,120)
sale 0.0 bounds: (274,167),(308,170),(306,186),(273,183)
150 0.0 bounds: (273,184),(307,186),(306,203),(272,201)
TONCELLI 0.0 bounds: (924,251),(985,273),(980,287),(919,264)
MERI 0.0 bounds: (1001,281),(1025,290),(1021,303),(996,294)
SALE 0.0 bounds: (175,255),(246,263),(243,287),(172,279)
50 0.0 bounds: (269,262),(304,266),(300,297),(266,293)
SALE 0.0 bounds: (848,374),(920,388),(913,423),(841,408)
0 0.0 bounds: (924,394),(937,397),(932,420),(919,418)
BARGAINS 0.0 bounds: (290,397),(330,389),(333,404),(293,412)
ROCK 0.0 bounds: (357,459),(384,459),(384,476),(357,476)
BAND 0.0 bounds: (389,460),(418,460),(418,474),(389,474)
3G 0.0 bounds: (668,470),(688,470),(688,479),(668,479)
Rs198 0.0 bounds: (289,497),(308,497),(308,506),(289,506)
3G 0.0 bounds: (621,543),(644,543),(644,554),(621,554)
