lore-52
2225 8294.
అ బా నెంట వి
BREAK
ABAB CENTRE
B-TRAC
PG
GENTS
PG
TAIG
PGE PG PG
PG PG
PG PG
TAKE A BREY
VEG A NONVEC
PG
GENTS
PG PG
LADIES
PG PG
 0.0 bounds: (0,-1),(770,-1),(770,594),(0,594)
lore-52 0.0 bounds: (433,0),(521,16),(517,41),(428,25)
2225 0.0 bounds: (298,-1),(371,19),(365,41),(292,21)
8294. 0.0 bounds: (381,22),(456,42),(450,65),(375,44)
అ 0.0 bounds: (4,65),(16,67),(13,83),(1,81)
బా 0.0 bounds: (62,74),(78,77),(74,97),(58,95)
నెంట 0.0 bounds: (93,83),(130,90),(128,105),(90,99)
వి 0.0 bounds: (141,94),(163,98),(160,111),(139,107)
BREAK 0.0 bounds: (22,107),(116,123),(111,148),(18,132)
ABAB 0.0 bounds: (5,140),(80,152),(75,183),(0,171)
CENTRE 0.0 bounds: (87,154),(189,171),(184,196),(83,179)
B-TRAC 0.0 bounds: (198,347),(302,354),(300,376),(197,369)
PG 0.0 bounds: (464,455),(484,455),(484,469),(464,469)
GENTS 0.0 bounds: (465,467),(487,468),(487,477),(465,476)
PG 0.0 bounds: (507,456),(525,456),(525,468),(507,468)
TAIG 0.0 bounds: (85,453),(110,453),(110,462),(85,462)
PGE 0.0 bounds: (538,480),(575,482),(574,495),(537,493)
PG 0.0 bounds: (577,482),(592,483),(591,497),(576,496)
PG 0.0 bounds: (595,484),(618,486),(617,498),(594,497)
PG 0.0 bounds: (393,481),(410,479),(411,495),(395,497)
PG 0.0 bounds: (422,478),(451,475),(452,491),(424,494)
PG 0.0 bounds: (465,507),(484,508),(483,526),(464,525)
PG 0.0 bounds: (497,508),(516,509),(515,527),(496,526)
TAKE 0.0 bounds: (727,535),(740,535),(740,539),(727,539)
A 0.0 bounds: (742,536),(747,536),(747,539),(742,539)
BREY 0.0 bounds: (751,534),(769,534),(769,540),(751,540)
VEG 0.0 bounds: (723,541),(735,541),(735,546),(723,546)
A 0.0 bounds: (738,542),(741,542),(741,546),(738,546)
NONVEC 0.0 bounds: (745,542),(770,542),(770,548),(745,548)
PG 0.0 bounds: (554,536),(573,536),(573,545),(554,545)
GENTS 0.0 bounds: (551,549),(573,549),(573,557),(551,557)
PG 0.0 bounds: (458,561),(481,560),(481,574),(458,575)
PG 0.0 bounds: (492,558),(514,557),(515,573),(493,574)
LADIES 0.0 bounds: (458,573),(480,573),(480,578),(458,578)
PG 0.0 bounds: (545,581),(562,581),(562,594),(545,594)
PG 0.0 bounds: (569,581),(585,581),(585,594),(569,594)
