SHANTHI
EDICALS
Coca-Cola
SENERAL SUPPLES
ECNES AALARE
DICALS&GENERAL SUPPLIE
KAMAT HOTEL
PLASAS
కారకి
మేరికల్లో
 0.0 bounds: (0,66),(459,66),(459,414),(0,414)
SHANTHI 0.0 bounds: (17,81),(56,73),(60,90),(20,98)
EDICALS 0.0 bounds: (24,97),(61,89),(65,106),(28,114)
Coca-Cola 0.0 bounds: (409,69),(429,66),(430,73),(410,76)
SENERAL 0.0 bounds: (22,131),(41,126),(44,136),(24,141)
SUPPLES 0.0 bounds: (44,125),(63,120),(66,131),(47,136)
ECNES 0.0 bounds: (24,147),(44,143),(46,154),(27,159)
AALARE 0.0 bounds: (46,142),(66,138),(68,149),(49,154)
DICALS&GENERAL 0.0 bounds: (4,242),(91,259),(87,280),(0,264)
SUPPLIE 0.0 bounds: (94,259),(128,266),(124,287),(90,281)
KAMAT 0.0 bounds: (416,210),(438,208),(439,218),(417,220)
HOTEL 0.0 bounds: (441,209),(458,207),(459,216),(442,218)
PLASAS 0.0 bounds: (179,332),(204,332),(204,344),(179,344)
కారకి 0.0 bounds: (88,396),(123,393),(124,402),(89,405)
మేరికల్లో 0.0 bounds: (76,404),(126,401),(127,411),(77,414)
