RESOLVE LEGAL
IRELLI
CHMOND ROADlLANGEORD ROOAD
CAR TRENDZ'
tinar
 0.0 bounds: (10,51),(874,51),(874,315),(10,315)
RESOLVE 0.0 bounds: (144,51),(206,74),(200,90),(138,67)
LEGAL 0.0 bounds: (210,75),(249,89),(243,105),(204,91)
IRELLI 0.0 bounds: (326,242),(379,234),(381,246),(328,254)
CHMOND 0.0 bounds: (765,282),(794,279),(795,286),(766,289)
ROADlLANGEORD 0.0 bounds: (796,277),(854,270),(855,279),(797,286)
ROOAD 0.0 bounds: (855,271),(873,269),(874,277),(856,279)
CAR 0.0 bounds: (13,244),(134,253),(131,294),(10,286)
TRENDZ' 0.0 bounds: (156,251),(328,263),(325,304),(153,292)
tinar 0.0 bounds: (574,306),(593,307),(592,315),(573,314)
