HOW CAN A
BUSINESS PARK
BE BUILT
18 MONTHS
EARLIER?
ori om
KEF INFRA ONE
WHERE BUILDINGS ARE
HANUFARED OFFSITE
 0.0 bounds: (838,59),(1007,59),(1007,379),(838,379)
HOW 0.0 bounds: (901,97),(933,82),(937,91),(905,106)
CAN 0.0 bounds: (937,76),(963,64),(970,79),(944,91)
A 0.0 bounds: (971,62),(977,59),(984,74),(978,77)
BUSINESS 0.0 bounds: (883,120),(938,96),(942,106),(887,130)
PARK 0.0 bounds: (941,95),(979,78),(984,88),(945,105)
BE 0.0 bounds: (921,119),(938,112),(942,123),(926,130)
BUILT 0.0 bounds: (940,110),(981,93),(986,106),(945,123)
18 0.0 bounds: (909,142),(919,138),(923,147),(913,151)
MONTHS 0.0 bounds: (922,133),(976,111),(982,125),(928,148)
EARLIER? 0.0 bounds: (908,154),(980,126),(986,143),(915,171)
ori 0.0 bounds: (959,195),(987,186),(989,193),(961,202)
om 0.0 bounds: (1001,182),(1005,181),(1007,188),(1003,189)
KEF 0.0 bounds: (838,334),(858,331),(859,343),(840,346)
INFRA 0.0 bounds: (862,334),(892,330),(893,338),(863,342)
ONE 0.0 bounds: (896,329),(920,326),(921,336),(897,339)
WHERE 0.0 bounds: (841,349),(879,344),(880,358),(843,363)
BUILDINGS 0.0 bounds: (881,344),(939,337),(940,351),(883,358)
ARE 0.0 bounds: (942,336),(962,333),(964,348),(944,351)
HANUFARED 0.0 bounds: (838,363),(923,355),(924,371),(840,379)
OFFSITE 0.0 bounds: (928,355),(973,351),(974,367),(930,371)
