husphreme
CANTED COLORS OF BENETTON
STARBUCKS COFFEE
STARBUCKS COFFEE
LaRa
TH Celte
NAGAZINES
tre SONY
a lan
I PORT
 0.0 bounds: (78,16),(812,16),(812,470),(78,470)
husphreme 0.0 bounds: (346,192),(426,197),(425,211),(345,206)
CANTED 0.0 bounds: (610,153),(650,123),(667,146),(627,176)
COLORS 0.0 bounds: (651,122),(691,92),(708,116),(668,145)
OF 0.0 bounds: (693,92),(714,77),(730,98),(709,114)
BENETTON 0.0 bounds: (715,75),(795,16),(812,40),(732,98)
STARBUCKS 0.0 bounds: (520,249),(561,223),(571,237),(529,263)
COFFEE 0.0 bounds: (565,223),(597,203),(606,216),(574,237)
STARBUCKS 0.0 bounds: (368,281),(449,282),(449,290),(368,289)
COFFEE 0.0 bounds: (455,282),(503,283),(503,291),(455,290)
LaRa 0.0 bounds: (79,328),(121,331),(120,345),(78,342)
TH 0.0 bounds: (361,321),(380,321),(380,330),(361,330)
Celte 0.0 bounds: (394,321),(415,321),(415,331),(394,331)
NAGAZINES 0.0 bounds: (378,376),(476,374),(476,392),(378,394)
tre 0.0 bounds: (606,403),(623,404),(622,415),(605,414)
SONY 0.0 bounds: (625,404),(638,405),(637,416),(624,415)
a 0.0 bounds: (673,412),(677,412),(676,424),(672,424)
lan 0.0 bounds: (679,413),(688,414),(687,425),(678,425)
I 0.0 bounds: (646,460),(652,460),(652,470),(646,470)
PORT 0.0 bounds: (698,460),(715,460),(715,470),(698,470)
