APPLICATIONS
Internet
OSBI
Photo Print
Alive
India
SURESH ARTS vees
GYOSHAL
FITY
GRACE GRACE
PG PG
WANTED
LADIES
855195182
 0.0 bounds: (51,-8),(652,-8),(652,399),(51,399)
APPLICATIONS 0.0 bounds: (82,-8),(185,71),(170,90),(67,11)
Internet 0.0 bounds: (83,23),(121,50),(116,58),(78,30)
OSBI 0.0 bounds: (626,207),(647,212),(645,222),(624,217)
Photo 0.0 bounds: (80,55),(104,70),(96,81),(73,66)
Print 0.0 bounds: (106,72),(121,82),(115,92),(99,82)
Alive 0.0 bounds: (489,183),(520,187),(518,199),(487,195)
India 0.0 bounds: (488,194),(520,202),(518,211),(486,204)
SURESH 0.0 bounds: (56,173),(95,191),(90,201),(51,183)
ARTS 0.0 bounds: (99,194),(120,204),(115,213),(95,203)
vees 0.0 bounds: (122,210),(145,221),(144,225),(120,214)
GYOSHAL 0.0 bounds: (564,345),(652,357),(649,378),(561,366)
FITY 0.0 bounds: (604,389),(622,390),(621,399),(603,398)
GRACE 0.0 bounds: (114,289),(139,297),(136,305),(112,297)
GRACE 0.0 bounds: (150,302),(172,309),(169,317),(148,310)
PG 0.0 bounds: (113,300),(142,308),(137,327),(108,319)
PG 0.0 bounds: (155,309),(171,313),(166,336),(149,331)
WANTED 0.0 bounds: (194,324),(232,332),(230,342),(192,335)
LADIES 0.0 bounds: (141,332),(171,338),(170,345),(140,339)
855195182 0.0 bounds: (192,356),(229,362),(227,373),(190,368)
