SBL
AVAGNALAKS
Sound o
K Horn.
407
StoP sd
 0.0 bounds: (518,366),(725,366),(725,503),(518,503)
SBL 0.0 bounds: (551,366),(600,368),(599,392),(550,390)
AVAGNALAKS 0.0 bounds: (677,383),(720,384),(720,390),(677,389)
Sound 0.0 bounds: (546,427),(590,430),(589,443),(545,440)
o 0.0 bounds: (599,434),(609,435),(608,445),(598,444)
K 0.0 bounds: (674,436),(683,436),(682,451),(673,451)
Horn. 0.0 bounds: (681,437),(725,439),(724,452),(680,450)
407 0.0 bounds: (613,474),(652,475),(652,488),(613,487)
StoP 0.0 bounds: (519,484),(558,488),(556,500),(518,496)
sd 0.0 bounds: (562,488),(577,490),(576,503),(561,501)
