ERS
Ietroducig
Extecutive Meld
Cer
Hot &
Chu
Cinese
Delcacis
 0.0 bounds: (744,315),(883,315),(883,531),(744,531)
ERS 0.0 bounds: (866,315),(883,315),(883,322),(866,322)
Ietroducig 0.0 bounds: (752,369),(790,371),(789,384),(751,382)
Extecutive 0.0 bounds: (744,389),(774,388),(774,400),(744,401)
Meld 0.0 bounds: (778,388),(792,387),(792,399),(778,400)
Cer 0.0 bounds: (748,412),(767,412),(767,418),(748,418)
Hot 0.0 bounds: (776,446),(789,447),(789,458),(776,457)
& 0.0 bounds: (791,447),(793,447),(793,458),(791,458)
Chu 0.0 bounds: (785,461),(798,462),(797,474),(784,473)
Cinese 0.0 bounds: (784,500),(803,504),(800,515),(782,511)
Delcacis 0.0 bounds: (776,513),(810,520),(808,531),(774,524)
