MARSHAL ADS
9886355299
9986469899
s.com/in
HE
Raymona
COTTAGE
SHOP
NAVRATHAN
ORIUM
 0.0 bounds: (10,29),(875,29),(875,172),(10,172)
MARSHAL 0.0 bounds: (764,40),(832,34),(833,48),(765,54)
ADS 0.0 bounds: (839,32),(867,29),(868,43),(840,46)
9886355299 0.0 bounds: (758,61),(871,50),(873,68),(760,79)
9986469899 0.0 bounds: (751,80),(872,68),(875,90),(753,102)
s.com/in 0.0 bounds: (219,43),(288,41),(289,61),(220,63)
HE 0.0 bounds: (339,63),(370,71),(366,87),(335,80)
Raymona 0.0 bounds: (333,79),(440,105),(430,146),(323,120)
COTTAGE 0.0 bounds: (14,111),(85,124),(81,145),(10,133)
SHOP 0.0 bounds: (394,133),(432,140),(429,159),(391,152)
NAVRATHAN 0.0 bounds: (106,149),(170,139),(172,151),(108,161)
ORIUM 0.0 bounds: (223,153),(263,159),(261,172),(221,166)
