ECTURAL
MERCIAL
USTRIAL
SCAPE
RETail
q Solurions
s of
alperade e
TERISEH
 0.0 bounds: (-1,89),(490,89),(490,340),(-1,340)
ECTURAL 0.0 bounds: (3,89),(40,99),(36,111),(0,101)
MERCIAL 0.0 bounds: (4,111),(37,119),(32,137),(0,128)
USTRIAL 0.0 bounds: (3,139),(33,145),(30,163),(-1,157)
SCAPE 0.0 bounds: (10,167),(40,173),(36,192),(6,186)
RETail 0.0 bounds: (2,196),(28,198),(26,217),(0,215)
q 0.0 bounds: (7,227),(16,228),(14,247),(5,246)
Solurions 0.0 bounds: (18,228),(60,232),(58,251),(16,247)
s 0.0 bounds: (458,265),(463,265),(463,274),(458,274)
of 0.0 bounds: (465,264),(469,264),(469,273),(465,273)
alperade 0.0 bounds: (446,297),(473,296),(473,306),(446,307)
e 0.0 bounds: (475,296),(490,295),(490,304),(475,305)
TERISEH 0.0 bounds: (448,328),(475,327),(475,339),(448,340)
