ILKS
AXMI
SILK
GEM GIFTBAHANINCRAFIS
GEM
Vasthu
& Gifts
SAREES
e ee e
GEM
త్రి నిల్
Gayathri Sillks
WHOLESALE SAREES
1st FLOOR
 0.0 bounds: (0,-2),(846,-2),(846,237),(0,237)
ILKS 0.0 bounds: (5,13),(53,18),(48,62),(0,57)
AXMI 0.0 bounds: (158,-2),(226,11),(219,49),(151,36)
SILK 0.0 bounds: (107,25),(185,42),(181,61),(103,45)
GEM 0.0 bounds: (532,54),(569,67),(561,90),(524,77)
GIFTBAHANINCRAFIS 0.0 bounds: (571,68),(670,104),(662,126),(563,91)
GEM 0.0 bounds: (797,81),(845,75),(846,88),(799,94)
Vasthu 0.0 bounds: (799,96),(843,92),(844,101),(800,105)
& 0.0 bounds: (809,107),(816,106),(817,117),(810,118)
Gifts 0.0 bounds: (818,106),(844,103),(845,114),(819,117)
SAREES 0.0 bounds: (74,65),(215,91),(210,114),(70,88)
e 0.0 bounds: (691,95),(704,100),(698,115),(685,110)
ee 0.0 bounds: (714,103),(735,111),(729,127),(708,119)
e 0.0 bounds: (738,113),(745,116),(739,130),(732,128)
GEM 0.0 bounds: (699,119),(771,140),(763,167),(691,146)
త్రి 0.0 bounds: (383,168),(411,164),(414,185),(386,190)
నిల్ 0.0 bounds: (412,164),(439,160),(442,182),(415,186)
Gayathri 0.0 bounds: (349,201),(413,190),(416,207),(352,219)
Sillks 0.0 bounds: (417,190),(451,184),(454,201),(420,207)
WHOLESALE 0.0 bounds: (356,223),(396,218),(397,225),(357,230)
SAREES 0.0 bounds: (399,217),(426,214),(427,221),(400,225)
1st 0.0 bounds: (373,232),(381,231),(382,236),(374,237)
FLOOR 0.0 bounds: (384,229),(407,226),(408,233),(385,236)
