Accepted Here
REVOLI LODGE
(24 HOUR SERVICES
REVO
 0.0 bounds: (311,418),(939,418),(939,716),(311,716)
Accepted 0.0 bounds: (858,424),(908,420),(908,428),(859,432)
Here 0.0 bounds: (913,420),(938,418),(938,425),(914,427)
REVOLI 0.0 bounds: (311,498),(386,489),(390,515),(314,525)
LODGE 0.0 bounds: (395,488),(483,477),(487,503),(398,514)
(24 0.0 bounds: (349,521),(353,521),(354,527),(350,527)
HOUR 0.0 bounds: (356,520),(370,519),(371,526),(357,527)
SERVICES 0.0 bounds: (373,518),(399,516),(400,524),(374,526)
REVO 0.0 bounds: (367,577),(358,716),(334,714),(343,575)
