Balaji's TA.PManor
మొట ఫనాన్నా
Muthoot Fhance
Andhva Bak
VISHAL
foese
 0.0 bounds: (7,196),(553,196),(553,513),(7,513)
Balaji's 0.0 bounds: (38,219),(75,211),(79,226),(42,235)
TA.PManor 0.0 bounds: (76,210),(139,196),(143,210),(79,225)
మొట 0.0 bounds: (27,369),(67,362),(69,372),(29,379)
ఫనాన్నా 0.0 bounds: (71,361),(102,356),(103,366),(73,372)
Muthoot 0.0 bounds: (28,382),(59,375),(61,385),(30,392)
Fhance 0.0 bounds: (62,375),(91,369),(93,377),(64,384)
Andhva 0.0 bounds: (95,421),(117,417),(118,425),(96,429)
Bak 0.0 bounds: (119,417),(139,414),(140,420),(120,424)
VISHAL 0.0 bounds: (520,330),(545,317),(553,333),(528,346)
foese 0.0 bounds: (39,512),(9,514),(9,507),(38,505)
