Oboron
Kae de s
NO PARKING ERE
ONLY PASSE
 0.0 bounds: (73,218),(406,218),(406,487),(73,487)
Oboron 0.0 bounds: (82,218),(205,225),(204,249),(81,242)
Kae 0.0 bounds: (74,337),(123,340),(122,359),(73,356)
de 0.0 bounds: (125,340),(150,341),(149,360),(124,359)
s 0.0 bounds: (152,341),(157,341),(156,360),(151,360)
NO 0.0 bounds: (343,459),(356,460),(355,469),(342,468)
PARKING 0.0 bounds: (358,460),(390,463),(389,473),(357,470)
ERE 0.0 bounds: (394,464),(406,465),(405,474),(393,473)
ONLY 0.0 bounds: (342,472),(361,474),(360,483),(341,482)
PASSE 0.0 bounds: (365,474),(400,477),(399,487),(364,484)
