Residency Ron
25588331/391
CO ger
2206563/39
oramangala :
MTRA
25633136/137
Mller R
2237123S/44
MEDICINE DELIVERY
1 HOUR
FA
20%
996-252 20001 DOWNLOAD APP
Temperial
Imperial
KA
 0.0 bounds: (185,246),(1010,246),(1010,546),(185,546)
Residency 0.0 bounds: (844,250),(886,248),(886,257),(844,259)
Ron 0.0 bounds: (890,249),(907,248),(907,254),(890,255)
25588331/391 0.0 bounds: (846,259),(908,258),(908,266),(846,267)
CO 0.0 bounds: (846,265),(860,266),(860,273),(846,272)
ger 0.0 bounds: (894,267),(907,267),(907,274),(894,274)
2206563/39 0.0 bounds: (849,274),(906,273),(906,279),(849,280)
oramangala 0.0 bounds: (937,247),(997,246),(997,255),(937,256)
: 0.0 bounds: (1001,248),(1002,248),(1002,252),(1001,252)
MTRA 0.0 bounds: (273,269),(330,265),(331,281),(274,285)
25633136/137 0.0 bounds: (937,258),(1001,256),(1001,265),(937,267)
Mller 0.0 bounds: (943,265),(970,265),(970,272),(943,272)
R 0.0 bounds: (973,266),(977,266),(977,270),(973,270)
2237123S/44 0.0 bounds: (940,273),(999,271),(999,276),(940,278)
MEDICINE 0.0 bounds: (185,303),(269,299),(270,315),(186,319)
DELIVERY 0.0 bounds: (274,298),(359,294),(360,312),(275,316)
1 0.0 bounds: (256,316),(266,316),(266,333),(257,333)
HOUR 0.0 bounds: (267,317),(312,316),(312,331),(267,332)
FA 0.0 bounds: (342,355),(367,355),(367,364),(342,364)
20% 0.0 bounds: (342,363),(369,362),(369,376),(342,377)
996-252 0.0 bounds: (204,407),(244,407),(244,420),(204,420)
20001 0.0 bounds: (246,406),(276,406),(276,420),(246,420)
DOWNLOAD 0.0 bounds: (278,406),(337,405),(337,419),(278,420)
APP 0.0 bounds: (341,405),(360,405),(360,419),(341,419)
Temperial 0.0 bounds: (844,391),(919,391),(919,407),(844,407)
Imperial 0.0 bounds: (946,388),(1009,384),(1010,403),(947,407)
KA 0.0 bounds: (387,523),(419,524),(419,546),(387,545)
