Meenakshi
Gold Cocerin eecilery
త్రిమేల బ్యూయలరీ రాానా
® SRI Kamala
Larmi Ch
JEWELLERY HOUSE
V. ANANTHAPADMANABHAIAH & SON
JEWELLERS
CHANSBRACELE
FLOOR
RANGANATHA MAN
KASD.6442
MAN
 0.0 bounds: (51,120),(1023,120),(1023,739),(51,739)
Meenakshi 0.0 bounds: (362,120),(467,136),(464,156),(359,140)
Gold 0.0 bounds: (348,141),(376,145),(374,155),(347,151)
Cocerin 0.0 bounds: (383,144),(426,150),(424,164),(381,158)
eecilery 0.0 bounds: (443,153),(492,160),(490,174),(441,167)
త్రిమేల 0.0 bounds: (514,161),(592,170),(590,191),(512,182)
బ్యూయలరీ 0.0 bounds: (599,171),(664,179),(661,200),(596,193)
రాానా 0.0 bounds: (670,179),(718,185),(716,202),(668,197)
® 0.0 bounds: (526,187),(543,189),(540,219),(523,217)
SRI 0.0 bounds: (538,195),(571,198),(569,218),(536,215)
Kamala 0.0 bounds: (576,192),(714,206),(712,233),(573,219)
Larmi 0.0 bounds: (950,233),(997,237),(995,259),(948,255)
Ch 0.0 bounds: (1002,239),(1023,241),(1021,261),(1000,259)
JEWELLERY 0.0 bounds: (570,225),(658,233),(656,250),(568,242)
HOUSE 0.0 bounds: (666,235),(719,240),(717,255),(665,250)
V. 0.0 bounds: (772,244),(787,245),(785,262),(770,261)
ANANTHAPADMANABHAIAH 0.0 bounds: (789,245),(903,256),(902,274),(787,263)
& 0.0 bounds: (905,257),(912,258),(910,275),(903,274)
SON 0.0 bounds: (914,257),(930,259),(928,276),(912,275)
JEWELLERS 0.0 bounds: (817,268),(891,274),(890,285),(816,279)
CHANSBRACELE 0.0 bounds: (957,254),(1022,259),(1021,266),(956,261)
FLOOR 0.0 bounds: (988,266),(1012,267),(1012,274),(988,273)
RANGANATHA 0.0 bounds: (942,284),(999,288),(998,298),(941,294)
MAN 0.0 bounds: (1005,290),(1023,291),(1022,299),(1004,298)
KASD.6442 0.0 bounds: (51,454),(130,453),(130,464),(51,465)
MAN 0.0 bounds: (786,715),(829,720),(826,739),(784,734)
