weullections
SAREES
ప్పంగా పట్టణ్ో
Wedding
Collections
Peet
SI MATCHING CENTRE
PRICHE
ANGADI
PRAGATHI SILK & SAR
SURGA &SONS
ARAJ
Pure Jai
Kanjeevaram
Sarees
PANCHE
ANGADI
 0.0 bounds: (1,134),(1020,134),(1020,372),(1,372)
weullections 0.0 bounds: (725,355),(814,354),(814,371),(725,372)
SAREES 0.0 bounds: (49,228),(77,228),(77,239),(49,239)
ప్పంగా 0.0 bounds: (709,172),(734,156),(741,166),(715,182)
పట్టణ్ో 0.0 bounds: (735,153),(764,135),(770,145),(741,163)
Wedding 0.0 bounds: (697,190),(769,148),(777,163),(706,205)
Collections 0.0 bounds: (690,214),(783,162),(789,174),(697,226)
Peet 0.0 bounds: (134,306),(160,306),(160,315),(134,315)
SI 0.0 bounds: (1,359),(19,359),(19,370),(1,370)
MATCHING 0.0 bounds: (19,359),(52,359),(52,369),(19,369)
CENTRE 0.0 bounds: (55,359),(77,359),(77,367),(55,367)
PRICHE 0.0 bounds: (971,182),(1010,162),(1020,180),(981,201)
ANGADI 0.0 bounds: (981,196),(1015,181),(1019,191),(985,205)
PRAGATHI 0.0 bounds: (497,327),(536,327),(536,334),(497,334)
SILK 0.0 bounds: (540,326),(557,326),(557,334),(540,334)
& 0.0 bounds: (560,326),(565,326),(565,332),(560,332)
SAR 0.0 bounds: (568,326),(582,326),(582,333),(568,333)
SURGA 0.0 bounds: (629,315),(740,273),(754,311),(643,352)
&SONS 0.0 bounds: (748,270),(855,230),(869,268),(762,308)
ARAJ 0.0 bounds: (676,361),(707,356),(708,363),(677,369)
Pure 0.0 bounds: (843,325),(862,321),(864,332),(845,336)
Jai 0.0 bounds: (863,321),(875,319),(877,329),(865,332)
Kanjeevaram 0.0 bounds: (839,339),(884,328),(886,338),(841,349)
Sarees 0.0 bounds: (851,349),(872,345),(873,352),(853,357)
PANCHE 0.0 bounds: (975,323),(1002,319),(1004,335),(977,339)
ANGADI 0.0 bounds: (977,346),(1002,344),(1003,361),(979,363)
