NGT CR
AND DRIVE
4ton SN-ARIS.
జనోల్సిో త్లిో
Skinlife
The Si
Hair&Laser Clinic
 0.0 bounds: (5,197),(948,197),(948,299),(5,299)
NGT 0.0 bounds: (903,277),(928,275),(928,280),(903,282)
CR 0.0 bounds: (933,273),(942,272),(942,279),(933,280)
AND 0.0 bounds: (912,285),(925,284),(925,290),(912,291)
DRIVE 0.0 bounds: (929,283),(948,282),(948,288),(929,289)
4ton 0.0 bounds: (7,197),(32,205),(30,209),(6,202)
SN-ARIS. 0.0 bounds: (36,204),(72,215),(70,222),(34,211)
జనోల్సిో 0.0 bounds: (170,234),(202,245),(197,260),(165,249)
త్లిో 0.0 bounds: (206,249),(222,254),(219,265),(202,259)
Skinlife 0.0 bounds: (114,236),(164,255),(156,276),(106,258)
The 0.0 bounds: (184,266),(193,269),(192,275),(182,272)
Si 0.0 bounds: (196,270),(205,273),(204,279),(194,276)
Hair&Laser 0.0 bounds: (167,277),(202,287),(199,295),(165,286)
Clinic 0.0 bounds: (204,286),(214,289),(211,298),(201,296)
