DECATH
NO PARKING
NO HALTING
DECATHLON
క
TOW AWAY ZONE
 0.0 bounds: (403,84),(729,84),(729,362),(403,362)
DECATH 0.0 bounds: (409,84),(457,106),(451,119),(403,97)
NO 0.0 bounds: (490,304),(508,305),(507,315),(489,314)
PARKING 0.0 bounds: (510,305),(544,308),(543,319),(509,316)
NO 0.0 bounds: (491,312),(504,314),(502,325),(490,323)
HALTING 0.0 bounds: (507,315),(543,320),(541,330),(506,325)
DECATHLON 0.0 bounds: (617,315),(728,309),(729,328),(618,334)
క 0.0 bounds: (681,347),(701,345),(702,358),(682,360)
TOW 0.0 bounds: (483,348),(500,349),(499,359),(482,358)
AWAY 0.0 bounds: (502,349),(522,350),(521,361),(501,360)
ZONE 0.0 bounds: (525,353),(543,354),(543,362),(525,361)
