Ro sodela a ite
FOUAN Ba
da nd
dt ut
Bank o
T+
TISSOT
MAH
Univer
 0.0 bounds: (141,502),(1023,502),(1023,618),(141,618)
Ro 0.0 bounds: (189,502),(206,505),(205,510),(188,507)
sodela 0.0 bounds: (221,506),(238,509),(237,515),(220,512)
a 0.0 bounds: (248,509),(263,511),(262,518),(247,516)
ite 0.0 bounds: (271,512),(283,514),(282,521),(270,519)
FOUAN 0.0 bounds: (969,551),(1009,552),(1008,567),(968,566)
Ba 0.0 bounds: (1013,559),(1023,559),(1023,565),(1013,565)
da 0.0 bounds: (184,556),(203,558),(202,563),(184,561)
nd 0.0 bounds: (219,559),(226,560),(226,565),(219,564)
dt 0.0 bounds: (881,562),(900,561),(900,567),(881,568)
ut 0.0 bounds: (905,563),(922,562),(922,566),(905,567)
Bank 0.0 bounds: (141,583),(152,583),(152,589),(141,589)
o 0.0 bounds: (155,584),(158,584),(158,589),(155,589)
T+ 0.0 bounds: (567,596),(579,596),(579,602),(567,602)
TISSOT 0.0 bounds: (550,606),(596,604),(596,613),(550,615)
MAH 0.0 bounds: (619,600),(649,600),(649,612),(619,612)
Univer 0.0 bounds: (963,603),(1023,602),(1023,617),(963,618)
