59T NPT2
TAELLER AD-7
MERU CABS-4422 4422
 0.0 bounds: (154,167),(883,167),(883,393),(154,393)
59T 0.0 bounds: (192,174),(213,171),(215,185),(194,188)
NPT2 0.0 bounds: (215,171),(241,167),(243,181),(217,185)
TAELLER 0.0 bounds: (154,381),(211,382),(211,393),(154,392)
AD-7 0.0 bounds: (214,382),(232,382),(232,393),(214,393)
MERU 0.0 bounds: (805,361),(823,360),(823,367),(805,368)
CABS-4422 0.0 bounds: (825,361),(862,360),(862,366),(825,367)
4422 0.0 bounds: (865,359),(883,358),(883,366),(865,367)
