इंवेच्चरेया औडेमिक एरियेि
MUSEUM
ENOLOGCAL SE
ENGINE HALL
DINOSAUR AIVE
IN SCIENCE
ELECTROTECHNIC
SPACE
OTECHNOLOGICAL
REVOLUTION
P VALL O
CHLDREN
EICHER
 0.0 bounds: (351,-1),(874,-1),(874,408),(351,408)
इंवेच्चरेया 0.0 bounds: (386,-1),(490,85),(456,126),(352,41)
औडेमिक 0.0 bounds: (492,87),(552,136),(518,178),(458,129)
एरियेि 0.0 bounds: (556,139),(616,188),(583,229),(522,180)
MUSEUM 0.0 bounds: (509,270),(545,268),(545,275),(509,277)
ENOLOGCAL 0.0 bounds: (404,271),(448,281),(445,292),(401,283)
SE 0.0 bounds: (450,281),(459,283),(456,294),(448,292)
ENGINE 0.0 bounds: (496,295),(516,295),(516,302),(496,302)
HALL 0.0 bounds: (518,297),(531,297),(531,301),(518,301)
DINOSAUR 0.0 bounds: (496,302),(522,302),(522,308),(496,308)
AIVE 0.0 bounds: (526,303),(541,303),(541,307),(526,307)
IN 0.0 bounds: (492,311),(506,311),(506,317),(492,317)
SCIENCE 0.0 bounds: (508,311),(532,312),(532,318),(508,317)
ELECTROTECHNIC 0.0 bounds: (486,318),(543,318),(543,325),(486,325)
SPACE 0.0 bounds: (492,329),(511,329),(511,336),(492,336)
OTECHNOLOGICAL 0.0 bounds: (500,338),(548,340),(548,346),(500,344)
REVOLUTION 0.0 bounds: (494,345),(526,345),(526,350),(494,350)
P 0.0 bounds: (490,355),(493,355),(493,360),(490,360)
VALL 0.0 bounds: (506,355),(518,355),(518,360),(506,360)
O 0.0 bounds: (519,358),(525,358),(525,360),(519,360)
CHLDREN 0.0 bounds: (484,374),(520,374),(520,380),(484,380)
EICHER 0.0 bounds: (825,396),(873,394),(874,406),(826,408)
