PRAGATHLAD
ei Lakabmi ciety s
t lelier ing
Bholele niter
Rigra
 0.0 bounds: (52,306),(636,306),(636,385),(52,385)
PRAGATHLAD 0.0 bounds: (603,357),(636,356),(636,362),(603,363)
ei 0.0 bounds: (56,306),(60,307),(59,311),(55,310)
Lakabmi 0.0 bounds: (64,306),(89,311),(88,318),(63,313)
ciety 0.0 bounds: (92,310),(112,314),(109,324),(90,320)
s 0.0 bounds: (114,315),(125,317),(123,326),(112,324)
t 0.0 bounds: (54,315),(61,316),(59,325),(52,324)
lelier 0.0 bounds: (75,319),(107,325),(106,335),(73,329)
ing 0.0 bounds: (109,325),(122,327),(120,337),(107,335)
Bholele 0.0 bounds: (58,328),(83,333),(81,340),(57,335)
niter 0.0 bounds: (85,333),(111,338),(109,345),(84,340)
Rigra 0.0 bounds: (215,347),(265,369),(259,384),(208,362)
