pantakons
Prsh
AlAMOND RAI DIAMONDS
SALE SALE SOLE
MILLION TO
t MILLKN
I MILLION TO
10 MILLION
 0.0 bounds: (167,99),(898,99),(898,388),(167,388)
pantakons 0.0 bounds: (563,100),(616,99),(616,109),(563,110)
Prsh 0.0 bounds: (167,321),(189,320),(189,325),(167,326)
AlAMOND 0.0 bounds: (771,326),(830,323),(831,335),(772,338)
RAI 0.0 bounds: (836,322),(849,321),(850,331),(837,332)
DIAMONDS 0.0 bounds: (853,321),(896,319),(897,332),(854,334)
SALE 0.0 bounds: (506,354),(529,353),(530,367),(507,368)
SALE 0.0 bounds: (531,353),(555,352),(556,365),(532,366)
SOLE 0.0 bounds: (559,351),(592,349),(593,363),(560,365)
MILLION 0.0 bounds: (801,370),(823,369),(823,377),(801,378)
TO 0.0 bounds: (825,370),(831,370),(831,377),(825,377)
t 0.0 bounds: (801,380),(805,380),(805,386),(801,386)
MILLKN 0.0 bounds: (807,380),(830,381),(830,388),(807,387)
I 0.0 bounds: (848,369),(854,369),(854,378),(848,378)
MILLION 0.0 bounds: (856,368),(886,367),(886,377),(856,378)
TO 0.0 bounds: (889,367),(898,367),(898,376),(889,376)
10 0.0 bounds: (850,380),(857,380),(857,385),(850,385)
MILLION 0.0 bounds: (865,378),(894,377),(894,384),(865,386)
