POTHYS
ALKN TERVIEW
WEEKS
GAMES
SALES AGGATES
SUPER R
CEE.CARE SECTUE
CASHER
SECURITY GUARD
FREL SARY OPFICER
ccnOPERADE
SFTESCAL
EKEEPNG
 0.0 bounds: (205,466),(664,466),(664,673),(205,673)
POTHYS 0.0 bounds: (548,468),(633,466),(633,482),(548,484)
ALKN 0.0 bounds: (520,529),(582,530),(582,538),(520,537)
TERVIEW 0.0 bounds: (611,530),(663,531),(663,541),(611,540)
WEEKS 0.0 bounds: (205,599),(258,574),(265,587),(211,613)
GAMES 0.0 bounds: (207,607),(267,588),(272,602),(211,621)
SALES 0.0 bounds: (533,552),(565,553),(565,564),(533,563)
AGGATES 0.0 bounds: (567,553),(624,554),(624,564),(567,563)
SUPER 0.0 bounds: (532,561),(566,562),(566,573),(532,572)
R 0.0 bounds: (588,563),(592,563),(592,573),(588,573)
CEE.CARE 0.0 bounds: (531,575),(615,577),(615,588),(531,586)
SECTUE 0.0 bounds: (618,577),(664,578),(664,588),(618,587)
CASHER 0.0 bounds: (536,585),(575,586),(575,597),(536,596)
SECURITY 0.0 bounds: (535,597),(582,598),(582,609),(535,608)
GUARD 0.0 bounds: (584,598),(617,599),(617,610),(584,609)
FREL 0.0 bounds: (521,608),(565,609),(565,619),(521,618)
SARY 0.0 bounds: (572,609),(610,610),(610,621),(572,620)
OPFICER 0.0 bounds: (612,610),(647,611),(647,622),(612,621)
ccnOPERADE 0.0 bounds: (523,621),(615,624),(615,634),(523,631)
SFTESCAL 0.0 bounds: (538,637),(586,637),(586,647),(538,647)
EKEEPNG 0.0 bounds: (567,663),(614,662),(614,672),(567,673)
