îndeed
Senier Medical Oces
INDIA
LET'S GET TO WORK.
 0.0 bounds: (231,152),(418,152),(418,353),(231,353)
îndeed 0.0 bounds: (363,153),(417,152),(417,166),(363,167)
Senier 0.0 bounds: (347,232),(365,231),(365,238),(347,239)
Medical 0.0 bounds: (367,231),(389,229),(389,236),(367,238)
Oces 0.0 bounds: (392,229),(409,228),(409,234),(392,235)
INDIA 0.0 bounds: (231,319),(285,319),(285,333),(231,333)
LET'S 0.0 bounds: (232,339),(277,337),(278,351),(233,353)
GET 0.0 bounds: (284,337),(319,335),(320,348),(285,350)
TO 0.0 bounds: (325,331),(376,329),(377,348),(326,350)
WORK. 0.0 bounds: (378,329),(417,327),(418,345),(379,347)
