7mdenbs dopoab yend
రాజ్యజీజంద్ర గ్రౌంథాలయ జింగడు
DEPARTHENT O PULIC LIRARS
STATE CENTRAL LIBRARY BENGALURU
Aadao
 0.0 bounds: (475,270),(668,270),(668,376),(475,376)
7mdenbs 0.0 bounds: (545,270),(586,275),(585,283),(544,278)
dopoab 0.0 bounds: (590,276),(629,281),(627,291),(589,286)
yend 0.0 bounds: (632,280),(656,283),(654,293),(631,290)
రాజ్యజీజంద్ర 0.0 bounds: (529,280),(575,285),(573,298),(527,293)
గ్రౌంథాలయ 0.0 bounds: (577,285),(621,290),(619,303),(575,298)
జింగడు 0.0 bounds: (624,293),(666,298),(665,307),(623,302)
DEPARTHENT 0.0 bounds: (538,296),(584,302),(582,313),(537,307)
O 0.0 bounds: (587,304),(591,305),(590,313),(586,313)
PULIC 0.0 bounds: (599,305),(623,308),(622,318),(598,315)
LIRARS 0.0 bounds: (625,308),(661,313),(659,322),(624,318)
STATE 0.0 bounds: (526,308),(548,311),(547,318),(525,316)
CENTRAL 0.0 bounds: (550,313),(584,317),(583,324),(549,320)
LIBRARY 0.0 bounds: (589,313),(619,316),(618,327),(588,324)
BENGALURU 0.0 bounds: (623,317),(668,322),(667,332),(622,327)
Aadao 0.0 bounds: (533,377),(476,371),(477,361),(534,367)
