DUQO
VARFA WOR
Coupon()Dunia.in
PA
BACHAT KA Boss
aET FR OSCOUNT COUPONTO
0 ONLINESTORE 0ESTAU
THT RE
4700
 0.0 bounds: (377,439),(614,439),(614,592),(377,592)
DUQO 0.0 bounds: (473,440),(546,439),(546,449),(473,450)
VARFA 0.0 bounds: (476,454),(500,453),(500,457),(476,458)
WOR 0.0 bounds: (505,450),(513,450),(513,456),(505,456)
Coupon()Dunia.in 0.0 bounds: (429,485),(566,487),(566,504),(429,502)
PA 0.0 bounds: (377,534),(415,534),(415,557),(377,557)
BACHAT 0.0 bounds: (447,556),(489,557),(489,565),(447,564)
KA 0.0 bounds: (493,557),(507,557),(507,565),(493,565)
Boss 0.0 bounds: (512,558),(539,559),(539,568),(512,567)
aET 0.0 bounds: (436,567),(449,567),(449,573),(436,573)
FR 0.0 bounds: (450,566),(466,567),(466,575),(450,574)
OSCOUNT 0.0 bounds: (468,567),(502,568),(502,576),(468,575)
COUPONTO 0.0 bounds: (505,568),(552,570),(552,578),(505,576)
0 0.0 bounds: (427,574),(432,574),(432,581),(427,581)
ONLINESTORE 0.0 bounds: (441,575),(488,577),(488,584),(441,582)
0ESTAU 0.0 bounds: (498,577),(550,579),(550,587),(498,585)
THT 0.0 bounds: (382,558),(395,558),(395,566),(382,566)
RE 0.0 bounds: (398,559),(406,559),(406,567),(398,567)
4700 0.0 bounds: (585,580),(614,579),(614,591),(585,592)
