PATHI'S
INTERNATIONAL
DENTAL CENTRE
An S0 0012000 Dentel Cinie
-2312 1756
SANJEEVAN NETRALAYA
Ph: 080-23120288
23120088
PEPLAZ
 0.0 bounds: (-1,62),(350,62),(350,270),(-1,270)
PATHI'S 0.0 bounds: (165,66),(204,62),(205,70),(166,74)
INTERNATIONAL 0.0 bounds: (178,74),(257,69),(257,78),(179,83)
DENTAL 0.0 bounds: (192,84),(230,82),(230,90),(192,92)
CENTRE 0.0 bounds: (235,83),(272,81),(272,88),(235,90)
An 0.0 bounds: (164,94),(175,93),(175,101),(164,102)
S0 0.0 bounds: (177,94),(190,93),(190,101),(177,102)
0012000 0.0 bounds: (192,93),(228,91),(228,99),(192,101)
Dentel 0.0 bounds: (230,91),(252,90),(252,98),(230,99)
Cinie 0.0 bounds: (254,90),(274,89),(274,97),(254,98)
-2312 0.0 bounds: (5,109),(23,115),(17,131),(-1,125)
1756 0.0 bounds: (25,116),(40,121),(35,136),(20,131)
SANJEEVAN 0.0 bounds: (171,114),(204,105),(207,115),(174,125)
NETRALAYA 0.0 bounds: (205,105),(240,95),(242,105),(208,115)
Ph: 0.0 bounds: (167,138),(181,135),(183,142),(169,146)
080-23120288 0.0 bounds: (183,136),(239,122),(241,128),(184,142)
23120088 0.0 bounds: (200,143),(239,135),(240,140),(201,149)
PEPLAZ 0.0 bounds: (326,260),(350,259),(350,269),(326,270)
