ALLY
THINDMALA SIL
ONLITE
PERFECT
3CHL UPS
A OE
CNLITE -
 0.0 bounds: (80,-4),(971,-4),(971,457),(80,457)
ALLY 0.0 bounds: (757,304),(785,305),(784,315),(756,314)
THINDMALA 0.0 bounds: (892,50),(943,9),(956,24),(905,66)
SIL 0.0 bounds: (945,8),(959,-3),(971,11),(957,23)
ONLITE 0.0 bounds: (136,342),(109,342),(109,335),(136,335)
PERFECT 0.0 bounds: (80,350),(143,352),(143,364),(80,362)
3CHL 0.0 bounds: (94,366),(116,366),(116,374),(94,374)
UPS 0.0 bounds: (118,367),(134,367),(134,374),(118,374)
A 0.0 bounds: (301,399),(313,399),(313,414),(301,414)
OE 0.0 bounds: (316,399),(337,399),(337,414),(316,414)
CNLITE 0.0 bounds: (263,458),(263,405),(274,405),(274,458)
- 0.0 bounds: (271,394),(271,390),(278,390),(278,394)
