విదావనా జనా
S.S.JUICESE
KA 0S
SAS
ENCARRENTALS
 0.0 bounds: (47,80),(1036,80),(1036,490),(47,490)
విదావనా 0.0 bounds: (878,115),(939,98),(947,126),(886,144)
జనా 0.0 bounds: (950,94),(996,81),(1004,109),(958,122)
S.S.JUICESE 0.0 bounds: (857,152),(1021,104),(1035,153),(871,201)
KA 0.0 bounds: (47,482),(55,482),(55,490),(47,490)
0S 0.0 bounds: (57,481),(63,481),(63,489),(57,489)
SAS 0.0 bounds: (494,384),(470,382),(471,373),(495,375)
ENCARRENTALS 0.0 bounds: (785,322),(838,317),(839,330),(786,335)
