ASAS LARESST BUILDING MATERIALS
ARCHITECTURE AND DESIGN DHBITON
क
аce
DE CTOBER
BIE
 0.0 bounds: (647,183),(761,183),(761,298),(647,298)
ASAS 0.0 bounds: (650,187),(671,186),(671,193),(650,194)
LARESST 0.0 bounds: (673,186),(695,185),(695,192),(673,193)
BUILDING 0.0 bounds: (697,185),(721,184),(721,191),(697,192)
MATERIALS 0.0 bounds: (725,184),(756,183),(756,190),(725,191)
ARCHITECTURE 0.0 bounds: (647,196),(694,194),(694,200),(647,202)
AND 0.0 bounds: (697,193),(706,193),(706,199),(697,199)
DESIGN 0.0 bounds: (710,192),(729,191),(729,198),(710,199)
DHBITON 0.0 bounds: (736,191),(761,190),(761,197),(736,198)
क 0.0 bounds: (710,215),(735,214),(735,221),(710,222)
аce 0.0 bounds: (693,223),(751,220),(752,235),(694,238)
DE 0.0 bounds: (683,280),(695,280),(695,287),(683,287)
CTOBER 0.0 bounds: (728,278),(760,277),(760,285),(728,286)
BIE 0.0 bounds: (681,292),(692,292),(692,298),(681,298)
