SBL
a ade st er
wherer rte eet e
Agricalture Itsurance Company f in
Sound o
K Horn.
407
 0.0 bounds: (158,343),(446,343),(446,490),(158,490)
SBL 0.0 bounds: (285,343),(343,343),(343,374),(285,374)
a 0.0 bounds: (178,367),(199,368),(199,375),(178,374)
ade 0.0 bounds: (202,368),(220,369),(220,376),(202,375)
st 0.0 bounds: (223,371),(232,371),(232,374),(223,374)
er 0.0 bounds: (238,369),(245,369),(245,376),(238,376)
wherer 0.0 bounds: (181,376),(204,377),(204,384),(181,383)
rte 0.0 bounds: (206,377),(218,378),(218,385),(206,384)
eet 0.0 bounds: (221,380),(234,381),(234,385),(221,384)
e 0.0 bounds: (238,383),(246,383),(246,385),(238,385)
Agricalture 0.0 bounds: (158,384),(187,385),(187,392),(158,391)
Itsurance 0.0 bounds: (189,385),(214,386),(214,393),(189,392)
Company 0.0 bounds: (216,387),(237,388),(237,394),(216,393)
f 0.0 bounds: (239,388),(244,388),(244,394),(239,394)
in 0.0 bounds: (246,389),(250,389),(250,395),(246,395)
Sound 0.0 bounds: (276,414),(315,416),(314,434),(275,432)
o 0.0 bounds: (321,420),(331,421),(330,434),(320,433)
K 0.0 bounds: (391,418),(402,418),(402,437),(391,437)
Horn. 0.0 bounds: (400,419),(446,420),(446,437),(400,436)
407 0.0 bounds: (329,471),(365,473),(364,490),(328,488)
