MADHU
CHIKAN
an
VARSIDN
ఎటఏం
यूनियन बैंक
Union Bank
ATM
Prede's
R
Priyadars cosa
SAREE
Har
STRAWBERRY
(LET
LTD
NCICI Bark
Prent's
Sprivadargh
citibar
atolCuSSIC CARPETS
FURNIŠNING
tbank
SPAVAEDAD
CLASSIC CARPETS &FURNIST
TATA
Indigo CS
 0.0 bounds: (0,157),(1027,157),(1027,620),(0,620)
MADHU 0.0 bounds: (29,271),(67,267),(68,276),(30,280)
CHIKAN 0.0 bounds: (27,282),(65,279),(66,290),(28,293)
an 0.0 bounds: (3,354),(12,356),(9,371),(0,370)
VARSIDN 0.0 bounds: (136,339),(217,375),(207,399),(125,363)
ఎటఏం 0.0 bounds: (985,175),(1011,158),(1016,166),(991,183)
यूनियन 0.0 bounds: (890,250),(921,227),(933,244),(903,267)
बैंक 0.0 bounds: (923,227),(937,216),(949,232),(934,242)
Union 0.0 bounds: (901,273),(928,257),(934,268),(908,284)
Bank 0.0 bounds: (930,256),(952,243),(959,255),(937,268)
ATM 0.0 bounds: (996,205),(1016,191),(1023,201),(1003,215)
Prede's 0.0 bounds: (566,364),(622,357),(623,367),(567,374)
R 0.0 bounds: (648,354),(656,353),(657,364),(649,365)
Priyadars 0.0 bounds: (874,339),(954,306),(963,330),(884,363)
cosa 0.0 bounds: (984,294),(1017,280),(1027,303),(994,317)
SAREE 0.0 bounds: (641,395),(662,388),(664,396),(644,403)
Har 0.0 bounds: (947,335),(958,331),(960,335),(948,339)
STRAWBERRY 0.0 bounds: (806,364),(869,332),(878,350),(815,382)
(LET 0.0 bounds: (673,422),(645,429),(643,420),(671,413)
LTD 0.0 bounds: (646,419),(669,412),(673,423),(650,430)
NCICI 0.0 bounds: (745,410),(766,401),(773,417),(751,426)
Bark 0.0 bounds: (769,402),(788,394),(794,409),(775,417)
Prent's 0.0 bounds: (595,455),(638,452),(639,462),(596,465)
Sprivadargh 0.0 bounds: (955,395),(992,384),(995,398),(959,408)
citibar 0.0 bounds: (758,459),(785,457),(786,467),(759,469)
atolCuSSIC 0.0 bounds: (759,471),(822,466),(823,476),(760,481)
CARPETS 0.0 bounds: (824,466),(842,465),(843,475),(825,476)
FURNIŠNING 0.0 bounds: (798,485),(841,480),(842,492),(799,497)
tbank 0.0 bounds: (820,502),(863,496),(866,520),(823,526)
SPAVAEDAD 0.0 bounds: (911,512),(952,508),(952,515),(912,519)
CLASSIC 0.0 bounds: (910,518),(940,516),(941,534),(911,536)
CARPETS 0.0 bounds: (942,517),(970,515),(971,532),(943,534)
&FURNIST 0.0 bounds: (972,515),(1015,513),(1016,531),(973,533)
TATA 0.0 bounds: (462,617),(480,616),(480,619),(462,620)
Indigo 0.0 bounds: (538,610),(563,609),(563,616),(538,617)
CS 0.0 bounds: (565,608),(576,608),(576,616),(565,616)
