994517
Hindia
Mion
MARUTa
SÜZUKI
SWIFT
lor
 0.0 bounds: (250,440),(995,440),(995,577),(250,577)
994517 0.0 bounds: (250,440),(283,440),(283,453),(250,453)
Hindia 0.0 bounds: (921,470),(971,470),(971,485),(921,485)
Mion 0.0 bounds: (945,487),(971,487),(971,495),(945,495)
MARUTa 0.0 bounds: (356,520),(468,521),(468,537),(356,536)
SÜZUKI 0.0 bounds: (355,535),(468,537),(468,555),(355,553)
SWIFT 0.0 bounds: (912,536),(995,537),(995,559),(912,558)
lor 0.0 bounds: (940,561),(987,564),(986,577),(939,574)
