Adalssions Open
BAJAI QUTE
coming seon
Ram
Puram
co.in
ア 1
 0.0 bounds: (128,317),(436,317),(436,486),(128,486)
Adalssions 0.0 bounds: (192,317),(290,318),(290,328),(192,327)
Open 0.0 bounds: (292,319),(332,319),(332,328),(292,328)
BAJAI 0.0 bounds: (185,351),(211,351),(211,359),(185,359)
QUTE 0.0 bounds: (214,353),(233,353),(233,360),(214,360)
coming 0.0 bounds: (170,383),(194,383),(194,389),(170,389)
seon 0.0 bounds: (196,384),(212,384),(212,389),(196,389)
Ram 0.0 bounds: (128,464),(143,464),(143,471),(128,471)
Puram 0.0 bounds: (349,467),(373,467),(373,473),(349,473)
co.in 0.0 bounds: (344,479),(365,479),(365,486),(344,486)
ア 0.0 bounds: (437,353),(437,377),(419,377),(419,353)
1 0.0 bounds: (437,414),(437,440),(419,440),(419,414)
