BANG ALORE
ULTRA
61E A
87470
G.VENS
KA
DKM
Mob: 72arr
Omni
 0.0 bounds: (51,13),(1014,13),(1014,463),(51,463)
BANG 0.0 bounds: (808,17),(839,15),(840,32),(809,34)
ALORE 0.0 bounds: (841,15),(873,13),(874,30),(842,32)
ULTRA 0.0 bounds: (89,132),(187,213),(162,244),(64,163)
61E 0.0 bounds: (55,171),(87,192),(83,197),(52,176)
A 0.0 bounds: (116,207),(121,210),(114,220),(109,217)
87470 0.0 bounds: (747,194),(766,179),(774,189),(755,204)
G.VENS 0.0 bounds: (77,351),(108,356),(106,370),(75,365)
KA 0.0 bounds: (989,300),(1010,294),(1014,306),(993,312)
DKM 0.0 bounds: (462,369),(516,354),(519,366),(465,381)
Mob: 0.0 bounds: (460,391),(481,385),(484,397),(463,403)
72arr 0.0 bounds: (483,385),(512,377),(515,388),(486,396)
Omni 0.0 bounds: (611,454),(648,443),(651,451),(614,463)
