D WILL CARS
త్రిలరామో
EMobilech D
ConpesWle: ei les
119 .m
CIPhone
SONYIC NOKIA hn
el
Paitel 4G
birtel 4G
TATA sky
 0.0 bounds: (26,130),(1019,130),(1019,411),(26,411)
D 0.0 bounds: (970,321),(976,321),(976,330),(970,330)
WILL 0.0 bounds: (979,320),(996,320),(996,330),(979,330)
CARS 0.0 bounds: (1000,321),(1019,321),(1019,330),(1000,330)
త్రిలరామో 0.0 bounds: (363,169),(463,172),(462,196),(362,193)
EMobilech 0.0 bounds: (92,130),(240,246),(196,302),(48,187)
D 0.0 bounds: (243,248),(334,319),(291,375),(199,304)
ConpesWle: 0.0 bounds: (58,210),(106,237),(101,246),(53,219)
ei 0.0 bounds: (119,246),(129,252),(125,260),(115,254)
les 0.0 bounds: (135,254),(171,274),(165,284),(130,264)
119 0.0 bounds: (103,254),(138,272),(135,278),(100,260)
.m 0.0 bounds: (163,285),(176,292),(174,297),(160,290)
CIPhone 0.0 bounds: (46,267),(81,284),(73,301),(38,284)
SONYIC 0.0 bounds: (113,295),(159,317),(153,330),(107,309)
NOKIA 0.0 bounds: (161,317),(179,325),(172,340),(154,331)
hn 0.0 bounds: (181,327),(198,335),(192,349),(175,341)
el 0.0 bounds: (45,307),(60,311),(58,322),(42,318)
Paitel 0.0 bounds: (180,385),(198,390),(195,400),(177,395)
4G 0.0 bounds: (198,392),(204,394),(201,402),(195,401)
birtel 0.0 bounds: (29,353),(53,355),(52,368),(28,366)
4G 0.0 bounds: (55,356),(65,357),(64,370),(54,369)
TATA 0.0 bounds: (26,399),(48,399),(48,411),(26,411)
sky 0.0 bounds: (53,398),(64,398),(64,410),(53,410)
