- duoda do
Rain
aflet vi
loperal
chip
 0.0 bounds: (241,58),(1023,58),(1023,402),(241,402)
- 0.0 bounds: (941,64),(948,63),(949,72),(942,73)
duoda 0.0 bounds: (950,63),(975,60),(976,69),(951,72)
do 0.0 bounds: (979,61),(1004,58),(1004,63),(980,66)
Rain 0.0 bounds: (904,86),(998,77),(1000,104),(907,113)
aflet 0.0 bounds: (241,342),(256,343),(256,349),(241,348)
vi 0.0 bounds: (258,344),(274,345),(274,351),(258,350)
loperal 0.0 bounds: (979,345),(1023,346),(1023,368),(979,367)
chip 0.0 bounds: (337,393),(366,393),(366,402),(337,402)
