Queens Corner
Apartments
Qucens Corme
E Apartmerit
IN
 0.0 bounds: (655,278),(800,278),(800,381),(655,381)
Queens 0.0 bounds: (720,282),(750,280),(751,291),(721,293)
Corner 0.0 bounds: (748,281),(791,278),(792,288),(749,291)
Apartments 0.0 bounds: (720,293),(780,291),(780,301),(720,303)
Qucens 0.0 bounds: (657,367),(682,365),(682,373),(657,375)
Corme 0.0 bounds: (684,367),(704,366),(704,372),(684,373)
E 0.0 bounds: (655,375),(659,375),(659,381),(655,381)
Apartmerit 0.0 bounds: (664,375),(700,375),(700,381),(664,381)
IN 0.0 bounds: (790,367),(800,367),(800,374),(790,374)
