i about pomegranates!
100 NTU JICE AS Pem
 0.0 bounds: (372,519),(654,519),(654,536),(372,536)
i 0.0 bounds: (372,519),(380,519),(380,535),(372,535)
about 0.0 bounds: (377,521),(406,521),(406,530),(377,530)
pomegranates! 0.0 bounds: (409,520),(485,521),(485,536),(409,535)
100 0.0 bounds: (527,527),(544,527),(544,536),(527,536)
NTU 0.0 bounds: (551,526),(569,526),(569,535),(551,535)
JICE 0.0 bounds: (579,525),(601,525),(601,535),(579,535)
AS 0.0 bounds: (603,525),(619,525),(619,534),(603,534)
Pem 0.0 bounds: (627,524),(654,523),(654,533),(627,534)
