RAMMA BOOK
DISCOUNT
VT
10% m 20
BESOS COP
 0.0 bounds: (774,289),(875,289),(875,742),(774,742)
RAMMA 0.0 bounds: (777,298),(805,293),(807,307),(779,312)
BOOK 0.0 bounds: (807,293),(831,289),(833,302),(809,306)
DISCOUNT 0.0 bounds: (782,311),(844,301),(847,316),(785,327)
VT 0.0 bounds: (791,329),(837,321),(840,339),(794,347)
10% 0.0 bounds: (774,348),(820,343),(824,376),(778,382)
m 0.0 bounds: (822,343),(837,341),(841,374),(826,376)
20 0.0 bounds: (841,341),(871,338),(875,369),(845,373)
BESOS 0.0 bounds: (787,707),(826,720),(821,736),(782,723)
COP 0.0 bounds: (828,721),(843,726),(838,741),(823,736)
