UAIYA Landmank
L Zeta
BENGALURU
MART CITY
WORK UNDER
PROGRESS
LOW
 0.0 bounds: (642,293),(849,293),(849,461),(642,461)
UAIYA 0.0 bounds: (642,312),(681,304),(685,323),(646,331)
Landmank 0.0 bounds: (683,304),(740,293),(744,311),(687,323)
L 0.0 bounds: (764,388),(769,387),(770,394),(765,395)
Zeta 0.0 bounds: (809,384),(828,382),(829,388),(810,390)
BENGALURU 0.0 bounds: (781,416),(846,417),(846,427),(781,426)
MART 0.0 bounds: (791,426),(818,427),(818,434),(791,433)
CITY 0.0 bounds: (822,426),(849,427),(849,436),(822,435)
WORK 0.0 bounds: (783,436),(808,437),(808,442),(783,441)
UNDER 0.0 bounds: (813,435),(848,436),(848,445),(813,444)
PROGRESS 0.0 bounds: (783,443),(846,447),(845,454),(783,450)
LOW 0.0 bounds: (814,454),(840,455),(840,461),(814,460)
