The Ice Cream C
CAFETER
The
Treasuro
ERANNIL
BOOK BAZAAR
 0.0 bounds: (578,1),(1023,1),(1023,293),(578,293)
The 0.0 bounds: (900,1),(932,2),(931,19),(899,18)
Ice 0.0 bounds: (936,3),(958,4),(957,21),(935,20)
Cream 0.0 bounds: (962,7),(1011,9),(1010,22),(961,20)
C 0.0 bounds: (1015,9),(1023,9),(1022,22),(1014,22)
CAFETER 0.0 bounds: (864,52),(1023,55),(1022,94),(863,91)
The 0.0 bounds: (578,83),(600,83),(600,94),(578,94)
Treasuro 0.0 bounds: (624,144),(677,148),(675,169),(622,165)
ERANNIL 0.0 bounds: (753,222),(795,227),(794,237),(752,232)
BOOK 0.0 bounds: (731,283),(756,283),(756,293),(731,293)
BAZAAR 0.0 bounds: (758,283),(789,283),(789,293),(758,293)
