ion
M.Assogiates
బుతో నేంప
KPISHNA BOOK CENTRE
PARU ATI
 0.0 bounds: (1,188),(595,188),(595,366),(1,366)
ion 0.0 bounds: (2,188),(31,190),(30,211),(1,209)
M.Assogiates 0.0 bounds: (517,275),(587,294),(581,317),(511,298)
బుతో 0.0 bounds: (348,322),(375,326),(372,343),(345,339)
నేంప 0.0 bounds: (377,326),(391,328),(388,345),(374,343)
KPISHNA 0.0 bounds: (322,332),(359,340),(355,357),(318,349)
BOOK 0.0 bounds: (361,341),(381,345),(377,362),(357,358)
CENTRE 0.0 bounds: (383,348),(407,354),(405,366),(380,361)
PARU 0.0 bounds: (596,231),(596,283),(587,283),(587,231)
ATI 0.0 bounds: (596,301),(596,326),(590,326),(590,301)
