CHARB
ప్రి మెంజునాథ
ఇండిమేంజల
Sri Manjunatha
Condime
COFFEE, LEMON
BADAM MILK. COOI
TRESH FAUIT JUICE
 0.0 bounds: (107,296),(1024,296),(1024,600),(107,600)
CHARB 0.0 bounds: (986,300),(1022,297),(1023,313),(987,316)
ప్రి 0.0 bounds: (109,452),(124,451),(125,467),(110,468)
మెంజునాథ 0.0 bounds: (133,449),(206,444),(207,459),(134,464)
ఇండిమేంజల 0.0 bounds: (116,468),(198,462),(199,478),(117,484)
Sri 0.0 bounds: (107,527),(124,526),(125,538),(108,539)
Manjunatha 0.0 bounds: (129,521),(212,517),(213,536),(130,540)
Condime 0.0 bounds: (123,541),(178,540),(178,559),(123,560)
COFFEE, 0.0 bounds: (114,565),(146,563),(146,572),(115,574)
LEMON 0.0 bounds: (151,563),(178,561),(179,570),(152,572)
BADAM 0.0 bounds: (107,577),(133,576),(133,585),(107,586)
MILK. 0.0 bounds: (137,576),(157,575),(157,584),(137,585)
COOI 0.0 bounds: (161,575),(178,574),(178,583),(161,584)
TRESH 0.0 bounds: (107,591),(127,590),(127,599),(107,600)
FAUIT 0.0 bounds: (131,589),(150,588),(150,598),(131,599)
JUICE 0.0 bounds: (153,589),(173,588),(173,597),(153,598)
