floret
PAOMAVATIha
Haha
FAS
WEAVERS SOCIETY
Melesale
 0.0 bounds: (50,10),(1043,10),(1043,306),(50,306)
floret 0.0 bounds: (118,10),(140,11),(140,18),(118,17)
PAOMAVATIha 0.0 bounds: (50,154),(123,153),(123,163),(50,164)
Haha 0.0 bounds: (904,207),(1017,160),(1043,220),(929,268)
FAS 0.0 bounds: (972,241),(1017,224),(1024,241),(979,259)
WEAVERS 0.0 bounds: (832,294),(862,281),(867,293),(837,306)
SOCIETY 0.0 bounds: (864,281),(893,269),(898,281),(869,293)
Melesale 0.0 bounds: (985,265),(1015,255),(1019,266),(989,276)
