AECRA L
ABAB GHAR
s JUCE GHAR
AZAD S
ETOS
 0.0 bounds: (68,170),(801,170),(801,559),(68,559)
AECRA 0.0 bounds: (777,183),(793,172),(796,177),(780,188)
L 0.0 bounds: (797,171),(798,170),(801,175),(800,175)
ABAB 0.0 bounds: (556,274),(598,290),(592,307),(550,291)
GHAR 0.0 bounds: (605,292),(651,309),(644,327),(598,310)
s 0.0 bounds: (542,344),(547,344),(547,353),(542,353)
JUCE 0.0 bounds: (560,344),(576,345),(576,355),(560,354)
GHAR 0.0 bounds: (578,345),(594,346),(594,356),(578,355)
AZAD 0.0 bounds: (70,397),(90,400),(88,411),(68,408)
S 0.0 bounds: (92,401),(96,402),(94,412),(90,411)
ETOS 0.0 bounds: (429,544),(493,546),(493,559),(429,557)
