Aveon BUY ONLINE amazonin
WATER
PURIFIERS V OB!LE APD
veon
BAJ
O FINSERY EMI
WORLD'S
ICICI Bank
Water
EMI
Quality
NO DOWN PAYMENT 0%
USA CERTIFIED
stallation & Life time Service Free
088 18 2828
n'ww.veonwater.com
 0.0 bounds: (1,297),(276,297),(276,487),(1,487)
Aveon 0.0 bounds: (11,297),(92,297),(92,313),(11,313)
BUY 0.0 bounds: (103,298),(138,298),(138,310),(103,310)
ONLINE 0.0 bounds: (147,298),(208,298),(208,314),(147,314)
amazonin 0.0 bounds: (222,304),(276,304),(276,313),(222,313)
WATER 0.0 bounds: (42,317),(76,317),(76,323),(42,323)
PURIFIERS 0.0 bounds: (25,324),(88,322),(88,334),(25,336)
V 0.0 bounds: (94,322),(103,322),(103,334),(94,334)
OB!LE 0.0 bounds: (129,320),(170,319),(170,332),(129,333)
APD 0.0 bounds: (174,319),(215,318),(215,331),(174,332)
veon 0.0 bounds: (205,331),(231,334),(230,341),(204,338)
BAJ 0.0 bounds: (195,356),(222,356),(222,363),(195,363)
O 0.0 bounds: (196,359),(203,359),(203,370),(196,370)
FINSERY 0.0 bounds: (205,359),(241,359),(241,370),(205,370)
EMI 0.0 bounds: (248,359),(271,359),(271,370),(248,370)
WORLD'S 0.0 bounds: (44,368),(79,369),(79,379),(44,378)
ICICI 0.0 bounds: (201,383),(240,387),(238,402),(200,398)
Bank 0.0 bounds: (235,389),(264,392),(263,401),(234,398)
Water 0.0 bounds: (125,403),(154,404),(154,412),(125,411)
EMI 0.0 bounds: (210,402),(238,402),(238,410),(210,410)
Quality 0.0 bounds: (121,408),(153,409),(153,419),(121,418)
NO 0.0 bounds: (169,415),(180,415),(180,427),(169,427)
DOWN 0.0 bounds: (182,416),(200,416),(200,428),(182,428)
PAYMENT 0.0 bounds: (202,418),(244,419),(244,428),(202,427)
0% 0.0 bounds: (251,418),(268,418),(268,429),(251,429)
USA 0.0 bounds: (98,423),(111,423),(111,428),(98,428)
CERTIFIED 0.0 bounds: (114,424),(150,424),(150,429),(114,429)
stallation 0.0 bounds: (4,434),(67,436),(66,453),(3,451)
& 0.0 bounds: (74,439),(83,439),(83,450),(74,450)
Life 0.0 bounds: (89,439),(117,440),(117,451),(89,450)
time 0.0 bounds: (123,440),(157,441),(157,452),(123,451)
Service 0.0 bounds: (163,441),(225,443),(225,455),(163,453)
Free 0.0 bounds: (231,442),(269,443),(268,459),(230,458)
088 0.0 bounds: (2,454),(58,456),(57,469),(2,467)
18 0.0 bounds: (74,457),(108,458),(107,471),(74,470)
2828 0.0 bounds: (121,458),(203,461),(202,475),(120,472)
n'ww.veonwater.com 0.0 bounds: (1,471),(178,478),(178,487),(1,480)
