वःवेदेया ्रठयिगि एंगरास
MUSEUM
NOLOGCA
DINOSAUR ALIVE
UN SCIENCE
ELECTROTECHNIC
SPACE
CAL
BIOTECHNOL
REVOLUTIL
BEL HALL OF
ELECTRON
EICHER
 0.0 bounds: (12,5),(687,5),(687,432),(12,432)
वःवेदेया 0.0 bounds: (44,5),(219,113),(188,164),(12,56)
्रठयिगि 0.0 bounds: (223,115),(313,171),(281,223),(191,167)
एंगरास 0.0 bounds: (315,173),(398,225),(367,275),(284,223)
MUSEUM 0.0 bounds: (312,319),(347,317),(347,323),(312,325)
NOLOGCA 0.0 bounds: (213,326),(251,330),(249,343),(212,339)
DINOSAUR 0.0 bounds: (301,352),(331,350),(331,357),(302,359)
ALIVE 0.0 bounds: (333,350),(348,349),(348,355),(333,356)
UN 0.0 bounds: (300,362),(314,361),(314,367),(300,368)
SCIENCE 0.0 bounds: (317,361),(340,360),(340,367),(317,368)
ELECTROTECHNIC 0.0 bounds: (299,371),(354,368),(354,373),(299,376)
SPACE 0.0 bounds: (299,381),(321,378),(322,385),(300,388)
CAL 0.0 bounds: (344,387),(362,390),(361,396),(343,393)
BIOTECHNOL 0.0 bounds: (302,391),(340,390),(340,397),(302,398)
REVOLUTIL 0.0 bounds: (305,400),(333,398),(333,405),(305,407)
BEL 0.0 bounds: (302,410),(315,409),(315,415),(302,416)
HALL 0.0 bounds: (318,408),(330,407),(330,414),(318,415)
OF 0.0 bounds: (334,409),(340,409),(340,414),(334,414)
ELECTRON 0.0 bounds: (294,416),(344,417),(344,423),(294,422)
EICHER 0.0 bounds: (647,423),(686,418),(687,427),(648,432)
