+RED CROSS HOME
HOME FOR THE TOTALLY DISABLED EX SERVICEMEN
UNDER THE MANAGEMENT OF INDIAN RED CRISS SICETIEN EL
THROUGH INDIAN KED CROSS SCOITE ta
KARNATAKA STATE BRANCH 55455den e
 0.0 bounds: (13,106),(195,106),(195,241),(13,241)
+RED 0.0 bounds: (32,106),(100,137),(91,159),(22,128)
CROSS 0.0 bounds: (110,141),(154,161),(144,183),(100,163)
HOME 0.0 bounds: (156,161),(188,175),(178,198),(146,184)
HOME 0.0 bounds: (28,137),(53,147),(48,159),(23,149)
FOR 0.0 bounds: (55,148),(71,154),(66,165),(51,159)
THE 0.0 bounds: (74,155),(90,161),(86,171),(70,165)
TOTALLY 0.0 bounds: (92,163),(121,174),(117,185),(88,173)
DISABLED 0.0 bounds: (124,175),(150,185),(146,196),(120,186)
EX 0.0 bounds: (152,185),(159,188),(153,201),(147,198)
SERVICEMEN 0.0 bounds: (162,188),(195,201),(190,215),(156,202)
UNDER 0.0 bounds: (22,150),(48,159),(44,173),(17,163)
THE 0.0 bounds: (50,161),(63,166),(59,178),(46,173)
MANAGEMENT 0.0 bounds: (65,166),(107,181),(103,194),(60,179)
OF 0.0 bounds: (109,183),(114,185),(109,197),(105,195)
INDIAN 0.0 bounds: (116,184),(134,190),(129,204),(111,197)
RED 0.0 bounds: (136,192),(142,194),(137,206),(132,204)
CRISS 0.0 bounds: (144,194),(160,200),(155,213),(139,207)
SICETIEN 0.0 bounds: (162,201),(185,209),(180,222),(157,214)
EL 0.0 bounds: (187,210),(193,212),(188,225),(182,223)
THROUGH 0.0 bounds: (21,167),(61,180),(57,193),(17,179)
INDIAN 0.0 bounds: (62,182),(89,191),(85,202),(58,193)
KED 0.0 bounds: (90,191),(104,196),(101,206),(86,201)
CROSS 0.0 bounds: (107,198),(126,204),(122,215),(103,208)
SCOITE 0.0 bounds: (128,203),(147,209),(143,221),(124,214)
ta 0.0 bounds: (155,218),(181,227),(179,232),(153,224)
KARNATAKA 0.0 bounds: (17,182),(68,197),(64,211),(13,195)
STATE 0.0 bounds: (69,199),(91,206),(88,216),(66,210)
BRANCH 0.0 bounds: (94,206),(118,213),(115,225),(91,217)
55455den 0.0 bounds: (120,213),(168,227),(164,239),(117,224)
e 0.0 bounds: (170,233),(181,236),(180,241),(169,238)
