H AISH Toaneds
A95
HARISH
MYSORE ROAD, KENGERI
Mob : 9916753723,
KA
 0.0 bounds: (70,289),(519,289),(519,560),(70,560)
H 0.0 bounds: (74,289),(96,292),(92,318),(70,315)
AISH 0.0 bounds: (109,290),(182,301),(178,331),(104,320)
Toaneds 0.0 bounds: (186,311),(238,319),(236,335),(184,327)
A95 0.0 bounds: (256,316),(289,318),(288,330),(255,328)
HARISH 0.0 bounds: (416,416),(519,438),(514,460),(411,437)
MYSORE 0.0 bounds: (396,443),(431,451),(429,461),(394,453)
ROAD, 0.0 bounds: (436,452),(459,457),(457,467),(434,462)
KENGERI 0.0 bounds: (462,456),(496,464),(493,476),(459,469)
Mob 0.0 bounds: (400,457),(420,462),(418,473),(397,469)
: 0.0 bounds: (426,462),(431,463),(427,478),(423,477)
9916753723, 0.0 bounds: (433,463),(499,478),(496,494),(429,479)
KA 0.0 bounds: (445,541),(464,543),(462,560),(443,558)
