ESTA
LARE
FILMS
MANY STORYTELLERS.
ORM.
A99
MEAR OF
50 so
ATYRE ZONE
HANKOOK
apollo
 0.0 bounds: (495,69),(1023,69),(1023,549),(495,549)
ESTA 0.0 bounds: (857,83),(884,73),(887,80),(859,90)
LARE 0.0 bounds: (878,71),(907,69),(908,79),(879,81)
FILMS 0.0 bounds: (889,92),(909,88),(910,97),(891,101)
MANY 0.0 bounds: (699,221),(722,199),(728,205),(705,227)
STORYTELLERS. 0.0 bounds: (727,194),(800,123),(807,130),(734,201)
ORM. 0.0 bounds: (742,199),(763,180),(767,185),(747,204)
A99 0.0 bounds: (1005,182),(1023,188),(1020,198),(1002,191)
MEAR 0.0 bounds: (495,545),(509,545),(509,549),(495,549)
OF 0.0 bounds: (511,545),(515,545),(515,549),(511,549)
50 0.0 bounds: (930,453),(960,445),(961,450),(932,459)
so 0.0 bounds: (962,443),(966,442),(968,449),(964,450)
ATYRE 0.0 bounds: (799,525),(825,518),(829,532),(802,539)
ZONE 0.0 bounds: (827,518),(845,513),(849,527),(830,532)
HANKOOK 0.0 bounds: (878,505),(927,495),(929,506),(880,517)
apollo 0.0 bounds: (940,500),(971,490),(974,499),(943,510)
