MSUNG pay
Secure Everywhere
on
VOLOGY
men
oN that
tof t
nel n s
e da A
Inaugurated by:
SHRI S. M. KRISHNA
Chief Minister of Karnataka
On 15th April, 2003
 0.0 bounds: (1,74),(638,74),(638,476),(1,476)
MSUNG 0.0 bounds: (8,74),(133,77),(132,117),(7,114)
pay 0.0 bounds: (142,77),(221,79),(220,119),(141,117)
Secure 0.0 bounds: (482,98),(536,99),(536,113),(482,112)
Everywhere 0.0 bounds: (553,99),(638,101),(638,119),(553,117)
on 0.0 bounds: (15,206),(50,206),(50,222),(15,222)
VOLOGY 0.0 bounds: (1,282),(27,280),(28,291),(2,293)
men 0.0 bounds: (28,298),(59,296),(59,302),(28,304)
oN 0.0 bounds: (15,305),(40,304),(40,311),(15,312)
that 0.0 bounds: (43,304),(52,304),(52,311),(43,311)
tof 0.0 bounds: (4,312),(17,310),(18,315),(5,317)
t 0.0 bounds: (19,310),(21,310),(22,315),(20,315)
nel 0.0 bounds: (9,329),(25,327),(26,334),(10,336)
n 0.0 bounds: (28,329),(45,327),(45,331),(29,333)
s 0.0 bounds: (67,322),(80,320),(81,326),(68,328)
e 0.0 bounds: (18,388),(23,387),(24,393),(19,394)
da 0.0 bounds: (36,384),(44,382),(45,388),(37,390)
A 0.0 bounds: (58,379),(68,377),(69,383),(59,385)
Inaugurated 0.0 bounds: (311,373),(382,372),(382,390),(311,391)
by: 0.0 bounds: (384,373),(409,373),(409,390),(384,390)
SHRI 0.0 bounds: (269,410),(312,409),(312,421),(269,422)
S. 0.0 bounds: (320,409),(332,409),(332,421),(320,421)
M. 0.0 bounds: (340,408),(360,408),(360,420),(340,420)
KRISHNA 0.0 bounds: (368,407),(457,405),(457,419),(368,421)
Chief 0.0 bounds: (286,434),(314,434),(314,443),(286,443)
Minister 0.0 bounds: (320,433),(364,432),(364,442),(320,443)
of 0.0 bounds: (369,433),(379,433),(379,442),(369,442)
Karnataka 0.0 bounds: (384,433),(444,432),(444,441),(384,442)
On 0.0 bounds: (299,458),(322,458),(322,476),(299,476)
15th 0.0 bounds: (325,462),(352,462),(352,472),(325,472)
April, 0.0 bounds: (360,461),(399,461),(399,476),(360,476)
2003 0.0 bounds: (405,461),(437,461),(437,472),(405,472)
