RCADE
a 2018
Sl indie PM VY
SKILLS STRENGTHEN YOU
rOU STRENGTHEN INDIA
 0.0 bounds: (4,244),(896,244),(896,465),(4,465)
RCADE 0.0 bounds: (869,433),(895,432),(895,442),(869,443)
a 0.0 bounds: (9,244),(21,247),(16,264),(4,261)
2018 0.0 bounds: (18,246),(61,257),(56,275),(13,263)
Sl 0.0 bounds: (661,432),(679,428),(681,440),(664,444)
indie 0.0 bounds: (680,427),(695,424),(698,436),(683,440)
PM 0.0 bounds: (704,422),(717,419),(719,431),(707,434)
VY 0.0 bounds: (723,417),(733,415),(736,427),(726,430)
SKILLS 0.0 bounds: (667,453),(684,450),(684,454),(668,457)
STRENGTHEN 0.0 bounds: (686,448),(722,441),(723,447),(687,454)
YOU 0.0 bounds: (725,440),(737,438),(738,444),(726,446)
rOU 0.0 bounds: (668,460),(679,458),(680,463),(669,465)
STRENGTHEN 0.0 bounds: (681,457),(718,449),(719,455),(682,463)
INDIA 0.0 bounds: (721,449),(738,445),(739,452),(722,456)
