Be a co
Or brea
DARE OR S
ENCE
98450-1880
080-40786706
PERASEN
FEROZES
 0.0 bounds: (0,3),(1023,3),(1023,366),(0,366)
Be 0.0 bounds: (961,3),(986,10),(983,22),(958,16)
a 0.0 bounds: (988,12),(999,15),(996,23),(986,21)
co 0.0 bounds: (1002,14),(1023,20),(1020,33),(998,28)
Or 0.0 bounds: (976,24),(998,30),(994,46),(972,40)
brea 0.0 bounds: (994,30),(1023,37),(1020,50),(991,43)
DARE 0.0 bounds: (977,52),(1003,57),(1001,66),(975,61)
OR 0.0 bounds: (1005,57),(1016,59),(1015,65),(1004,63)
S 0.0 bounds: (1019,58),(1023,59),(1021,68),(1017,67)
ENCE 0.0 bounds: (5,164),(55,174),(51,196),(1,187)
98450-1880 0.0 bounds: (150,294),(204,293),(204,309),(150,310)
080-40786706 0.0 bounds: (152,312),(205,311),(205,328),(152,329)
PERASEN 0.0 bounds: (167,338),(204,335),(205,344),(168,347)
FEROZES 0.0 bounds: (158,339),(211,334),(213,360),(161,366)
