SONS
611
HOLE SALE
Dust Moubed Ar
ARATH SINGRI Mob04
 0.0 bounds: (124,-2),(539,-2),(539,93),(124,93)
SONS 0.0 bounds: (413,0),(482,-2),(482,15),(413,17)
611 0.0 bounds: (450,23),(474,22),(474,23),(450,24)
HOLE 0.0 bounds: (476,37),(508,42),(506,54),(474,49)
SALE 0.0 bounds: (514,43),(539,47),(537,60),(512,56)
Dust 0.0 bounds: (201,-2),(223,15),(213,29),(191,11)
Moubed 0.0 bounds: (224,17),(256,42),(246,56),(214,30)
Ar 0.0 bounds: (260,46),(269,53),(259,65),(251,58)
ARATH 0.0 bounds: (132,-1),(169,24),(162,34),(125,9)
SINGRI 0.0 bounds: (173,27),(210,52),(203,63),(166,38)
Mob04 0.0 bounds: (212,54),(253,82),(246,93),(205,65)
