BARTON
CENTRE
SOME COMBOS ARE JUST AWESOME
 0.0 bounds: (463,528),(701,528),(701,742),(463,742)
BARTON 0.0 bounds: (463,543),(556,528),(558,543),(465,558)
CENTRE 0.0 bounds: (465,566),(559,551),(561,567),(467,582)
SOME 0.0 bounds: (583,735),(600,733),(601,740),(584,742)
COMBOS 0.0 bounds: (604,729),(631,726),(632,736),(605,739)
ARE 0.0 bounds: (635,725),(646,724),(647,732),(636,733)
JUST 0.0 bounds: (650,723),(663,721),(664,730),(651,732)
AWESOME 0.0 bounds: (666,720),(699,716),(700,729),(668,733)
