SONS
EE SALE
DEVATHA SIL
DEVATE
DEVATHAS
RATHNA MA
SHIFTED
以ww<mY&M
 0.0 bounds: (111,0),(1024,0),(1024,437),(111,437)
SONS 0.0 bounds: (114,153),(189,167),(186,184),(111,170)
EE 0.0 bounds: (176,194),(204,203),(201,211),(173,203)
SALE 0.0 bounds: (205,203),(227,210),(224,218),(202,212)
DEVATHA 0.0 bounds: (909,306),(984,286),(989,304),(914,324)
SIL 0.0 bounds: (990,286),(1019,278),(1024,296),(995,303)
DEVATE 0.0 bounds: (954,327),(1018,312),(1023,333),(959,348)
DEVATHAS 0.0 bounds: (895,375),(939,364),(943,381),(900,392)
RATHNA 0.0 bounds: (698,419),(736,413),(738,431),(701,437)
MA 0.0 bounds: (738,412),(761,408),(764,427),(741,431)
SHIFTED 0.0 bounds: (894,420),(923,418),(924,428),(895,430)
以 0.0 bounds: (190,5),(189,12),(156,7),(157,0)
ww 0.0 bounds: (193,21),(188,58),(144,51),(149,15)
< 0.0 bounds: (181,66),(179,81),(146,76),(148,61)
mY 0.0 bounds: (180,90),(175,128),(139,122),(144,85)
& 0.0 bounds: (171,137),(169,152),(136,147),(138,132)
M 0.0 bounds: (180,163),(177,182),(117,173),(120,154)
