lnda
Asshava
VS ASSOCIATES
Advocates & Legal Consultants
MAITHILA
ఐకిఐిడీఐి బ్యాంతో
ICICI Bank
Fos Lignung
Ar AT
 0.0 bounds: (506,47),(985,47),(985,345),(506,345)
lnda 0.0 bounds: (575,137),(595,129),(597,133),(577,142)
Asshava 0.0 bounds: (545,150),(574,138),(576,145),(548,156)
VS 0.0 bounds: (830,104),(872,88),(878,104),(836,120)
ASSOCIATES 0.0 bounds: (874,87),(979,47),(985,64),(880,104)
Advocates 0.0 bounds: (837,122),(879,107),(881,113),(839,128)
& 0.0 bounds: (884,105),(890,103),(892,109),(886,111)
Legal 0.0 bounds: (893,103),(919,94),(922,100),(895,110)
Consultants 0.0 bounds: (922,91),(979,71),(982,77),(924,98)
MAITHILA 0.0 bounds: (506,320),(586,307),(590,332),(510,345)
ఐకిఐిడీఐి 0.0 bounds: (684,299),(727,293),(729,312),(687,318)
బ్యాంతో 0.0 bounds: (729,293),(757,289),(759,308),(732,312)
ICICI 0.0 bounds: (633,322),(673,317),(675,335),(635,340)
Bank 0.0 bounds: (675,318),(709,314),(711,331),(677,335)
Fos 0.0 bounds: (888,260),(920,256),(922,273),(890,277)
Lignung 0.0 bounds: (920,258),(980,251),(981,266),(922,273)
Ar 0.0 bounds: (733,330),(755,328),(755,334),(734,336)
AT 0.0 bounds: (757,328),(762,328),(763,334),(758,334)
