HomeSo
N PERFECT
Home Stop
99/
Aome Stop
OREAL
Splash
SALE
Owals
CITY
 0.0 bounds: (0,232),(796,232),(796,522),(0,522)
HomeSo 0.0 bounds: (766,232),(796,244),(792,252),(763,240)
N 0.0 bounds: (1,240),(6,241),(5,247),(0,246)
PERFECT 0.0 bounds: (14,239),(55,246),(54,256),(12,250)
Home 0.0 bounds: (693,264),(721,272),(716,289),(688,280)
Stop 0.0 bounds: (723,273),(736,277),(732,293),(718,289)
99/ 0.0 bounds: (3,260),(18,262),(17,272),(2,271)
Aome 0.0 bounds: (593,288),(616,281),(620,294),(597,301)
Stop 0.0 bounds: (618,280),(634,275),(638,287),(622,292)
OREAL 0.0 bounds: (7,282),(60,287),(58,304),(5,299)
Splash 0.0 bounds: (282,356),(306,355),(306,366),(282,367)
SALE 0.0 bounds: (285,374),(304,373),(304,383),(285,384)
Owals 0.0 bounds: (405,506),(435,505),(435,513),(405,514)
CITY 0.0 bounds: (645,515),(691,513),(691,520),(645,522)
