SAS
WEIGHT LOSS CENTER
ODH SHEKHA
EVELOPERS
VA
ఐవా బ్యాబరిా
ATTERIE
AN AGEICIES
MeneMES POWER SOURCE
हर
TRME
 0.0 bounds: (0,58),(778,58),(778,352),(0,352)
SAS 0.0 bounds: (206,58),(350,95),(340,134),(196,97)
WEIGHT 0.0 bounds: (207,94),(267,110),(262,127),(203,110)
LOSS 0.0 bounds: (273,112),(307,121),(303,136),(269,126)
CENTER 0.0 bounds: (312,122),(362,136),(358,153),(307,139)
ODH 0.0 bounds: (657,197),(694,207),(690,221),(653,211)
SHEKHA 0.0 bounds: (699,208),(758,224),(754,238),(695,222)
EVELOPERS 0.0 bounds: (679,217),(747,233),(745,242),(677,226)
VA 0.0 bounds: (4,111),(34,117),(30,138),(0,132)
ఐవా 0.0 bounds: (99,140),(135,148),(133,157),(97,149)
బ్యాబరిా 0.0 bounds: (146,148),(221,165),(218,179),(143,163)
ATTERIE 0.0 bounds: (2,132),(28,136),(27,144),(1,140)
AN 0.0 bounds: (654,270),(699,273),(696,306),(651,303)
AGEICIES 0.0 bounds: (701,273),(778,279),(775,313),(698,307)
MeneMES 0.0 bounds: (85,197),(140,207),(137,223),(82,214)
POWER 0.0 bounds: (145,206),(184,213),(181,231),(142,224)
SOURCE 0.0 bounds: (186,214),(229,222),(226,239),(183,232)
हर 0.0 bounds: (2,194),(17,196),(16,204),(1,202)
TRME 0.0 bounds: (648,336),(681,341),(679,352),(646,347)
