PADMASHRI SILKS & SAREES
రా సస్టి
WITH GOVT. REBATE
PADMASHRI SILKS & SAREES
KANCHEEPURAM SILK WEAVERS SOCIETY SAREES
ALAR 30CIETY
వేదకి నిల్ అండో శారినో
చే.ఎ జాంత
O TITAN
PADMASHRI
K.S. COMPLEX
SILKS & SAREES
ERI MAGAJI
TEXTILES
ader tte OMaxell Times
WEXTILES
ack
VEO
OONE GOLD
 0.0 bounds: (0,157),(933,157),(933,771),(0,771)
PADMASHRI 0.0 bounds: (406,157),(503,160),(502,182),(405,179)
SILKS 0.0 bounds: (511,161),(559,163),(558,185),(510,183)
& 0.0 bounds: (569,164),(577,164),(576,184),(568,184)
SAREES 0.0 bounds: (584,164),(649,166),(648,187),(583,185)
రా 0.0 bounds: (3,275),(46,277),(44,304),(2,302)
సస్టి 0.0 bounds: (58,278),(152,283),(150,309),(57,304)
WITH 0.0 bounds: (1,305),(41,307),(40,324),(0,322)
GOVT. 0.0 bounds: (49,309),(94,311),(93,324),(48,322)
REBATE 0.0 bounds: (106,312),(167,314),(166,326),(106,324)
PADMASHRI 0.0 bounds: (368,309),(492,314),(491,333),(367,328)
SILKS 0.0 bounds: (501,311),(563,313),(562,336),(500,334)
& 0.0 bounds: (573,317),(586,317),(585,334),(572,334)
SAREES 0.0 bounds: (594,316),(677,319),(676,338),(593,335)
KANCHEEPURAM 0.0 bounds: (395,333),(479,336),(479,342),(395,339)
SILK 0.0 bounds: (483,336),(504,337),(504,342),(483,341)
WEAVERS 0.0 bounds: (508,335),(564,337),(564,345),(508,343)
SOCIETY 0.0 bounds: (569,339),(605,340),(605,345),(569,344)
SAREES 0.0 bounds: (609,340),(648,342),(648,348),(609,346)
ALAR 0.0 bounds: (2,390),(128,397),(125,437),(0,430)
30CIETY 0.0 bounds: (137,398),(275,406),(272,446),(135,438)
వేదకి 0.0 bounds: (353,430),(379,431),(378,445),(353,444)
నిల్ 0.0 bounds: (383,431),(395,431),(395,445),(383,445)
అండో 0.0 bounds: (402,431),(423,432),(422,446),(402,445)
శారినో 0.0 bounds: (429,433),(463,434),(463,447),(429,446)
చే.ఎ 0.0 bounds: (202,450),(228,451),(228,462),(202,461)
జాంత 0.0 bounds: (258,451),(296,452),(296,464),(258,463)
O 0.0 bounds: (40,452),(65,453),(64,480),(39,479)
TITAN 0.0 bounds: (68,452),(167,454),(166,482),(67,480)
PADMASHRI 0.0 bounds: (374,464),(493,468),(493,480),(374,476)
K.S. 0.0 bounds: (193,469),(239,469),(239,487),(193,487)
COMPLEX 0.0 bounds: (238,469),(320,469),(320,487),(238,487)
SILKS 0.0 bounds: (347,483),(407,485),(407,498),(347,496)
& 0.0 bounds: (417,485),(428,485),(428,497),(417,497)
SAREES 0.0 bounds: (438,486),(517,488),(517,501),(438,499)
ERI 0.0 bounds: (541,488),(575,489),(574,508),(540,507)
MAGAJI 0.0 bounds: (582,491),(647,493),(646,509),(582,507)
TEXTILES 0.0 bounds: (574,511),(648,510),(648,524),(574,525)
ader 0.0 bounds: (1,483),(40,484),(40,490),(1,489)
tte 0.0 bounds: (46,484),(72,485),(72,492),(46,491)
OMaxell 0.0 bounds: (78,484),(131,485),(131,494),(78,493)
Times 0.0 bounds: (137,486),(175,487),(175,493),(137,492)
WEXTILES 0.0 bounds: (649,522),(702,523),(702,533),(649,532)
ack 0.0 bounds: (29,579),(57,579),(57,588),(29,588)
VEO 0.0 bounds: (69,616),(103,616),(103,634),(69,634)
OONE 0.0 bounds: (840,763),(886,758),(887,766),(841,771)
GOLD 0.0 bounds: (896,755),(932,751),(933,763),(897,767)
