(కోవాశాలక నేంటరో
KARNATAKA BOOK CENTRE SHIVAM MARKETIN
KAMAT HOTEL
Dealers in All Kinds of Books
No. 43/1, Avenue Rood, Bengaluru - 560 002.
HARSHA
www ...
VENKATADRIJEW
ZEN
 0.0 bounds: (75,102),(1040,102),(1040,467),(75,467)
(కోవాశాలక 0.0 bounds: (551,242),(610,201),(627,225),(568,266)
నేంటరో 0.0 bounds: (657,169),(714,130),(730,153),(673,192)
KARNATAKA 0.0 bounds: (549,280),(618,241),(634,269),(565,308)
BOOK 0.0 bounds: (620,241),(663,217),(677,243),(635,267)
CENTRE 0.0 bounds: (665,216),(730,179),(745,206),(680,242)
SHIVAM 0.0 bounds: (733,178),(781,151),(796,177),(748,204)
MARKETIN 0.0 bounds: (770,156),(865,103),(881,131),(786,184)
KAMAT 0.0 bounds: (75,432),(93,432),(93,438),(75,438)
HOTEL 0.0 bounds: (95,430),(112,430),(112,441),(95,441)
Dealers 0.0 bounds: (566,318),(601,299),(611,317),(575,336)
in 0.0 bounds: (605,298),(614,293),(623,310),(614,315)
All 0.0 bounds: (616,292),(633,283),(642,300),(625,309)
Kinds 0.0 bounds: (634,282),(664,266),(673,284),(643,300)
of 0.0 bounds: (666,265),(682,257),(691,273),(675,282)
Books 0.0 bounds: (684,254),(722,234),(731,251),(693,272)
No. 0.0 bounds: (578,339),(588,334),(592,343),(582,348)
43/1, 0.0 bounds: (589,333),(602,327),(607,339),(595,345)
Avenue 0.0 bounds: (605,328),(625,319),(629,327),(609,336)
Rood, 0.0 bounds: (629,316),(644,309),(649,318),(633,325)
Bengaluru 0.0 bounds: (647,305),(680,289),(686,301),(653,317)
- 0.0 bounds: (686,294),(688,293),(688,294),(686,295)
560 0.0 bounds: (690,286),(704,280),(707,288),(694,294)
002. 0.0 bounds: (706,279),(721,272),(725,280),(710,287)
HARSHA 0.0 bounds: (895,217),(1022,160),(1039,199),(913,256)
www 0.0 bounds: (497,413),(511,405),(514,410),(500,418)
... 0.0 bounds: (536,391),(546,385),(549,390),(539,396)
VENKATADRIJEW 0.0 bounds: (558,453),(625,434),(629,447),(562,466)
ZEN 0.0 bounds: (635,463),(658,461),(658,465),(635,467)
