3-TRAC
nad uas es
a Da toe
a Gaie dor
FREEuse 2 a ubrdau dore
బించనానం
BM
dda BM TC
 0.0 bounds: (9,-2),(1021,-2),(1021,431),(9,431)
3-TRAC 0.0 bounds: (12,-2),(49,8),(46,19),(9,9)
nad 0.0 bounds: (689,248),(709,251),(708,260),(688,257)
uas 0.0 bounds: (711,254),(742,258),(741,264),(710,260)
es 0.0 bounds: (745,256),(761,258),(760,265),(744,263)
a 0.0 bounds: (661,274),(674,274),(674,279),(661,279)
Da 0.0 bounds: (681,273),(689,273),(689,280),(681,280)
toe 0.0 bounds: (714,278),(725,278),(725,281),(714,281)
a 0.0 bounds: (933,321),(938,321),(939,328),(934,328)
Gaie 0.0 bounds: (955,318),(973,317),(973,324),(956,325)
dor 0.0 bounds: (1002,317),(1021,316),(1021,321),(1002,322)
FREEuse 0.0 bounds: (588,338),(650,335),(651,345),(589,349)
2 0.0 bounds: (658,334),(672,333),(673,344),(659,345)
a 0.0 bounds: (677,333),(684,333),(685,344),(678,344)
ubrdau 0.0 bounds: (694,332),(722,330),(722,339),(695,341)
dore 0.0 bounds: (725,331),(737,330),(737,337),(725,338)
బించనానం 0.0 bounds: (896,396),(943,396),(943,405),(896,405)
BM 0.0 bounds: (995,395),(1018,391),(1020,403),(997,407)
dda 0.0 bounds: (161,425),(180,424),(180,430),(161,431)
BM 0.0 bounds: (195,426),(205,426),(205,430),(195,430)
TC 0.0 bounds: (208,425),(215,425),(215,430),(208,430)
