RACE
G
575 888493575
K.S.R.
PG
OR
DIES
FOR
CROSS
"ORE SHOP
GARDEN
GENTS
Double Road
Bus Stop
166493
569314
8884393575
8074366893
B88439375 a8439
TAKE 'A' BREAK
G& NONVEG
RENALAT E
estaurant
S TRALD
TMEALS
PAROTA
CHAPATN
CHINESE
TANDOOR
JICE
MILISAE
 0.0 bounds: (0,221),(632,221),(632,694),(0,694)
RACE 0.0 bounds: (8,221),(90,243),(82,273),(0,251)
G 0.0 bounds: (17,253),(88,271),(71,338),(0,320)
575 0.0 bounds: (156,291),(172,294),(170,306),(154,303)
888493575 0.0 bounds: (175,294),(221,302),(219,315),(173,307)
K.S.R. 0.0 bounds: (157,304),(184,310),(181,323),(154,317)
PG 0.0 bounds: (120,304),(214,320),(203,380),(110,364)
OR 0.0 bounds: (2,305),(16,307),(14,325),(0,323)
DIES 0.0 bounds: (5,321),(71,329),(68,358),(1,350)
FOR 0.0 bounds: (141,346),(162,348),(160,362),(140,360)
CROSS 0.0 bounds: (2,352),(67,359),(65,373),(0,366)
"ORE 0.0 bounds: (1,369),(29,371),(28,384),(0,382)
SHOP 0.0 bounds: (34,374),(67,376),(66,385),(33,383)
GARDEN 0.0 bounds: (9,385),(64,388),(63,397),(8,394)
GENTS 0.0 bounds: (115,361),(201,368),(198,396),(113,389)
Double 0.0 bounds: (111,390),(164,393),(163,411),(110,408)
Road 0.0 bounds: (169,395),(204,397),(203,413),(168,411)
Bus 0.0 bounds: (128,405),(153,407),(152,420),(127,418)
Stop 0.0 bounds: (158,407),(187,409),(186,424),(157,422)
166493 0.0 bounds: (1,397),(64,399),(63,419),(0,417)
569314 0.0 bounds: (1,418),(63,420),(62,440),(0,438)
8884393575 0.0 bounds: (105,423),(205,423),(205,452),(105,452)
8074366893 0.0 bounds: (102,453),(205,449),(206,468),(103,472)
B88439375 0.0 bounds: (100,478),(153,474),(154,484),(101,488)
a8439 0.0 bounds: (155,474),(190,471),(191,481),(156,484)
TAKE 0.0 bounds: (241,497),(265,497),(265,505),(241,505)
'A' 0.0 bounds: (268,497),(279,497),(279,505),(268,505)
BREAK 0.0 bounds: (282,499),(310,499),(310,506),(282,506)
G& 0.0 bounds: (242,509),(266,509),(266,519),(242,519)
NONVEG 0.0 bounds: (271,509),(311,510),(311,520),(271,519)
RENALAT 0.0 bounds: (600,527),(624,526),(624,534),(600,535)
E 0.0 bounds: (626,527),(632,527),(632,534),(626,534)
estaurant 0.0 bounds: (261,523),(296,523),(296,530),(261,530)
S 0.0 bounds: (256,564),(261,564),(262,573),(257,573)
TRALD 0.0 bounds: (263,564),(278,563),(279,573),(264,574)
TMEALS 0.0 bounds: (253,580),(275,578),(276,585),(254,587)
PAROTA 0.0 bounds: (218,610),(245,607),(246,618),(219,621)
CHAPATN 0.0 bounds: (219,626),(249,621),(250,629),(221,635)
CHINESE 0.0 bounds: (218,638),(243,635),(244,644),(219,647)
TANDOOR 0.0 bounds: (212,654),(245,650),(246,659),(213,664)
JICE 0.0 bounds: (214,671),(231,668),(232,675),(215,678)
MILISAE 0.0 bounds: (210,683),(248,675),(250,685),(212,694)
