TENTA
WE FNCY Se
MAHARAJA FASHION
L.R.S. PHOTO FRAMES
PRA MARKET
 0.0 bounds: (246,149),(940,149),(940,350),(246,350)
TENTA 0.0 bounds: (597,176),(640,150),(649,166),(606,191)
WE 0.0 bounds: (605,261),(610,258),(612,261),(606,264)
FNCY 0.0 bounds: (614,257),(626,251),(627,255),(616,261)
Se 0.0 bounds: (629,250),(645,242),(648,248),(632,255)
MAHARAJA 0.0 bounds: (792,234),(877,240),(875,262),(790,256)
FASHION 0.0 bounds: (883,240),(940,244),(938,266),(881,262)
L.R.S. 0.0 bounds: (246,333),(318,331),(318,348),(246,350)
PHOTO 0.0 bounds: (321,331),(401,329),(401,345),(321,347)
FRAMES 0.0 bounds: (402,329),(490,327),(490,342),(402,344)
PRA 0.0 bounds: (624,305),(652,306),(652,319),(624,318)
MARKET 0.0 bounds: (656,306),(706,308),(706,322),(656,320)
