anDward
SALMAN p
Design House
ONDONCOC
HA
1ATA
HORN
SOUND
 0.0 bounds: (47,74),(849,74),(849,300),(47,300)
anDward 0.0 bounds: (819,197),(848,192),(849,200),(820,205)
SALMAN 0.0 bounds: (55,74),(96,92),(92,102),(51,84)
p 0.0 bounds: (121,101),(135,107),(130,118),(116,112)
Design 0.0 bounds: (55,88),(98,104),(91,125),(47,109)
House 0.0 bounds: (103,106),(140,119),(133,136),(97,123)
ONDONCOC 0.0 bounds: (193,109),(228,130),(222,141),(186,120)
HA 0.0 bounds: (195,126),(204,130),(200,139),(191,135)
1ATA 0.0 bounds: (380,240),(527,230),(530,275),(383,285)
HORN 0.0 bounds: (487,284),(544,282),(544,292),(487,294)
SOUND 0.0 bounds: (384,292),(447,289),(447,297),(384,300)
