decdidlach atto tond fet
® NO PARKING
BIRLA
SHAKT
 0.0 bounds: (231,520),(326,520),(326,677),(231,677)
decdidlach 0.0 bounds: (232,520),(265,522),(264,539),(231,537)
atto 0.0 bounds: (269,523),(283,524),(282,538),(268,537)
tond 0.0 bounds: (286,524),(305,525),(304,538),(285,537)
fet 0.0 bounds: (307,523),(326,524),(325,541),(306,540)
® 0.0 bounds: (237,551),(248,551),(248,568),(237,568)
NO 0.0 bounds: (254,553),(267,553),(267,567),(254,567)
PARKING 0.0 bounds: (270,552),(305,552),(305,566),(270,566)
BIRLA 0.0 bounds: (247,635),(297,626),(301,647),(251,657)
SHAKT 0.0 bounds: (239,659),(298,645),(303,664),(243,678)
