s.
tir.
ID V
Co)
Valdya Pharmacy (Colmbutore)Lted
GIRAF e IDEA
Coaching
PUC CET
AIEEE NATA
9845545985
INTERIC
FASHIC
DESIG
 0.0 bounds: (24,96),(746,96),(746,271),(24,271)
s. 0.0 bounds: (640,96),(656,96),(656,106),(640,106)
tir. 0.0 bounds: (24,194),(54,192),(55,201),(25,203)
ID 0.0 bounds: (615,163),(650,153),(655,170),(620,180)
V 0.0 bounds: (659,150),(690,141),(695,158),(664,167)
Co) 0.0 bounds: (94,252),(128,249),(128,255),(95,258)
Valdya 0.0 bounds: (67,263),(83,261),(84,269),(68,271)
Pharmacy 0.0 bounds: (85,262),(108,259),(109,267),(86,270)
(Colmbutore)Lted 0.0 bounds: (110,258),(165,252),(166,260),(111,266)
GIRAF 0.0 bounds: (598,194),(638,183),(642,201),(603,211)
e 0.0 bounds: (643,182),(653,179),(657,197),(648,199)
IDEA 0.0 bounds: (660,176),(692,167),(697,185),(665,193)
Coaching 0.0 bounds: (604,210),(637,202),(640,213),(606,221)
PUC 0.0 bounds: (613,225),(625,223),(626,231),(615,233)
CET 0.0 bounds: (631,219),(654,215),(656,225),(633,230)
AIEEE 0.0 bounds: (609,234),(626,230),(628,241),(612,245)
NATA 0.0 bounds: (629,229),(653,223),(656,234),(632,240)
9845545985 0.0 bounds: (608,242),(653,236),(654,247),(610,253)
INTERIC 0.0 bounds: (716,169),(745,166),(746,173),(717,176)
FASHIC 0.0 bounds: (717,175),(745,173),(745,180),(718,182)
DESIG 0.0 bounds: (718,184),(745,182),(745,188),(718,190)
