The Specialist
Cancer Care
abting ite to e
PATIENT M
3OMAJUBMA
 0.0 bounds: (60,131),(207,131),(207,453),(60,453)
The 0.0 bounds: (157,131),(175,142),(166,157),(148,145)
Specialist 0.0 bounds: (176,143),(205,161),(196,176),(167,157)
Cancer 0.0 bounds: (165,156),(191,172),(182,186),(156,171)
Care 0.0 bounds: (193,171),(207,179),(198,194),(184,186)
abting 0.0 bounds: (99,141),(116,151),(110,162),(92,152)
ite 0.0 bounds: (118,152),(128,158),(122,169),(111,163)
to 0.0 bounds: (131,159),(136,162),(130,173),(124,170)
e 0.0 bounds: (138,163),(144,167),(138,177),(132,173)
PATIENT 0.0 bounds: (60,409),(84,407),(85,420),(61,422)
M 0.0 bounds: (86,407),(90,407),(91,418),(87,418)
3OMAJUBMA 0.0 bounds: (87,432),(148,423),(151,444),(90,453)
