Rs. 2500
1.145.HOTEL
ntartry Road. Bangaioe 001
Call: 42440550
Rooms&Sutes Converton Coter
Bant Ha Muue art
 0.0 bounds: (786,467),(1016,467),(1016,587),(786,587)
Rs. 0.0 bounds: (786,468),(799,468),(799,474),(786,474)
2500 0.0 bounds: (801,467),(814,467),(814,474),(801,474)
1.145.HOTEL 0.0 bounds: (904,485),(1014,492),(1013,510),(903,503)
ntartry 0.0 bounds: (907,510),(928,511),(928,518),(907,517)
Road. 0.0 bounds: (931,510),(948,511),(948,517),(931,516)
Bangaioe 0.0 bounds: (951,511),(980,512),(980,519),(951,518)
001 0.0 bounds: (986,511),(1011,512),(1011,520),(986,519)
Call: 0.0 bounds: (914,535),(936,535),(936,550),(914,550)
42440550 0.0 bounds: (937,535),(1007,535),(1007,551),(937,551)
Rooms&Sutes 0.0 bounds: (894,565),(939,566),(939,572),(894,571)
Converton 0.0 bounds: (947,565),(980,566),(980,574),(947,573)
Coter 0.0 bounds: (982,566),(1001,567),(1001,575),(982,574)
Bant 0.0 bounds: (891,575),(918,576),(918,581),(891,580)
Ha 0.0 bounds: (921,576),(934,576),(934,581),(921,581)
Muue 0.0 bounds: (946,576),(985,577),(985,586),(946,585)
art 0.0 bounds: (1004,578),(1016,578),(1016,587),(1004,587)
