LON
ng h
Quing human
Swas vekananda Road
 0.0 bounds: (-1,-3),(458,-3),(458,354),(-1,354)
LON 0.0 bounds: (3,-3),(82,7),(78,42),(-1,33)
ng 0.0 bounds: (1,189),(8,189),(7,206),(0,206)
h 0.0 bounds: (10,190),(14,190),(13,206),(9,206)
Quing 0.0 bounds: (238,223),(255,226),(253,237),(236,234)
human 0.0 bounds: (257,229),(278,233),(276,239),(256,235)
Swas 0.0 bounds: (366,332),(390,335),(389,347),(365,345)
vekananda 0.0 bounds: (405,338),(439,342),(438,353),(404,350)
Road 0.0 bounds: (442,341),(458,343),(457,354),(441,352)
