DEVATHA SILKS HOUSE
DEVATHA'S
DAVA
EWELLERS
RATHNA MA
SHIFTED TO
ఉయలలో
ETAILERS&EXPORTERS
Unique Gold
Collections.,!
Davanam
 0.0 bounds: (205,5),(982,5),(982,283),(205,283)
DEVATHA 0.0 bounds: (386,143),(450,122),(457,144),(394,166)
SILKS 0.0 bounds: (451,122),(492,108),(500,134),(460,148)
HOUSE 0.0 bounds: (494,107),(552,88),(561,114),(503,134)
DEVATHA'S 0.0 bounds: (431,164),(508,141),(514,162),(437,185)
DAVA 0.0 bounds: (616,59),(776,5),(799,73),(639,126)
EWELLERS 0.0 bounds: (640,115),(912,44),(924,89),(652,160)
RATHNA 0.0 bounds: (205,263),(250,254),(254,273),(209,282)
MA 0.0 bounds: (255,253),(276,249),(279,267),(258,271)
SHIFTED 0.0 bounds: (389,255),(412,253),(413,261),(390,263)
TO 0.0 bounds: (416,253),(422,253),(423,260),(417,261)
ఉయలలో 0.0 bounds: (442,246),(583,223),(589,259),(448,283)
ETAILERS&EXPORTERS 0.0 bounds: (625,216),(976,159),(982,193),(631,251)
Unique 0.0 bounds: (803,246),(844,241),(845,253),(805,258)
Gold 0.0 bounds: (853,239),(878,236),(879,249),(855,252)
Collections.,! 0.0 bounds: (823,256),(901,248),(902,261),(825,270)
Davanam 0.0 bounds: (905,233),(965,229),(965,238),(906,242)
