TRESC
DIGJAM
Floor
ASHTA LAKSHA SILK SOCIETY.
SHOBA
EWELLERS
GOVT. REBATE
upto 30% TO 40% o
Eatlusive in Wedding Sares Colection
Wholesale Deales in
LINENCLU
Tt Floor
SONS
DESIGN STUDIO FOR MEN
HONDA eCoons
24-AAつA|
ATIONS
SIGN STUNO
 0.0 bounds: (95,0),(1023,0),(1023,549),(95,549)
TRESC 0.0 bounds: (361,94),(397,91),(398,101),(362,104)
DIGJAM 0.0 bounds: (368,130),(406,127),(407,139),(369,142)
Floor 0.0 bounds: (903,138),(933,134),(934,143),(904,147)
ASHTA 0.0 bounds: (309,191),(334,191),(334,203),(309,203)
LAKSHA 0.0 bounds: (336,190),(362,190),(362,203),(336,203)
SILK 0.0 bounds: (366,190),(381,190),(381,202),(366,202)
SOCIETY. 0.0 bounds: (383,189),(412,189),(412,202),(383,202)
SHOBA 0.0 bounds: (916,157),(940,153),(940,158),(917,162)
EWELLERS 0.0 bounds: (911,163),(951,157),(952,164),(912,170)
GOVT. 0.0 bounds: (323,217),(354,217),(354,227),(323,227)
REBATE 0.0 bounds: (361,213),(413,212),(413,228),(361,229)
upto 0.0 bounds: (316,234),(336,233),(336,245),(316,246)
30% 0.0 bounds: (340,233),(356,232),(356,241),(340,242)
TO 0.0 bounds: (361,232),(371,232),(371,241),(361,241)
40% 0.0 bounds: (374,232),(391,231),(391,243),(374,244)
o 0.0 bounds: (394,232),(407,232),(407,244),(394,244)
Eatlusive 0.0 bounds: (313,255),(336,254),(336,259),(313,260)
in 0.0 bounds: (339,256),(342,256),(342,259),(339,259)
Wedding 0.0 bounds: (345,254),(366,254),(366,260),(345,260)
Sares 0.0 bounds: (370,254),(385,254),(385,259),(370,259)
Colection 0.0 bounds: (388,254),(412,253),(412,259),(388,260)
Wholesale 0.0 bounds: (331,268),(361,268),(361,274),(331,274)
Deales 0.0 bounds: (362,268),(384,268),(384,273),(362,273)
in 0.0 bounds: (386,269),(391,269),(391,273),(386,273)
LINENCLU 0.0 bounds: (156,287),(220,275),(222,288),(158,300)
Tt 0.0 bounds: (350,289),(372,289),(372,296),(350,296)
Floor 0.0 bounds: (374,289),(393,289),(393,296),(374,296)
SONS 0.0 bounds: (439,317),(461,315),(461,321),(439,323)
DESIGN 0.0 bounds: (135,393),(167,389),(168,397),(136,401)
STUDIO 0.0 bounds: (171,389),(202,385),(203,393),(172,397)
FOR 0.0 bounds: (206,385),(222,383),(223,390),(207,392)
MEN 0.0 bounds: (225,383),(244,381),(245,388),(226,390)
HONDA 0.0 bounds: (195,544),(230,540),(230,545),(196,549)
eCoons 0.0 bounds: (238,537),(276,532),(277,540),(239,545)
24 0.0 bounds: (973,4),(1003,0),(1009,49),(979,53)
- 0.0 bounds: (986,57),(1003,55),(1004,67),(987,69)
AA 0.0 bounds: (986,76),(1007,74),(1010,103),(990,106)
つ 0.0 bounds: (993,111),(1012,109),(1013,121),(994,123)
A 0.0 bounds: (997,128),(1011,126),(1012,138),(998,140)
| 0.0 bounds: (990,146),(1019,143),(1023,174),(994,178)
ATIONS 0.0 bounds: (918,15),(933,145),(895,149),(880,19)
SIGN 0.0 bounds: (126,0),(214,89),(184,119),(96,30)
STUNO 0.0 bounds: (216,90),(286,160),(255,190),(186,120)
