MAHA
L CEMENT
EMAHA
CEMENT
MAHA
MAHA
ato
BMTC
KAD
 0.0 bounds: (188,394),(690,394),(690,721),(188,721)
MAHA 0.0 bounds: (566,426),(604,417),(606,426),(568,435)
L 0.0 bounds: (575,433),(579,432),(580,439),(577,440)
CEMENT 0.0 bounds: (581,431),(599,427),(600,435),(583,439)
EMAHA 0.0 bounds: (638,409),(687,395),(690,404),(641,419)
CEMENT 0.0 bounds: (653,412),(681,406),(683,413),(654,419)
MAHA 0.0 bounds: (454,452),(479,447),(479,452),(455,457)
MAHA 0.0 bounds: (503,442),(534,433),(536,440),(505,449)
ato 0.0 bounds: (490,528),(513,526),(514,537),(491,539)
BMTC 0.0 bounds: (537,524),(578,520),(579,529),(538,534)
KAD 0.0 bounds: (188,711),(205,708),(207,718),(190,721)
