ISLAMIC BO
Fiama
LLS
-Gel
CONTACT
FUL SKIN
9741535353
8867472799
he Mege
RES
SOGNTM
Indigo CS
TATA
 0.0 bounds: (1,137),(1023,137),(1023,605),(1,605)
ISLAMIC 0.0 bounds: (894,150),(980,142),(981,155),(895,163)
BO 0.0 bounds: (992,140),(1022,137),(1023,150),(993,153)
Fiama 0.0 bounds: (307,195),(377,207),(374,226),(304,215)
LLS 0.0 bounds: (337,222),(370,225),(369,236),(336,233)
-Gel 0.0 bounds: (346,240),(368,242),(367,250),(345,248)
CONTACT 0.0 bounds: (197,248),(223,248),(223,252),(197,252)
FUL 0.0 bounds: (346,253),(359,254),(358,260),(345,259)
SKIN 0.0 bounds: (361,255),(377,256),(376,262),(360,261)
9741535353 0.0 bounds: (171,253),(245,253),(245,265),(171,265)
8867472799 0.0 bounds: (172,266),(244,266),(244,278),(172,278)
he 0.0 bounds: (639,400),(654,398),(655,404),(640,406)
Mege 0.0 bounds: (656,398),(670,396),(671,402),(657,404)
RES 0.0 bounds: (1,499),(24,499),(24,512),(1,512)
SOGNTM 0.0 bounds: (81,570),(24,576),(23,559),(79,553)
Indigo 0.0 bounds: (353,597),(376,597),(376,602),(353,602)
CS 0.0 bounds: (378,595),(389,595),(389,601),(378,601)
TATA 0.0 bounds: (275,597),(293,596),(293,604),(275,605)
