చిగో బజారో
fbb
INAS FASHION HU
BIG BAZAAR
CEETLIPURER JACETETCAPE COAS LOVERCOATS
 0.0 bounds: (0,64),(281,64),(281,351),(0,351)
చిగో 0.0 bounds: (215,64),(237,69),(236,78),(213,73)
బజారో 0.0 bounds: (242,72),(281,80),(279,89),(240,81)
fbb 0.0 bounds: (192,279),(254,284),(251,315),(189,310)
INAS 0.0 bounds: (189,314),(207,316),(206,321),(188,319)
FASHION 0.0 bounds: (211,317),(235,320),(234,324),(210,321)
HU 0.0 bounds: (238,321),(249,322),(249,325),(238,324)
BIG 0.0 bounds: (187,331),(205,333),(204,345),(186,343)
BAZAAR 0.0 bounds: (208,331),(251,336),(249,350),(206,346)
CEETLIPURER 0.0 bounds: (1,320),(52,325),(51,332),(0,327)
JACETETCAPE 0.0 bounds: (54,325),(99,329),(98,336),(53,332)
COAS 0.0 bounds: (101,330),(115,331),(114,338),(100,337)
LOVERCOATS 0.0 bounds: (119,332),(155,336),(154,342),(118,338)
