PONGEL E L. G.
McDonaln's
JAIL
GRIVE-T
SEATING INIE
8OAJAJ
 0.0 bounds: (566,148),(953,148),(953,392),(566,392)
PONGEL 0.0 bounds: (789,201),(832,181),(837,192),(794,212)
E 0.0 bounds: (845,178),(854,174),(859,185),(850,189)
L. 0.0 bounds: (863,166),(875,160),(882,175),(870,180)
G. 0.0 bounds: (884,157),(902,148),(908,162),(890,171)
McDonaln's 0.0 bounds: (566,302),(613,302),(613,312),(566,312)
JAIL 0.0 bounds: (924,285),(951,283),(952,294),(925,296)
GRIVE-T 0.0 bounds: (575,350),(613,350),(613,354),(575,354)
SEATING 0.0 bounds: (572,362),(597,363),(597,367),(572,366)
INIE 0.0 bounds: (599,363),(617,364),(617,368),(599,367)
8OAJAJ 0.0 bounds: (890,376),(950,366),(953,382),(893,392)
