Aljann Taeam
Kashmiri Wazwan
Take Away Only
Al Fake
Mobe
En delier isa allate ctact
 0.0 bounds: (25,212),(306,212),(306,343),(25,343)
Aljann 0.0 bounds: (35,212),(103,218),(99,257),(32,251)
Taeam 0.0 bounds: (107,218),(175,224),(171,264),(104,258)
Kashmiri 0.0 bounds: (67,255),(104,257),(103,270),(66,268)
Wazwan 0.0 bounds: (107,257),(141,259),(140,270),(106,268)
Take 0.0 bounds: (71,276),(91,276),(91,287),(71,287)
Away 0.0 bounds: (95,277),(116,277),(116,290),(95,290)
Only 0.0 bounds: (119,276),(136,276),(136,289),(119,289)
Al 0.0 bounds: (258,258),(281,258),(281,268),(258,268)
Fake 0.0 bounds: (284,257),(306,257),(306,268),(284,268)
Mobe 0.0 bounds: (270,299),(293,299),(293,310),(270,310)
En 0.0 bounds: (25,336),(42,334),(43,341),(26,343)
delier 0.0 bounds: (45,333),(72,330),(73,338),(46,341)
isa 0.0 bounds: (75,329),(87,328),(88,335),(76,336)
allate 0.0 bounds: (91,328),(118,325),(119,332),(92,335)
ctact 0.0 bounds: (121,326),(140,324),(140,328),(121,330)
