ho
శ్రీరామో
ప్రీ మ
Sermab d3E
PA A EVERV
 0.0 bounds: (223,113),(1023,113),(1023,310),(223,310)
ho 0.0 bounds: (1012,113),(1023,113),(1023,118),(1012,118)
శ్రీరామో 0.0 bounds: (249,219),(327,223),(326,239),(248,235)
ప్రీ 0.0 bounds: (224,242),(232,243),(231,251),(223,250)
మ 0.0 bounds: (236,243),(243,244),(242,250),(235,250)
Sermab 0.0 bounds: (440,246),(473,249),(472,255),(439,252)
d3E 0.0 bounds: (480,248),(509,250),(508,257),(479,255)
PA 0.0 bounds: (259,300),(272,298),(273,308),(260,310)
A 0.0 bounds: (294,295),(303,294),(304,304),(295,305)
EVERV 0.0 bounds: (314,295),(371,287),(373,295),(315,303)
