నెందిని
nandini
కాడి
SHOPPE
ddo dec I- Mather Dairy
Delight in very b
GAR
 0.0 bounds: (440,291),(681,291),(681,453),(440,453)
నెందిని 0.0 bounds: (440,293),(506,292),(506,313),(440,314)
nandini 0.0 bounds: (550,293),(615,293),(615,307),(550,307)
కాడి 0.0 bounds: (465,319),(488,319),(488,328),(465,328)
SHOPPE 0.0 bounds: (563,316),(602,316),(602,325),(563,325)
ddo 0.0 bounds: (453,337),(475,337),(475,341),(453,341)
dec 0.0 bounds: (480,336),(492,336),(492,340),(480,340)
I- 0.0 bounds: (520,334),(533,334),(533,340),(520,340)
Mather 0.0 bounds: (572,333),(593,333),(593,339),(572,339)
Dairy 0.0 bounds: (595,332),(611,332),(611,339),(595,339)
Delight 0.0 bounds: (617,358),(638,357),(638,364),(617,365)
in 0.0 bounds: (642,358),(646,358),(646,362),(642,362)
very 0.0 bounds: (650,359),(666,359),(666,363),(650,363)
b 0.0 bounds: (669,356),(681,356),(681,362),(669,362)
GAR 0.0 bounds: (565,447),(582,446),(582,452),(565,453)
