CHOOSE ONLINE. BUY OFF-LINE.
NOW WINDOW SHOP FROM YOUR COUCH
WWW.RETALE.IN
HIGH STREET FASHION I DESIGNER I NATIONAL BRANDS
DAep Store e pay
#BEINGLAZY
 0.0 bounds: (187,147),(470,147),(470,347),(187,347)
CHOOSE 0.0 bounds: (213,154),(274,152),(275,169),(214,171)
ONLINE. 0.0 bounds: (280,151),(339,149),(340,166),(281,168)
BUY 0.0 bounds: (345,150),(371,149),(372,164),(346,165)
OFF-LINE. 0.0 bounds: (378,149),(442,147),(443,163),(379,165)
NOW 0.0 bounds: (187,186),(221,184),(222,200),(188,202)
WINDOW 0.0 bounds: (229,182),(292,179),(293,197),(230,200)
SHOP 0.0 bounds: (300,179),(337,177),(338,193),(301,195)
FROM 0.0 bounds: (344,177),(381,175),(382,191),(345,193)
YOUR 0.0 bounds: (387,176),(422,174),(423,189),(388,191)
COUCH 0.0 bounds: (428,175),(469,173),(470,188),(429,190)
WWW.RETALE.IN 0.0 bounds: (254,239),(426,227),(427,251),(256,263)
HIGH 0.0 bounds: (222,281),(244,279),(245,289),(223,291)
STREET 0.0 bounds: (248,278),(280,275),(281,285),(249,288)
FASHION 0.0 bounds: (286,275),(322,272),(323,281),(287,284)
I 0.0 bounds: (329,269),(336,268),(337,280),(330,281)
DESIGNER 0.0 bounds: (336,270),(376,267),(377,278),(337,281)
I 0.0 bounds: (387,264),(391,264),(392,276),(388,276)
NATIONAL 0.0 bounds: (393,263),(428,260),(429,273),(394,276)
BRANDS 0.0 bounds: (431,263),(461,260),(462,270),(432,273)
DAep 0.0 bounds: (311,313),(332,311),(333,322),(312,324)
Store 0.0 bounds: (334,311),(348,310),(349,321),(335,322)
e 0.0 bounds: (358,310),(384,308),(385,316),(359,318)
pay 0.0 bounds: (388,310),(396,309),(396,313),(388,314)
#BEINGLAZY 0.0 bounds: (308,333),(396,323),(398,336),(310,347)
