SOCIE
SAR
SAMBHAV FASHIONS
WHOLESALE RATES
ga Raym
DASEN ARTS SZ 92001
draca a
चातुमास 27
AAILABLE AT
Available at:
Ravinmono WHOLESALE RAT
नेज ौदि
Sultings
yl
MOUROSIEY
BROKERS
We Don't Entertain
m
Ram
 0.0 bounds: (253,0),(903,0),(903,786),(253,786)
SOCIE 0.0 bounds: (298,11),(380,45),(374,61),(291,27)
SAR 0.0 bounds: (310,44),(357,61),(350,81),(303,64)
SAMBHAV 0.0 bounds: (339,287),(480,205),(509,255),(368,336)
FASHIONS 0.0 bounds: (492,199),(790,26),(819,74),(520,247)
WHOLESALE 0.0 bounds: (423,284),(586,205),(604,241),(441,321)
RATES 0.0 bounds: (601,197),(733,133),(751,169),(619,234)
ga 0.0 bounds: (359,211),(444,149),(490,212),(405,274)
Raym 0.0 bounds: (491,115),(647,1),(693,64),(537,178)
DASEN 0.0 bounds: (771,154),(790,145),(795,155),(776,164)
ARTS 0.0 bounds: (792,145),(806,138),(811,147),(796,154)
SZ 0.0 bounds: (808,136),(823,129),(828,138),(812,145)
92001 0.0 bounds: (826,128),(844,119),(849,129),(831,138)
draca 0.0 bounds: (275,265),(304,255),(310,270),(280,280)
a 0.0 bounds: (334,245),(349,240),(354,254),(339,259)
चातुमास 0.0 bounds: (253,329),(320,314),(329,351),(261,366)
27 0.0 bounds: (324,314),(357,307),(365,342),(332,349)
AAILABLE 0.0 bounds: (383,314),(419,298),(424,309),(388,325)
AT 0.0 bounds: (419,298),(425,295),(430,306),(424,309)
Available 0.0 bounds: (561,305),(639,277),(644,290),(565,317)
at: 0.0 bounds: (645,276),(672,266),(676,278),(649,287)
Ravinmono 0.0 bounds: (402,357),(492,334),(501,370),(411,393)
WHOLESALE 0.0 bounds: (501,332),(637,297),(646,332),(510,367)
RAT 0.0 bounds: (644,295),(695,282),(705,318),(653,331)
नेज 0.0 bounds: (266,396),(289,396),(289,411),(266,411)
ौदि 0.0 bounds: (291,395),(329,395),(329,411),(291,411)
Sultings 0.0 bounds: (444,379),(485,369),(487,380),(447,390)
yl 0.0 bounds: (808,455),(896,450),(903,569),(815,575)
MOUROSIEY 0.0 bounds: (533,620),(564,623),(563,630),(532,627)
BROKERS 0.0 bounds: (581,607),(540,606),(540,596),(581,597)
We 0.0 bounds: (597,617),(587,617),(587,607),(597,607)
Don't 0.0 bounds: (585,617),(565,616),(565,605),(585,606)
Entertain 0.0 bounds: (562,616),(522,614),(522,605),(562,607)
m 0.0 bounds: (806,598),(887,598),(887,683),(806,683)
Ram 0.0 bounds: (633,722),(739,742),(731,785),(625,765)
