BLANDNO
cargo
POLMINhe
PUBLI
SN
KUNDAPURAT
6
obe 95349014
9739-010
KA 20 D 8049
 0.0 bounds: (14,231),(705,231),(705,474),(14,474)
BLANDNO 0.0 bounds: (649,239),(681,231),(683,238),(651,246)
cargo 0.0 bounds: (660,294),(692,289),(694,304),(662,309)
POLMINhe 0.0 bounds: (554,349),(598,342),(599,347),(555,354)
PUBLI 0.0 bounds: (661,342),(690,339),(691,351),(662,354)
SN 0.0 bounds: (15,399),(58,401),(57,422),(14,420)
KUNDAPURAT 0.0 bounds: (541,405),(600,399),(601,412),(542,418)
6 0.0 bounds: (369,438),(390,438),(390,453),(369,453)
obe 0.0 bounds: (555,456),(568,456),(568,465),(555,465)
95349014 0.0 bounds: (570,456),(605,457),(605,467),(570,466)
9739-010 0.0 bounds: (568,466),(601,466),(601,474),(568,474)
KA 0.0 bounds: (660,459),(670,459),(670,469),(660,469)
20 0.0 bounds: (672,458),(678,458),(678,469),(672,469)
D 0.0 bounds: (681,458),(687,458),(687,468),(681,468)
8049 0.0 bounds: (689,458),(705,458),(705,468),(689,468)
