RADO
ITZERLAND
TADO NYPERCHROOME
OMATIC CH
CCHRONDGRAP
MA IGH-TECHERAM
VISTHK ROUAN
WMARR OTT
ind a
Fitte You!
CIMDEDITON
A ERSH
 0.0 bounds: (-1,27),(854,27),(854,361),(-1,361)
RADO 0.0 bounds: (11,27),(105,65),(94,92),(0,55)
ITZERLAND 0.0 bounds: (5,60),(98,96),(94,108),(0,72)
TADO 0.0 bounds: (4,97),(21,103),(17,114),(0,107)
NYPERCHROOME 0.0 bounds: (21,104),(72,124),(70,131),(18,111)
OMATIC 0.0 bounds: (2,110),(29,120),(26,128),(-1,117)
CH 0.0 bounds: (32,122),(39,124),(36,130),(30,128)
CCHRONDGRAP 0.0 bounds: (27,118),(86,135),(83,145),(24,129)
MA 0.0 bounds: (4,124),(15,128),(12,139),(0,135)
IGH-TECHERAM 0.0 bounds: (18,128),(76,147),(72,159),(14,140)
VISTHK 0.0 bounds: (3,138),(34,148),(31,159),(0,148)
ROUAN 0.0 bounds: (34,151),(62,160),(60,168),(31,159)
WMARR 0.0 bounds: (748,310),(826,274),(833,290),(755,325)
OTT 0.0 bounds: (828,274),(845,266),(854,285),(837,293)
ind 0.0 bounds: (652,307),(677,307),(677,321),(652,321)
a 0.0 bounds: (681,307),(689,307),(689,321),(681,321)
Fitte 0.0 bounds: (615,321),(646,321),(646,335),(615,335)
You! 0.0 bounds: (658,321),(686,321),(686,335),(658,335)
CIMDEDITON 0.0 bounds: (638,343),(690,345),(690,353),(638,351)
A 0.0 bounds: (634,354),(638,354),(639,361),(635,361)
ERSH 0.0 bounds: (672,351),(690,350),(690,355),(672,356)
