田
NR LAW QUES
PANNA INDIA
N. RR
UDRPSH
Mcs5453339
 0.0 bounds: (138,199),(567,199),(567,308),(138,308)
田 0.0 bounds: (503,199),(567,209),(556,279),(492,269)
NR 0.0 bounds: (141,210),(166,216),(163,230),(138,224)
LAW 0.0 bounds: (173,218),(208,226),(205,241),(170,233)
QUES 0.0 bounds: (213,225),(247,233),(243,250),(209,242)
PANNA 0.0 bounds: (342,272),(390,283),(386,298),(339,287)
INDIA 0.0 bounds: (395,288),(430,296),(427,308),(392,300)
N. 0.0 bounds: (168,246),(187,248),(186,255),(167,253)
RR 0.0 bounds: (189,248),(213,251),(212,259),(188,256)
UDRPSH 0.0 bounds: (193,251),(236,259),(235,265),(192,257)
Mcs5453339 0.0 bounds: (176,257),(234,269),(233,274),(175,262)
