Home Stop
Home Stop
Hone
KUNDAN CAS
Splash
SALE
 0.0 bounds: (298,255),(837,255),(837,431),(298,431)
Home 0.0 bounds: (789,255),(808,263),(803,275),(784,267)
Stop 0.0 bounds: (810,265),(823,271),(818,282),(805,276)
Home 0.0 bounds: (688,284),(724,299),(717,317),(680,303)
Stop 0.0 bounds: (726,299),(749,308),(742,326),(719,317)
Hone 0.0 bounds: (695,382),(708,384),(707,391),(694,389)
KUNDAN 0.0 bounds: (807,423),(827,423),(827,431),(807,431)
CAS 0.0 bounds: (829,423),(837,423),(837,430),(829,430)
Splash 0.0 bounds: (298,387),(330,387),(330,399),(298,399)
SALE 0.0 bounds: (305,411),(324,411),(324,420),(305,420)
