Rey Mathew C
2559516
25598740
Brands
Bazaar
 0.0 bounds: (152,153),(604,153),(604,237),(152,237)
Rey 0.0 bounds: (167,153),(178,156),(176,162),(165,160)
Mathew 0.0 bounds: (179,157),(199,162),(198,168),(178,163)
C 0.0 bounds: (207,166),(211,167),(210,171),(206,170)
2559516 0.0 bounds: (549,196),(595,193),(596,207),(550,210)
25598740 0.0 bounds: (550,211),(603,207),(604,220),(551,224)
Brands 0.0 bounds: (154,211),(189,216),(187,226),(152,221)
Bazaar 0.0 bounds: (160,224),(195,228),(194,237),(159,233)
