State Ba
Leemas
eemas
TU TA
COMPAON
HAPPY FEET
HIM
HAPPY SOULS
FASHION
250013
CRUELTY
PREE
 0.0 bounds: (1,162),(1023,162),(1023,442),(1,442)
State 0.0 bounds: (623,166),(650,164),(650,171),(624,173)
Ba 0.0 bounds: (656,163),(672,162),(673,171),(657,172)
Leemas 0.0 bounds: (1,175),(42,176),(42,188),(1,187)
eemas 0.0 bounds: (3,205),(43,206),(43,219),(3,218)
TU 0.0 bounds: (784,260),(929,250),(933,309),(788,320)
TA 0.0 bounds: (868,254),(1019,243),(1023,303),(872,314)
COMPAON 0.0 bounds: (738,337),(785,338),(785,350),(738,349)
HAPPY 0.0 bounds: (590,344),(610,345),(610,353),(590,352)
FEET 0.0 bounds: (613,345),(626,345),(626,351),(613,351)
HIM 0.0 bounds: (615,362),(600,362),(600,355),(615,355)
HAPPY 0.0 bounds: (584,368),(606,369),(606,375),(584,374)
SOULS 0.0 bounds: (609,369),(628,370),(628,376),(609,375)
FASHION 0.0 bounds: (748,366),(778,366),(778,375),(748,375)
250013 0.0 bounds: (710,419),(676,417),(676,408),(710,410)
CRUELTY 0.0 bounds: (676,423),(712,423),(712,430),(676,430)
PREE 0.0 bounds: (684,435),(703,435),(703,442),(684,442)
