EC ET
EICHER
OSindhu
CARDO sCS LOT
BUPERSTORE OF LOGEST
 0.0 bounds: (168,371),(259,371),(259,515),(168,515)
EC 0.0 bounds: (216,371),(238,372),(238,381),(216,380)
ET 0.0 bounds: (240,372),(250,372),(250,382),(240,382)
EICHER 0.0 bounds: (193,428),(248,431),(248,440),(193,437)
OSindhu 0.0 bounds: (170,467),(259,475),(257,491),(169,483)
CARDO 0.0 bounds: (193,489),(210,491),(209,495),(193,493)
sCS 0.0 bounds: (214,491),(238,493),(237,499),(213,497)
LOT 0.0 bounds: (241,493),(254,494),(253,500),(240,499)
BUPERSTORE 0.0 bounds: (168,507),(210,509),(210,513),(168,511)
OF 0.0 bounds: (213,510),(221,510),(221,513),(213,513)
LOGEST 0.0 bounds: (224,510),(247,511),(247,515),(224,514)
