SERVO 4T Synth
THE LICENCE e SERVO 4T
TO FLY
 0.0 bounds: (474,5),(501,5),(501,395),(474,395)
SERVO 0.0 bounds: (474,396),(476,327),(492,327),(490,396)
4T 0.0 bounds: (477,323),(478,297),(492,297),(491,323)
Synth 0.0 bounds: (476,292),(477,237),(496,237),(495,292)
THE 0.0 bounds: (478,173),(479,146),(491,146),(490,173)
LICENCE 0.0 bounds: (479,141),(480,101),(493,101),(492,141)
e 0.0 bounds: (481,80),(481,63),(493,63),(493,80)
SERVO 0.0 bounds: (481,61),(482,26),(495,26),(494,61)
4T 0.0 bounds: (482,20),(482,6),(491,6),(491,20)
TO 0.0 bounds: (491,146),(491,135),(500,135),(500,146)
FLY 0.0 bounds: (492,130),(492,114),(501,114),(501,130)
