Hindustan Aeronautics Limited
TAIRCRAFT
Lid Maruf was the lirst indian atempt
rcraft design since separating from
tof the Tempest was the frst design
Can Air Staf in the 1950s. Designed
we by Dr. Kurt Tank in 1956. the first
17th June 1961.
మోయుతో బిమోన
d d d oc poet ed dadriaod ud
అ et కా
irsad ind ndabg aa e rud ae
-O ug cog ne wa orn acu o d
Weather Mult-Role Aircraft
(1587 m)
A (0.00 m)
ar cuad
co og aoaU ulaeneat
og
erie
sa (00 )
(1.112 kmh: 600 kts)
s (997 km)
in (1,355 m imin)
"13.719.5 m)
! 0nco ea (aLO )
garsuri rn dert innns a
garudri)
ELJO deru (TE )
nog dert
udasa doo
aOud oga wo
,195 Kgs)
ds Royce Orpheus Mk
engines generating
Ast.
anons
ckets (retractable
her)
O Lb (1800 Kg)
OLLNO at (Lnr da)
చిజోవి.విలో /య్లో రాయ్లో అడక
C d LoA udaer du coa ut
adgecadar
( RO వం ఎిం బిందకగ
Deo X SED undunu
Uo00 uol (no00 da) assd cocn
Trainery
y u n ie (nar aig no aoo
E OFLN CUd nEc
8
BUGD C
015 by The Hindustan Aeronautics Ltd, Overhaul Division, Bengaluru
 0.0 bounds: (-1,362),(370,362),(370,716),(-1,716)
Hindustan 0.0 bounds: (18,362),(121,370),(120,385),(17,377)
Aeronautics 0.0 bounds: (128,370),(250,379),(248,394),(127,385)
Limited 0.0 bounds: (259,379),(332,385),(330,403),(258,397)
TAIRCRAFT 0.0 bounds: (2,395),(86,401),(85,414),(1,408)
Lid 0.0 bounds: (2,409),(12,410),(11,416),(2,415)
Maruf 0.0 bounds: (15,410),(33,411),(32,418),(14,417)
was 0.0 bounds: (36,414),(49,415),(49,420),(36,419)
the 0.0 bounds: (52,414),(61,415),(60,421),(52,420)
lirst 0.0 bounds: (64,415),(76,416),(75,422),(64,421)
indian 0.0 bounds: (78,416),(98,418),(97,424),(78,422)
atempt 0.0 bounds: (100,418),(124,420),(123,426),(100,424)
rcraft 0.0 bounds: (5,417),(23,418),(22,426),(4,425)
design 0.0 bounds: (25,420),(47,422),(46,428),(25,426)
since 0.0 bounds: (50,423),(67,424),(67,428),(50,427)
separating 0.0 bounds: (71,423),(105,426),(104,433),(70,430)
from 0.0 bounds: (108,426),(123,427),(123,433),(108,432)
tof 0.0 bounds: (1,426),(15,427),(14,434),(0,433)
the 0.0 bounds: (17,427),(24,428),(23,436),(16,435)
Tempest 0.0 bounds: (27,429),(57,431),(56,438),(26,436)
was 0.0 bounds: (59,432),(71,433),(71,438),(59,437)
the 0.0 bounds: (74,432),(83,433),(83,439),(74,438)
frst 0.0 bounds: (85,432),(97,433),(96,440),(84,439)
design 0.0 bounds: (99,434),(120,436),(119,443),(98,441)
Can 0.0 bounds: (1,435),(11,436),(10,444),(0,443)
Air 0.0 bounds: (10,435),(19,436),(19,442),(10,441)
Staf 0.0 bounds: (22,436),(37,437),(36,444),(21,443)
in 0.0 bounds: (40,440),(45,440),(45,443),(40,443)
the 0.0 bounds: (48,439),(57,440),(57,446),(48,445)
1950s. 0.0 bounds: (62,439),(85,441),(84,449),(61,447)
Designed 0.0 bounds: (86,441),(118,443),(117,451),(85,449)
we 0.0 bounds: (1,444),(8,444),(7,452),(0,452)
by 0.0 bounds: (10,445),(17,445),(17,452),(10,452)
Dr. 0.0 bounds: (19,445),(28,446),(28,453),(19,452)
Kurt 0.0 bounds: (31,446),(45,447),(45,454),(31,453)
Tank 0.0 bounds: (47,447),(61,448),(61,454),(47,453)
in 0.0 bounds: (64,449),(69,449),(69,453),(64,453)
1956. 0.0 bounds: (73,450),(89,451),(89,456),(73,455)
the 0.0 bounds: (92,451),(102,452),(102,457),(92,456)
first 0.0 bounds: (104,451),(115,452),(115,458),(104,457)
17th 0.0 bounds: (4,452),(19,453),(19,460),(4,459)
June 0.0 bounds: (22,453),(36,454),(35,462),(21,461)
1961. 0.0 bounds: (39,455),(56,456),(56,463),(39,462)
మోయుతో 0.0 bounds: (213,411),(265,415),(264,424),(212,420)
బిమోన 0.0 bounds: (273,416),(314,419),(313,429),(272,426)
d 0.0 bounds: (145,425),(178,427),(178,433),(145,431)
d 0.0 bounds: (194,428),(201,428),(201,434),(194,434)
d 0.0 bounds: (217,431),(222,431),(222,434),(217,434)
oc 0.0 bounds: (245,432),(260,433),(260,439),(245,438)
poet 0.0 bounds: (280,434),(295,435),(295,441),(280,440)
ed 0.0 bounds: (298,436),(314,437),(314,440),(298,439)
dadriaod 0.0 bounds: (317,436),(346,438),(346,444),(317,442)
ud 0.0 bounds: (348,439),(367,440),(367,444),(348,443)
అ 0.0 bounds: (370,455),(359,454),(360,447),(370,448)
et 0.0 bounds: (343,453),(318,451),(319,444),(343,446)
కా 0.0 bounds: (161,440),(155,440),(156,433),(161,433)
irsad 0.0 bounds: (141,457),(171,459),(171,463),(141,461)
ind 0.0 bounds: (174,460),(200,462),(199,469),(174,467)
ndabg 0.0 bounds: (238,463),(257,464),(256,472),(237,471)
aa 0.0 bounds: (283,469),(298,470),(298,473),(283,472)
e 0.0 bounds: (301,469),(319,470),(319,476),(301,475)
rud 0.0 bounds: (321,469),(344,471),(344,475),(321,474)
ae 0.0 bounds: (345,471),(363,472),(363,477),(345,476)
-O 0.0 bounds: (139,466),(166,468),(166,472),(139,470)
ug 0.0 bounds: (169,469),(183,470),(183,475),(169,474)
cog 0.0 bounds: (185,470),(207,471),(207,475),(185,474)
ne 0.0 bounds: (211,472),(219,473),(219,476),(211,475)
wa 0.0 bounds: (221,472),(237,473),(237,476),(221,475)
orn 0.0 bounds: (239,473),(256,474),(256,478),(239,477)
acu 0.0 bounds: (269,475),(286,476),(286,479),(269,478)
o 0.0 bounds: (289,478),(307,479),(307,482),(289,481)
d 0.0 bounds: (316,476),(318,476),(318,482),(316,482)
Weather 0.0 bounds: (2,479),(31,481),(31,488),(2,486)
Mult-Role 0.0 bounds: (33,482),(67,484),(67,489),(33,487)
Aircraft 0.0 bounds: (69,484),(94,485),(94,490),(69,489)
(1587 0.0 bounds: (4,485),(32,487),(31,497),(3,495)
m) 0.0 bounds: (35,491),(43,492),(42,498),(34,497)
A 0.0 bounds: (2,497),(7,497),(7,506),(2,506)
(0.00 0.0 bounds: (7,497),(25,498),(25,506),(7,505)
m) 0.0 bounds: (27,499),(36,499),(36,506),(27,506)
ar 0.0 bounds: (127,493),(148,494),(148,500),(127,499)
cuad 0.0 bounds: (164,497),(184,498),(184,502),(164,501)
co 0.0 bounds: (205,500),(226,501),(226,507),(205,506)
og 0.0 bounds: (248,501),(267,502),(267,508),(248,507)
aoaU 0.0 bounds: (269,503),(293,504),(293,508),(269,507)
ulaeneat 0.0 bounds: (297,503),(348,505),(348,510),(297,508)
og 0.0 bounds: (129,503),(140,503),(140,510),(129,510)
erie 0.0 bounds: (127,512),(140,512),(140,516),(127,516)
sa 0.0 bounds: (208,517),(240,519),(240,523),(208,521)
(00 0.0 bounds: (244,518),(260,519),(260,524),(244,523)
) 0.0 bounds: (264,519),(276,520),(276,525),(264,524)
(1.112 0.0 bounds: (5,513),(29,514),(28,525),(4,524)
kmh: 0.0 bounds: (31,515),(52,516),(51,526),(30,525)
600 0.0 bounds: (54,516),(63,517),(62,528),(53,527)
kts) 0.0 bounds: (67,517),(80,518),(79,529),(66,528)
s 0.0 bounds: (2,524),(7,524),(7,533),(2,533)
(997 0.0 bounds: (9,525),(22,526),(22,535),(9,534)
km) 0.0 bounds: (25,527),(37,528),(37,535),(25,534)
in 0.0 bounds: (1,533),(11,534),(10,544),(0,543)
(1,355 0.0 bounds: (12,534),(33,535),(32,544),(11,543)
m 0.0 bounds: (37,539),(42,539),(42,542),(37,542)
imin) 0.0 bounds: (45,538),(62,539),(62,544),(45,543)
"13.719.5 0.0 bounds: (1,542),(32,543),(32,554),(1,553)
m) 0.0 bounds: (34,547),(43,547),(43,553),(34,553)
! 0.0 bounds: (203,524),(208,524),(208,530),(203,530)
0nco 0.0 bounds: (210,524),(227,525),(227,532),(210,531)
ea 0.0 bounds: (229,528),(237,528),(237,531),(229,531)
(aLO 0.0 bounds: (241,527),(258,528),(258,534),(241,533)
) 0.0 bounds: (262,528),(273,529),(273,534),(262,533)
garsuri 0.0 bounds: (204,534),(230,535),(230,542),(204,541)
rn 0.0 bounds: (234,536),(247,537),(247,541),(234,540)
dert 0.0 bounds: (251,536),(273,537),(273,544),(251,543)
innns 0.0 bounds: (278,537),(300,538),(300,544),(278,543)
a 0.0 bounds: (303,540),(317,541),(317,544),(303,543)
garudri) 0.0 bounds: (203,544),(231,545),(231,551),(203,550)
ELJO 0.0 bounds: (194,552),(214,553),(214,559),(194,558)
deru 0.0 bounds: (218,553),(241,554),(241,560),(218,559)
(TE 0.0 bounds: (245,554),(261,555),(261,560),(245,559)
) 0.0 bounds: (264,556),(282,557),(282,561),(264,560)
nog 0.0 bounds: (123,530),(136,530),(136,536),(123,536)
dert 0.0 bounds: (139,530),(151,530),(151,535),(139,535)
udasa 0.0 bounds: (117,555),(142,557),(141,564),(117,562)
doo 0.0 bounds: (147,559),(169,560),(169,565),(147,564)
aOud 0.0 bounds: (115,568),(138,569),(138,572),(115,571)
oga 0.0 bounds: (143,568),(156,569),(156,576),(143,575)
wo 0.0 bounds: (160,570),(170,570),(170,575),(160,575)
,195 0.0 bounds: (1,571),(19,573),(18,585),(0,583)
Kgs) 0.0 bounds: (23,575),(38,576),(37,584),(22,583)
ds 0.0 bounds: (1,582),(12,582),(12,592),(1,592)
Royce 0.0 bounds: (12,582),(34,583),(34,593),(12,592)
Orpheus 0.0 bounds: (37,585),(67,586),(67,595),(37,594)
Mk 0.0 bounds: (71,587),(80,587),(80,593),(71,593)
engines 0.0 bounds: (1,596),(29,597),(29,603),(1,602)
generating 0.0 bounds: (32,596),(70,597),(70,606),(32,605)
Ast. 0.0 bounds: (1,605),(13,605),(13,612),(1,612)
anons 0.0 bounds: (1,615),(19,616),(19,626),(1,625)
ckets 0.0 bounds: (1,625),(17,626),(17,636),(1,635)
(retractable 0.0 bounds: (21,626),(62,627),(62,635),(21,634)
her) 0.0 bounds: (1,634),(18,635),(18,645),(1,644)
O 0.0 bounds: (7,644),(12,644),(12,654),(7,654)
Lb 0.0 bounds: (11,645),(20,645),(20,654),(11,654)
(1800 0.0 bounds: (23,647),(44,648),(44,656),(23,655)
Kg) 0.0 bounds: (47,648),(59,649),(59,657),(47,656)
OLLNO 0.0 bounds: (193,601),(218,602),(218,607),(193,606)
at 0.0 bounds: (223,601),(239,601),(239,609),(223,609)
(Lnr 0.0 bounds: (244,601),(266,602),(266,609),(244,608)
da) 0.0 bounds: (274,603),(286,603),(286,608),(274,608)
చిజోవి.విలో 0.0 bounds: (203,619),(234,620),(234,630),(203,629)
/య్లో 0.0 bounds: (237,620),(262,621),(262,631),(237,630)
రాయ్లో 0.0 bounds: (265,621),(286,622),(286,632),(265,631)
అడక 0.0 bounds: (289,623),(316,624),(316,631),(289,630)
C 0.0 bounds: (185,630),(197,630),(197,637),(185,637)
d 0.0 bounds: (208,631),(214,631),(214,638),(208,638)
LoA 0.0 bounds: (217,631),(230,631),(230,638),(217,638)
udaer 0.0 bounds: (232,631),(254,632),(254,640),(232,639)
du 0.0 bounds: (257,632),(266,632),(266,640),(257,640)
coa 0.0 bounds: (273,633),(284,633),(284,640),(273,640)
ut 0.0 bounds: (300,634),(304,634),(304,641),(300,641)
adgecadar 0.0 bounds: (104,638),(157,642),(156,650),(103,646)
( 0.0 bounds: (198,643),(199,643),(199,647),(198,647)
RO 0.0 bounds: (204,643),(212,643),(212,647),(204,647)
వం 0.0 bounds: (217,643),(224,643),(224,648),(217,648)
ఎిం 0.0 bounds: (229,644),(236,644),(236,648),(229,648)
బిందకగ 0.0 bounds: (240,643),(277,644),(277,650),(240,649)
Deo 0.0 bounds: (187,653),(197,653),(197,658),(187,658)
X 0.0 bounds: (202,653),(204,653),(204,657),(202,657)
SED 0.0 bounds: (209,654),(224,654),(224,659),(209,659)
undunu 0.0 bounds: (228,654),(260,655),(260,661),(228,660)
Uo00 0.0 bounds: (187,663),(206,663),(206,669),(187,669)
uol 0.0 bounds: (210,663),(227,663),(227,670),(210,670)
(no00 0.0 bounds: (231,664),(252,665),(252,672),(231,671)
da) 0.0 bounds: (257,665),(269,665),(269,671),(257,671)
assd 0.0 bounds: (273,665),(294,666),(294,672),(273,671)
cocn 0.0 bounds: (295,664),(326,665),(326,672),(295,671)
Trainery 0.0 bounds: (14,664),(46,665),(46,676),(14,675)
y 0.0 bounds: (100,673),(111,673),(111,677),(100,677)
u 0.0 bounds: (138,671),(146,671),(146,680),(138,680)
n 0.0 bounds: (169,672),(175,672),(175,681),(169,681)
ie 0.0 bounds: (186,672),(200,672),(200,678),(186,678)
(nar 0.0 bounds: (204,673),(220,673),(220,679),(204,679)
aig 0.0 bounds: (224,675),(240,675),(240,681),(224,681)
no 0.0 bounds: (268,674),(278,674),(278,683),(268,683)
aoo 0.0 bounds: (280,674),(298,674),(298,683),(280,683)
E 0.0 bounds: (185,684),(186,684),(186,687),(185,687)
OFLN 0.0 bounds: (189,683),(205,684),(205,689),(189,688)
CUd 0.0 bounds: (210,684),(222,684),(222,688),(210,688)
nEc 0.0 bounds: (226,684),(246,685),(246,690),(226,689)
8 0.0 bounds: (0,666),(12,667),(12,676),(0,675)
BUGD 0.0 bounds: (99,681),(124,682),(124,685),(99,684)
C 0.0 bounds: (128,682),(142,682),(142,686),(128,686)
015 0.0 bounds: (6,695),(25,695),(25,707),(6,707)
by 0.0 bounds: (30,698),(41,698),(41,708),(30,708)
The 0.0 bounds: (45,698),(63,698),(63,707),(45,707)
Hindustan 0.0 bounds: (67,699),(116,700),(116,709),(67,708)
Aeronautics 0.0 bounds: (121,700),(179,701),(179,710),(121,709)
Ltd, 0.0 bounds: (184,701),(201,701),(201,712),(184,712)
Overhaul 0.0 bounds: (205,701),(249,702),(249,712),(205,711)
Division, 0.0 bounds: (254,702),(294,703),(294,714),(254,713)
Bengaluru 0.0 bounds: (299,704),(347,705),(347,716),(299,715)
