TO-LE
MANY STORYTELLERS.
1 PLATFORM.
FixIT
ER ER mls Tins 0 n
TOROUE
FITNES
ఓకకాక్
WEALH CREAT
HanKCOK
VORA TYRE ZONE
 0.0 bounds: (13,-1),(1034,-1),(1034,555),(13,555)
TO-LE 0.0 bounds: (926,428),(953,425),(954,435),(927,438)
MANY 0.0 bounds: (762,126),(792,97),(798,103),(768,132)
STORYTELLERS. 0.0 bounds: (796,91),(889,0),(896,8),(804,99)
1 0.0 bounds: (774,130),(782,122),(791,132),(783,139)
PLATFORM. 0.0 bounds: (783,121),(842,64),(851,74),(792,130)
FixIT 0.0 bounds: (14,445),(61,447),(60,464),(13,462)
ER 0.0 bounds: (785,148),(791,142),(794,145),(788,151)
ER 0.0 bounds: (794,140),(800,134),(802,137),(796,142)
mls 0.0 bounds: (851,85),(870,67),(872,69),(853,87)
Tins 0.0 bounds: (870,61),(878,53),(883,59),(876,67)
0 0.0 bounds: (881,52),(885,48),(890,53),(886,57)
n 0.0 bounds: (891,41),(896,36),(901,41),(896,46)
TOROUE 0.0 bounds: (952,173),(1020,119),(1034,136),(966,190)
FITNES 0.0 bounds: (956,191),(1017,149),(1023,158),(962,200)
ఓకకాక్ 0.0 bounds: (848,261),(874,236),(882,244),(856,269)
WEALH 0.0 bounds: (491,551),(508,551),(508,555),(491,555)
CREAT 0.0 bounds: (510,549),(532,548),(532,553),(510,554)
HanKCOK 0.0 bounds: (827,507),(878,495),(880,507),(830,519)
VORA 0.0 bounds: (900,495),(925,489),(930,507),(905,513)
TYRE 0.0 bounds: (927,488),(958,480),(963,499),(932,506)
ZONE 0.0 bounds: (960,480),(990,473),(995,492),(965,499)
