Hlappinet
SALE
UP TO SIN OFF
CENTRAL
SIDENCY KOKO
 0.0 bounds: (584,74),(645,74),(645,196),(584,196)
Hlappinet 0.0 bounds: (584,77),(629,74),(630,88),(585,91)
SALE 0.0 bounds: (592,96),(625,91),(626,100),(593,105)
UP 0.0 bounds: (588,111),(595,110),(596,115),(589,116)
TO 0.0 bounds: (599,108),(606,107),(607,114),(600,115)
SIN 0.0 bounds: (612,108),(619,107),(620,111),(613,112)
OFF 0.0 bounds: (622,106),(633,104),(634,109),(623,111)
CENTRAL 0.0 bounds: (597,163),(636,160),(637,174),(598,177)
SIDENCY 0.0 bounds: (592,190),(624,186),(625,192),(593,196)
KOKO 0.0 bounds: (629,187),(644,185),(644,189),(630,191)
