hains
Vaavds
Tata
ఎల జ్యూయలరి రశనా
Kamala
JEWELLERY HOUSE
Lani Chains c
మవం
V. AMANTHAPAAAAN L S
JEWELLERS
RANGANATHA RNSN
JELETS
 0.0 bounds: (0,-2),(616,-2),(616,341),(0,341)
hains 0.0 bounds: (576,-2),(616,34),(599,53),(559,17)
Vaavds 0.0 bounds: (452,16),(523,72),(515,83),(444,26)
Tata 0.0 bounds: (456,144),(490,163),(484,173),(451,154)
ఎల 0.0 bounds: (7,111),(40,122),(34,143),(0,132)
జ్యూయలరి 0.0 bounds: (50,123),(139,151),(130,179),(41,151)
రశనా 0.0 bounds: (141,153),(198,171),(191,193),(134,175)
Kamala 0.0 bounds: (37,148),(193,195),(182,233),(26,185)
JEWELLERY 0.0 bounds: (12,186),(121,214),(114,241),(5,213)
HOUSE 0.0 bounds: (135,218),(205,236),(197,264),(128,246)
Lani 0.0 bounds: (407,268),(437,278),(432,294),(402,284)
Chains 0.0 bounds: (443,281),(471,290),(466,305),(438,296)
c 0.0 bounds: (512,303),(519,305),(514,320),(507,318)
మవం 0.0 bounds: (308,248),(356,263),(350,281),(302,266)
V. 0.0 bounds: (249,254),(264,258),(259,274),(245,270)
AMANTHAPAAAAN 0.0 bounds: (265,258),(365,284),(360,302),(260,275)
L 0.0 bounds: (367,284),(377,287),(372,303),(363,300)
S 0.0 bounds: (379,287),(383,288),(379,304),(375,303)
JEWELLERS 0.0 bounds: (285,282),(358,300),(354,316),(281,298)
RANGANATHA 0.0 bounds: (393,315),(435,324),(433,335),(391,326)
RNSN 0.0 bounds: (439,325),(462,330),(460,341),(437,336)
JELETS 0.0 bounds: (543,-1),(566,22),(556,31),(534,8)
