ఎ.చిరేబే
B.Byrappa Saree Museum
B.Byroppe
Saree Museu
FASWASTIKA
ye Sarees & DressMaterials
 0.0 bounds: (123,-14),(979,-14),(979,526),(123,526)
ఎ.చిరేబే 0.0 bounds: (194,-14),(300,67),(271,104),(165,23)
B.Byrappa 0.0 bounds: (414,82),(631,81),(631,139),(414,140)
Saree 0.0 bounds: (638,82),(761,81),(761,125),(638,126)
Museum 0.0 bounds: (764,81),(979,80),(979,126),(764,127)
B.Byroppe 0.0 bounds: (156,78),(306,163),(273,220),(124,135)
Saree 0.0 bounds: (142,153),(211,182),(199,210),(130,181)
Museu 0.0 bounds: (217,184),(291,215),(278,244),(205,213)
FASWASTIKA 0.0 bounds: (248,388),(864,434),(859,510),(242,464)
ye 0.0 bounds: (568,491),(593,494),(591,508),(566,506)
Sarees 0.0 bounds: (595,493),(635,497),(633,513),(593,509)
& 0.0 bounds: (640,497),(649,498),(647,513),(638,512)
DressMaterials 0.0 bounds: (653,499),(756,509),(755,526),(651,516)
