OSKU O
AT
LIGHI ARI SILDIO
లలో ఆ గరియ
 0.0 bounds: (811,296),(967,296),(967,338),(811,338)
OSKU 0.0 bounds: (892,296),(919,296),(919,303),(892,303)
O 0.0 bounds: (937,296),(944,296),(944,304),(937,304)
AT 0.0 bounds: (811,319),(824,319),(824,327),(811,327)
LIGHI 0.0 bounds: (897,320),(924,320),(924,325),(897,325)
ARI 0.0 bounds: (928,321),(938,321),(938,325),(928,325)
SILDIO 0.0 bounds: (943,320),(967,320),(967,325),(943,325)
లలో 0.0 bounds: (898,329),(912,329),(912,338),(898,338)
ఆ 0.0 bounds: (915,329),(922,329),(922,338),(915,338)
గరియ 0.0 bounds: (938,328),(967,328),(967,337),(938,337)
