092
ORW TH3THO3
pies w
N.V.8
OTOT:09
Sri Udaya
Society Silks
DHIT
GA
Sei a
Speiety SiIke
నరీ
MAYA SAREES
ON
LUhe
ara
 0.0 bounds: (148,16),(937,16),(937,523),(148,523)
092 0.0 bounds: (308,106),(340,100),(344,118),(311,124)
ORW 0.0 bounds: (290,131),(314,125),(317,138),(293,144)
TH3THO3 0.0 bounds: (318,124),(362,113),(365,127),(321,138)
pies 0.0 bounds: (298,145),(323,139),(327,154),(301,160)
w 0.0 bounds: (329,143),(352,138),(354,144),(331,150)
N.V.8 0.0 bounds: (309,162),(346,153),(349,167),(312,176)
OTOT:09 0.0 bounds: (311,179),(367,164),(372,184),(316,198)
Sri 0.0 bounds: (596,69),(613,68),(614,78),(597,79)
Udaya 0.0 bounds: (616,68),(638,66),(639,75),(617,77)
Society 0.0 bounds: (595,79),(623,78),(623,88),(595,89)
Silks 0.0 bounds: (626,78),(647,77),(647,87),(626,88)
DHIT 0.0 bounds: (148,161),(185,154),(188,166),(151,174)
GA 0.0 bounds: (176,192),(205,187),(207,198),(178,203)
Sei 0.0 bounds: (603,203),(616,203),(616,209),(603,209)
a 0.0 bounds: (637,202),(642,202),(642,206),(637,206)
Speiety 0.0 bounds: (599,213),(629,212),(629,216),(599,217)
SiIke 0.0 bounds: (632,211),(654,211),(654,216),(632,216)
నరీ 0.0 bounds: (627,272),(664,270),(665,281),(628,283)
MAYA 0.0 bounds: (607,285),(635,282),(636,295),(608,298)
SAREES 0.0 bounds: (642,281),(687,277),(688,289),(643,294)
ON 0.0 bounds: (272,515),(284,514),(285,522),(273,523)
LUhe 0.0 bounds: (938,30),(899,71),(885,58),(924,17)
ara 0.0 bounds: (782,174),(809,146),(822,158),(794,186)
