9. Millerrs Road, Off Cunning
Mob: 098400 71000 TEL
Dairy
TAKE BRE
BIRIYANI & KABAE
TO LE
Coca-Cola
NATARAJ
BAR
 0.0 bounds: (561,221),(1024,221),(1024,446),(561,446)
9. 0.0 bounds: (771,279),(801,272),(805,289),(775,297)
Millerrs 0.0 bounds: (802,272),(853,260),(857,277),(806,290)
Road, 0.0 bounds: (862,261),(916,248),(919,260),(865,273)
Off 0.0 bounds: (922,246),(940,242),(943,252),(925,257)
Cunning 0.0 bounds: (947,239),(1020,222),(1024,237),(951,255)
Mob: 0.0 bounds: (820,290),(855,282),(858,294),(823,302)
098400 0.0 bounds: (863,280),(917,268),(919,280),(866,292)
71000 0.0 bounds: (926,266),(973,255),(976,268),(929,279)
TEL 0.0 bounds: (985,253),(1018,245),(1021,257),(988,265)
Dairy 0.0 bounds: (858,330),(880,327),(881,336),(859,339)
TAKE 0.0 bounds: (939,340),(975,332),(978,347),(942,355)
BRE 0.0 bounds: (996,328),(1019,323),(1022,336),(999,342)
BIRIYANI 0.0 bounds: (911,362),(963,354),(965,365),(913,373)
& 0.0 bounds: (969,353),(977,352),(978,362),(971,363)
KABAE 0.0 bounds: (983,351),(1022,345),(1023,355),(985,361)
TO 0.0 bounds: (740,379),(753,374),(757,383),(744,388)
LE 0.0 bounds: (758,373),(764,371),(767,379),(761,381)
Coca-Cola 0.0 bounds: (561,422),(621,414),(624,437),(564,445)
NATARAJ 0.0 bounds: (649,424),(693,418),(694,428),(650,434)
BAR 0.0 bounds: (663,438),(681,435),(682,443),(664,446)
