SHREE VIEENAKSHTSLIS
Sambhruma Slks
శిల్మల్సా
ortiles GajendráPECE Su
Wholesale & Retail Clother
Wholesale & Retail Cloth Merchants Cart. lagt
Y SAREES
RU - 560 053
 0.0 bounds: (-1,-1),(966,-1),(966,248),(-1,248)
SHREE 0.0 bounds: (872,108),(905,132),(892,151),(859,127)
VIEENAKSHTSLIS 0.0 bounds: (907,134),(966,177),(953,195),(894,153)
Sambhruma 0.0 bounds: (612,87),(762,155),(736,213),(586,145)
Slks 0.0 bounds: (764,156),(830,186),(803,244),(738,214)
శిల్మల్సా 0.0 bounds: (15,-1),(191,51),(179,92),(3,39)
ortiles 0.0 bounds: (13,52),(234,118),(221,164),(-1,98)
GajendráPECE 0.0 bounds: (243,120),(462,186),(449,232),(229,166)
Su 0.0 bounds: (465,187),(501,198),(488,243),(452,232)
Wholesale 0.0 bounds: (9,105),(78,120),(76,131),(7,116)
& 0.0 bounds: (79,124),(87,126),(86,132),(78,130)
Retail 0.0 bounds: (94,127),(129,135),(128,142),(92,134)
Clother 0.0 bounds: (136,136),(178,145),(176,152),(134,143)
Wholesale 0.0 bounds: (235,176),(284,188),(281,200),(232,189)
& 0.0 bounds: (286,194),(291,195),(289,202),(284,201)
Retail 0.0 bounds: (296,192),(322,198),(319,210),(293,204)
Cloth 0.0 bounds: (325,199),(344,204),(342,215),(322,211)
Merchants 0.0 bounds: (347,204),(390,214),(387,227),(344,217)
Cart. 0.0 bounds: (427,226),(451,232),(449,241),(425,235)
lagt 0.0 bounds: (454,230),(483,237),(481,248),(451,241)
Y 0.0 bounds: (10,121),(25,124),(22,139),(7,136)
SAREES 0.0 bounds: (21,125),(105,143),(103,153),(19,135)
RU 0.0 bounds: (2,134),(19,137),(17,147),(0,144)
- 0.0 bounds: (21,138),(26,139),(24,148),(19,147)
560 0.0 bounds: (28,139),(46,142),(44,152),(26,149)
053 0.0 bounds: (45,146),(60,149),(59,154),(44,151)
