KU
NO PARKING
O HALTING
TOW AWAY ZONE
 0.0 bounds: (837,347),(1023,347),(1023,485),(837,485)
KU 0.0 bounds: (972,347),(1023,348),(1022,379),(971,378)
NO 0.0 bounds: (846,431),(863,434),(861,443),(845,440)
PARKING 0.0 bounds: (865,434),(897,439),(895,449),(863,444)
O 0.0 bounds: (860,444),(866,445),(865,454),(859,453)
HALTING 0.0 bounds: (868,444),(894,448),(892,457),(867,454)
TOW 0.0 bounds: (838,466),(857,469),(856,477),(837,474)
AWAY 0.0 bounds: (859,472),(876,475),(875,480),(858,477)
ZONE 0.0 bounds: (879,472),(896,475),(894,485),(877,482)
