SAREES
Heenakshi
Gold Cocérins e
త్కమెల బ్యూయలరి
O SRI Kamd
JEWELLERY
NAKSHI WHITE METAL
Ta
 0.0 bounds: (268,253),(1000,253),(1000,387),(268,387)
SAREES 0.0 bounds: (277,254),(364,253),(364,281),(277,282)
Heenakshi 0.0 bounds: (716,263),(800,262),(800,279),(716,280)
Gold 0.0 bounds: (707,279),(731,279),(731,290),(707,290)
Cocérins 0.0 bounds: (735,279),(773,279),(773,290),(735,290)
e 0.0 bounds: (799,279),(815,279),(815,290),(799,290)
త్కమెల 0.0 bounds: (837,276),(913,275),(913,292),(837,293)
బ్యూయలరి 0.0 bounds: (920,275),(983,275),(983,293),(920,293)
O 0.0 bounds: (860,296),(873,296),(873,320),(860,320)
SRI 0.0 bounds: (875,295),(902,295),(902,319),(875,319)
Kamd 0.0 bounds: (899,295),(1000,294),(1000,318),(899,319)
JEWELLERY 0.0 bounds: (897,321),(984,320),(984,334),(897,335)
NAKSHI 0.0 bounds: (268,308),(312,307),(312,317),(268,318)
WHITE 0.0 bounds: (318,307),(357,306),(357,316),(318,317)
METAL 0.0 bounds: (363,305),(402,304),(402,316),(363,317)
Ta 0.0 bounds: (422,374),(441,374),(441,387),(422,387)
