TALLY
Kees City Ciean
SPOKEN ENGLISH
CONTENT WRITING AUDIO & VIDEO EDITING
Computer Basics Adobe Photoshop & Painting Classes
B.V.K. IYENGAR ROAD
Ph:7676058716/ 080-40975093
EN& Co.
Shankar Sitks
Raw Sil Merchants
a e e Raat, Bargaiore - 560 002
 0.0 bounds: (75,2),(710,2),(710,269),(75,269)
TALLY 0.0 bounds: (109,15),(214,16),(214,37),(109,36)
Kees 0.0 bounds: (205,2),(218,2),(218,9),(205,9)
City 0.0 bounds: (221,2),(230,2),(230,9),(221,9)
Ciean 0.0 bounds: (234,3),(248,3),(248,9),(234,9)
SPOKEN 0.0 bounds: (93,43),(161,43),(161,53),(93,53)
ENGLISH 0.0 bounds: (168,42),(238,42),(238,53),(168,53)
CONTENT 0.0 bounds: (77,58),(115,58),(115,67),(77,67)
WRITING 0.0 bounds: (119,57),(155,57),(155,66),(119,66)
AUDIO 0.0 bounds: (163,57),(186,57),(186,66),(163,66)
& 0.0 bounds: (191,57),(195,57),(195,66),(191,66)
VIDEO 0.0 bounds: (199,57),(222,57),(222,66),(199,66)
EDITING 0.0 bounds: (225,57),(255,57),(255,66),(225,66)
Computer 0.0 bounds: (77,66),(108,66),(108,77),(77,77)
Basics 0.0 bounds: (112,69),(133,69),(133,77),(112,77)
Adobe 0.0 bounds: (140,68),(159,68),(159,77),(140,77)
Photoshop 0.0 bounds: (163,69),(196,69),(196,78),(163,78)
& 0.0 bounds: (200,69),(203,69),(203,77),(200,77)
Painting 0.0 bounds: (206,69),(232,69),(232,77),(206,77)
Classes 0.0 bounds: (234,70),(256,70),(256,77),(234,77)
B.V.K. 0.0 bounds: (99,83),(136,83),(136,93),(99,93)
IYENGAR 0.0 bounds: (143,85),(201,85),(201,92),(143,92)
ROAD 0.0 bounds: (208,86),(240,86),(240,92),(208,92)
Ph:7676058716/ 0.0 bounds: (75,95),(180,95),(180,109),(75,109)
080-40975093 0.0 bounds: (185,95),(260,95),(260,108),(185,108)
EN& 0.0 bounds: (610,160),(680,121),(689,138),(619,177)
Co. 0.0 bounds: (681,120),(700,109),(710,127),(691,137)
Shankar 0.0 bounds: (603,196),(651,172),(661,191),(612,215)
Sitks 0.0 bounds: (655,171),(688,155),(697,173),(664,190)
Raw 0.0 bounds: (579,235),(595,228),(601,243),(585,250)
Sil 0.0 bounds: (596,228),(607,223),(613,237),(602,242)
Merchants 0.0 bounds: (611,221),(658,200),(664,215),(617,236)
a 0.0 bounds: (569,261),(584,255),(587,264),(572,269)
e 0.0 bounds: (586,255),(592,253),(595,261),(589,263)
e 0.0 bounds: (604,248),(612,245),(616,253),(607,256)
Raat, 0.0 bounds: (620,242),(633,237),(636,245),(623,250)
Bargaiore 0.0 bounds: (634,235),(656,226),(660,236),(638,244)
- 0.0 bounds: (659,227),(662,226),(665,234),(662,235)
560 0.0 bounds: (664,225),(670,223),(673,231),(667,233)
002 0.0 bounds: (672,221),(682,217),(686,226),(676,230)
