CHECKSN
ARKETING
ARERING
CHECK IN
STORE
UNLEVER UINITED
airtel 4G
ROX
 0.0 bounds: (-15,27),(364,27),(364,415),(-15,415)
CHECKSN 0.0 bounds: (113,27),(168,29),(167,48),(112,46)
ARKETING 0.0 bounds: (5,69),(78,100),(58,145),(-14,114)
ARERING 0.0 bounds: (270,173),(302,197),(290,213),(258,189)
CHECK 0.0 bounds: (176,181),(214,197),(205,217),(167,201)
IN 0.0 bounds: (215,197),(228,202),(219,224),(206,218)
STORE 0.0 bounds: (180,213),(218,225),(212,244),(174,232)
UNLEVER 0.0 bounds: (6,133),(42,146),(35,164),(-1,151)
UINITED 0.0 bounds: (43,149),(74,160),(67,178),(36,167)
airtel 0.0 bounds: (310,338),(347,343),(345,353),(309,348)
4G 0.0 bounds: (351,345),(364,347),(363,355),(350,353)
ROX 0.0 bounds: (199,340),(194,415),(169,413),(174,338)
