Balaji's LA.PManor
మొకట నాన్నా
Muthoot Fhance
Andha Bank
 0.0 bounds: (27,197),(138,197),(138,426),(27,426)
Balaji's 0.0 bounds: (40,219),(77,211),(81,226),(44,235)
LA.PManor 0.0 bounds: (79,210),(135,197),(138,213),(83,226)
మొకట 0.0 bounds: (27,369),(67,362),(69,372),(29,379)
నాన్నా 0.0 bounds: (71,361),(102,356),(103,366),(73,372)
Muthoot 0.0 bounds: (28,379),(59,374),(60,382),(29,387)
Fhance 0.0 bounds: (62,374),(91,369),(92,379),(64,384)
Andha 0.0 bounds: (96,418),(118,417),(118,425),(96,426)
Bank 0.0 bounds: (120,417),(134,416),(134,424),(120,425)
