URIERT MUE
Cilldren
FRAMES
Kiran
ICTURES
OOR
MASTER LHT
SHARA
SHIVA
POSTERS
SHMI
TING
MENT
WALL
PAPER
 0.0 bounds: (157,-5),(1013,-5),(1013,381),(157,381)
URIERT 0.0 bounds: (247,15),(293,51),(276,72),(230,36)
MUE 0.0 bounds: (294,52),(329,79),(312,100),(277,73)
Cilldren 0.0 bounds: (175,-5),(220,36),(203,55),(158,14)
FRAMES 0.0 bounds: (403,9),(463,8),(463,23),(403,24)
Kiran 0.0 bounds: (479,206),(502,206),(502,213),(479,213)
ICTURES 0.0 bounds: (284,277),(311,277),(311,286),(284,286)
OOR 0.0 bounds: (288,288),(305,288),(305,295),(288,295)
MASTER 0.0 bounds: (973,308),(993,305),(994,313),(974,316)
LHT 0.0 bounds: (997,305),(1012,303),(1013,311),(998,313)
SHARA 0.0 bounds: (283,302),(314,302),(314,313),(283,313)
SHIVA 0.0 bounds: (457,323),(491,322),(491,331),(457,332)
POSTERS 0.0 bounds: (463,342),(493,342),(493,349),(463,349)
SHMI 0.0 bounds: (286,341),(318,341),(318,354),(286,354)
TING 0.0 bounds: (284,357),(313,355),(314,364),(285,366)
MENT 0.0 bounds: (286,365),(309,365),(309,377),(286,377)
WALL 0.0 bounds: (466,359),(491,359),(491,368),(466,368)
PAPER 0.0 bounds: (465,371),(494,370),(494,380),(465,381)
