NG
UITING
TING
ECES
VINAYAKA
FRAMES
OR
POSTERS
ENT
के
SHION HOUSE
 0.0 bounds: (-13,-6),(585,-6),(585,700),(-13,700)
NG 0.0 bounds: (27,-6),(55,11),(43,32),(15,15)
UITING 0.0 bounds: (15,25),(59,54),(44,77),(0,48)
TING 0.0 bounds: (8,56),(47,88),(27,112),(-12,81)
ECES 0.0 bounds: (13,107),(53,123),(40,155),(0,138)
VINAYAKA 0.0 bounds: (507,156),(584,152),(585,169),(508,173)
FRAMES 0.0 bounds: (529,172),(566,171),(566,182),(529,183)
OR 0.0 bounds: (27,235),(50,238),(46,267),(23,264)
POSTERS 0.0 bounds: (544,386),(568,385),(568,390),(544,391)
ENT 0.0 bounds: (0,687),(22,685),(23,698),(1,700)
के 0.0 bounds: (266,17),(293,46),(282,57),(255,27)
SHION 0.0 bounds: (237,3),(286,56),(271,69),(222,17)
HOUSE 0.0 bounds: (291,62),(335,110),(320,123),(276,76)
