9,Millerm Rood, O Cin
Wo. T TE
CocaCla
e NATARA
 0.0 bounds: (7,232),(286,232),(286,340),(7,340)
9,Millerm 0.0 bounds: (212,232),(239,245),(234,256),(207,243)
Rood, 0.0 bounds: (242,247),(257,254),(253,263),(238,256)
O 0.0 bounds: (259,255),(263,257),(258,266),(255,264)
Cin 0.0 bounds: (265,258),(284,267),(280,276),(261,267)
Wo. 0.0 bounds: (224,255),(242,262),(238,271),(220,264)
T 0.0 bounds: (260,270),(266,272),(262,282),(256,279)
TE 0.0 bounds: (276,278),(285,282),(283,287),(274,284)
CocaCla 0.0 bounds: (15,278),(90,295),(82,330),(7,313)
e 0.0 bounds: (97,323),(104,324),(103,337),(96,336)
NATARA 0.0 bounds: (106,323),(134,326),(132,340),(105,337)
