TAILORS
ద్వంజల ప్రింట్ల,
mal upuhpanja
BANSALO
Dnty Bubler
ymond
के की
A JUNCTION
Mob : 9448829024
Maghi Pan House
/ATHYANARRYANA IL
Grohl
PRASS
 0.0 bounds: (-1,57),(829,57),(829,583),(-1,583)
TAILORS 0.0 bounds: (322,72),(354,57),(358,66),(326,80)
ద్వంజల 0.0 bounds: (5,146),(56,158),(50,180),(0,167)
ప్రింట్ల, 0.0 bounds: (70,165),(129,180),(125,198),(65,183)
mal 0.0 bounds: (23,208),(36,211),(35,216),(22,213)
upuhpanja 0.0 bounds: (37,211),(76,220),(75,226),(36,217)
BANSALO 0.0 bounds: (72,205),(99,210),(98,216),(71,211)
Dnty 0.0 bounds: (406,233),(424,227),(427,235),(409,241)
Bubler 0.0 bounds: (426,228),(445,222),(447,229),(429,236)
ymond 0.0 bounds: (5,307),(142,324),(136,369),(-1,353)
के 0.0 bounds: (776,317),(813,325),(806,356),(769,348)
की 0.0 bounds: (815,326),(829,329),(822,359),(808,356)
A 0.0 bounds: (11,372),(27,373),(25,395),(9,394)
JUNCTION 0.0 bounds: (30,373),(127,381),(125,404),(28,396)
Mob 0.0 bounds: (40,401),(53,402),(53,409),(40,408)
: 0.0 bounds: (57,400),(60,400),(60,409),(57,409)
9448829024 0.0 bounds: (61,402),(101,404),(101,411),(61,409)
Maghi 0.0 bounds: (148,443),(197,444),(197,461),(148,460)
Pan 0.0 bounds: (201,444),(229,445),(228,463),(201,462)
House 0.0 bounds: (234,445),(271,446),(270,464),(234,463)
/ATHYANARRYANA 0.0 bounds: (277,461),(380,461),(380,471),(277,471)
IL 0.0 bounds: (384,461),(395,461),(395,471),(384,471)
Grohl 0.0 bounds: (554,570),(579,567),(580,580),(556,583)
PRASS 0.0 bounds: (800,192),(809,256),(788,259),(779,195)
