HAL
HALF
fs FAVOURITE
SHOP
UPTO
Sammanialreta
 0.0 bounds: (586,144),(764,144),(764,200),(586,200)
HAL 0.0 bounds: (586,159),(611,156),(612,166),(587,169)
HALF 0.0 bounds: (730,145),(763,144),(763,156),(731,157)
fs 0.0 bounds: (647,161),(663,159),(664,168),(648,170)
FAVOURITE 0.0 bounds: (667,159),(704,155),(705,164),(668,168)
SHOP 0.0 bounds: (665,167),(687,166),(687,172),(665,173)
UPTO 0.0 bounds: (657,180),(673,179),(674,185),(658,187)
Sammanialreta 0.0 bounds: (635,193),(694,188),(694,195),(636,200)
