VIMTEX
SOKTASE
aymona
SHRIMALI'S
SILK
CENTRE
-360 002 h. Z2543643. C SA
CHE |
BASAVESHNARA STEEL TRADERS
09029 8 337
Real Steel
Real Stars
SKSUPERTMT
MAYAS
LAXMIS
HEMA
 0.0 bounds: (5,5),(698,5),(698,430),(5,430)
VIMTEX 0.0 bounds: (329,5),(369,33),(361,45),(321,16)
SOKTASE 0.0 bounds: (452,31),(556,106),(544,122),(440,47)
aymona 0.0 bounds: (608,124),(642,120),(643,127),(609,131)
SHRIMALI'S 0.0 bounds: (11,186),(182,214),(176,249),(5,222)
SILK 0.0 bounds: (568,274),(589,272),(590,281),(569,283)
CENTRE 0.0 bounds: (567,284),(589,282),(590,291),(568,293)
-360 0.0 bounds: (117,263),(139,265),(138,273),(116,271)
002 0.0 bounds: (142,267),(152,268),(151,274),(141,273)
h. 0.0 bounds: (155,268),(163,269),(162,274),(154,273)
Z2543643. 0.0 bounds: (167,267),(194,270),(193,279),(166,276)
C 0.0 bounds: (195,273),(206,274),(205,279),(194,278)
SA 0.0 bounds: (208,272),(238,275),(237,284),(207,281)
CHE 0.0 bounds: (123,278),(150,281),(149,293),(122,290)
| 0.0 bounds: (211,296),(212,296),(212,298),(211,298)
BASAVESHNARA 0.0 bounds: (583,373),(627,371),(628,383),(584,385)
STEEL 0.0 bounds: (629,370),(646,369),(647,381),(630,382)
TRADERS 0.0 bounds: (648,370),(673,369),(674,380),(649,381)
09029 0.0 bounds: (591,385),(629,382),(630,392),(592,395)
8 0.0 bounds: (632,382),(639,381),(640,390),(633,391)
337 0.0 bounds: (648,383),(670,381),(670,387),(649,389)
Real 0.0 bounds: (571,402),(585,402),(585,409),(571,409)
Steel 0.0 bounds: (587,402),(601,402),(601,409),(587,409)
Real 0.0 bounds: (584,409),(602,409),(602,415),(584,415)
Stars 0.0 bounds: (604,411),(620,411),(620,415),(604,415)
SKSUPERTMT 0.0 bounds: (575,422),(605,423),(605,430),(575,429)
MAYAS 0.0 bounds: (699,207),(698,270),(688,270),(689,207)
LAXMIS 0.0 bounds: (585,194),(589,284),(574,285),(569,195)
HEMA 0.0 bounds: (461,183),(465,262),(445,263),(441,184)
