300-4272
LAIMPS
Kiran
OLCE STORES
Panasonic
LED Lighting
t gort Srivana Ling
sel cc
SHIVA
ENTERPRISES
POSTERS
WALL
PAPER
VERTICAL &
VENETION BLINDS
MICRN SE
DIRECT FINAL EXAM
90711 08854
SSLC / II PUC /BA
B.Com/ BBA / BCA
B.Sc. I MAI M.Com
/MSc./ MBA I MCA
B.Tech / M.Tech
DIPLOMAS
B.Ed. LLB e
89518 36458
SRINIWASA
 0.0 bounds: (232,-4),(685,-4),(685,737),(232,737)
300-4272 0.0 bounds: (240,-4),(292,41),(285,50),(233,4)
LAIMPS 0.0 bounds: (335,47),(376,87),(366,97),(325,57)
Kiran 0.0 bounds: (468,53),(515,47),(516,62),(470,68)
OLCE 0.0 bounds: (473,65),(491,63),(492,71),(474,73)
STORES 0.0 bounds: (494,65),(514,63),(514,69),(495,71)
Panasonic 0.0 bounds: (268,191),(348,191),(348,203),(268,203)
LED 0.0 bounds: (288,213),(300,213),(300,218),(288,218)
Lighting 0.0 bounds: (303,211),(330,211),(330,219),(303,219)
t 0.0 bounds: (270,231),(274,231),(274,238),(270,238)
gort 0.0 bounds: (288,230),(304,230),(304,237),(288,237)
Srivana 0.0 bounds: (309,231),(331,230),(331,234),(309,235)
Ling 0.0 bounds: (334,231),(354,230),(354,234),(334,235)
sel 0.0 bounds: (446,280),(459,280),(459,289),(446,289)
cc 0.0 bounds: (461,279),(471,279),(471,288),(461,288)
SHIVA 0.0 bounds: (447,288),(502,287),(502,300),(447,301)
ENTERPRISES 0.0 bounds: (447,304),(503,302),(503,311),(447,313)
POSTERS 0.0 bounds: (447,326),(505,324),(505,338),(447,340)
WALL 0.0 bounds: (453,358),(501,356),(502,374),(454,376)
PAPER 0.0 bounds: (450,380),(506,378),(507,397),(451,399)
VERTICAL 0.0 bounds: (461,404),(490,404),(490,411),(461,411)
& 0.0 bounds: (493,404),(497,404),(497,410),(493,410)
VENETION 0.0 bounds: (450,415),(481,414),(481,423),(450,424)
BLINDS 0.0 bounds: (484,413),(506,412),(506,422),(484,423)
MICRN 0.0 bounds: (296,473),(335,466),(338,482),(299,489)
SE 0.0 bounds: (319,470),(366,462),(369,475),(321,483)
DIRECT 0.0 bounds: (605,622),(634,622),(634,635),(605,635)
FINAL 0.0 bounds: (636,622),(658,622),(658,634),(636,634)
EXAM 0.0 bounds: (660,622),(680,622),(680,634),(660,634)
90711 0.0 bounds: (609,638),(643,639),(643,653),(609,652)
08854 0.0 bounds: (645,639),(680,640),(680,653),(645,652)
SSLC 0.0 bounds: (611,654),(629,654),(629,660),(611,660)
/ 0.0 bounds: (632,653),(636,653),(636,662),(632,662)
II 0.0 bounds: (638,653),(643,653),(643,662),(638,662)
PUC 0.0 bounds: (644,655),(658,655),(658,661),(644,661)
/BA 0.0 bounds: (662,655),(676,655),(676,662),(662,662)
B.Com/ 0.0 bounds: (610,664),(637,665),(637,672),(610,671)
BBA 0.0 bounds: (640,666),(655,666),(655,671),(640,671)
/ 0.0 bounds: (663,664),(665,664),(665,671),(663,671)
BCA 0.0 bounds: (667,664),(677,664),(677,672),(667,672)
B.Sc. 0.0 bounds: (612,673),(631,674),(631,679),(612,678)
I 0.0 bounds: (634,673),(638,673),(638,680),(634,680)
MAI 0.0 bounds: (638,675),(652,676),(652,681),(638,680)
M.Com 0.0 bounds: (657,675),(681,676),(681,681),(657,680)
/MSc./ 0.0 bounds: (609,680),(638,681),(638,691),(609,690)
MBA 0.0 bounds: (640,682),(654,683),(654,692),(640,691)
I 0.0 bounds: (659,683),(663,683),(663,692),(659,692)
MCA 0.0 bounds: (663,685),(679,686),(679,691),(663,690)
B.Tech 0.0 bounds: (616,694),(641,695),(641,701),(616,700)
/ 0.0 bounds: (645,693),(647,693),(647,700),(645,700)
M.Tech 0.0 bounds: (648,695),(674,696),(674,701),(648,700)
DIPLOMAS 0.0 bounds: (628,703),(667,704),(667,710),(628,709)
B.Ed. 0.0 bounds: (614,711),(634,712),(633,719),(614,718)
LLB 0.0 bounds: (638,713),(657,714),(657,719),(638,718)
e 0.0 bounds: (664,714),(670,714),(670,721),(664,721)
89518 0.0 bounds: (608,720),(647,722),(646,735),(607,733)
36458 0.0 bounds: (650,720),(685,722),(684,737),(649,735)
SRINIWASA 0.0 bounds: (329,0),(389,66),(375,78),(316,12)
