MA RCHEF
AU ALIA
mon-fri Spm
AND DRIVE
---
TRITIYA
AAPYA
 0.0 bounds: (140,144),(930,144),(930,487),(140,487)
MA 0.0 bounds: (142,144),(166,146),(164,167),(141,165)
RCHEF 0.0 bounds: (184,149),(215,151),(214,168),(183,166)
AU 0.0 bounds: (148,166),(163,167),(162,188),(147,187)
ALIA 0.0 bounds: (176,167),(204,169),(203,191),(175,189)
mon-fri 0.0 bounds: (233,160),(266,163),(264,181),(231,178)
Spm 0.0 bounds: (270,165),(289,167),(287,185),(268,183)
AND 0.0 bounds: (887,254),(907,255),(907,264),(887,263)
DRIVE 0.0 bounds: (909,255),(930,256),(929,266),(909,265)
--- 0.0 bounds: (257,236),(282,238),(282,243),(257,241)
TRITIYA 0.0 bounds: (165,276),(213,277),(213,288),(165,287)
AAPYA 0.0 bounds: (424,478),(456,478),(456,487),(424,487)
