Touch
Cloth
PLUS
SIZES
AVAILABLE
560001 hi cAr
New Choice
 0.0 bounds: (-1,142),(967,142),(967,295),(-1,295)
Touch 0.0 bounds: (14,142),(108,172),(97,207),(3,176)
Cloth 0.0 bounds: (3,165),(27,172),(24,184),(0,178)
PLUS 0.0 bounds: (116,181),(136,182),(136,188),(116,187)
SIZES 0.0 bounds: (119,193),(136,193),(136,201),(119,201)
AVAILABLE 0.0 bounds: (107,204),(147,203),(147,212),(107,213)
560001 0.0 bounds: (4,189),(27,196),(26,200),(3,194)
hi 0.0 bounds: (43,199),(61,204),(60,210),(41,205)
cAr 0.0 bounds: (74,207),(94,213),(92,219),(72,214)
New 0.0 bounds: (905,281),(924,274),(929,289),(910,295)
Choice 0.0 bounds: (930,272),(962,261),(967,274),(935,285)
