NETFLIX
IS IT STILL MURDER IF YOU CAN
/OURSELF
ACK TO LIFE?
A NETELIKOGALSEES
ALT
CARSO
FEEUARY2
BMTC
1B0-
mybmtc.com
lo GUCEB Ded
KA-01-F4701
 0.0 bounds: (12,118),(640,118),(640,594),(12,594)
NETFLIX 0.0 bounds: (406,118),(491,122),(490,145),(405,141)
IS 0.0 bounds: (466,163),(485,164),(484,179),(465,178)
IT 0.0 bounds: (487,164),(496,164),(495,179),(486,179)
STILL 0.0 bounds: (498,164),(528,166),(527,182),(497,180)
MURDER 0.0 bounds: (528,166),(576,168),(575,181),(527,179)
IF 0.0 bounds: (581,171),(589,171),(588,181),(580,181)
YOU 0.0 bounds: (593,172),(615,173),(614,183),(592,182)
CAN 0.0 bounds: (619,175),(640,176),(640,184),(619,183)
/OURSELF 0.0 bounds: (525,183),(639,188),(638,208),(524,203)
ACK 0.0 bounds: (483,203),(529,205),(527,232),(482,230)
TO 0.0 bounds: (534,207),(564,209),(563,229),(533,227)
LIFE? 0.0 bounds: (575,210),(640,213),(639,232),(574,229)
A 0.0 bounds: (550,294),(556,294),(556,300),(550,300)
NETELIKOGALSEES 0.0 bounds: (559,294),(632,299),(631,306),(559,301)
ALT 0.0 bounds: (540,303),(588,301),(589,317),(541,319)
CARSO 0.0 bounds: (552,318),(625,323),(624,340),(551,335)
FEEUARY2 0.0 bounds: (556,350),(623,351),(623,362),(556,361)
BMTC 0.0 bounds: (65,358),(164,371),(162,389),(63,377)
1B0- 0.0 bounds: (73,384),(108,389),(106,399),(72,395)
mybmtc.com 0.0 bounds: (95,415),(142,417),(142,425),(95,423)
lo 0.0 bounds: (13,510),(51,513),(50,518),(13,515)
GUCEB 0.0 bounds: (63,512),(90,514),(89,521),(62,519)
Ded 0.0 bounds: (92,515),(105,516),(104,523),(91,522)
KA-01-F4701 0.0 bounds: (36,579),(109,581),(109,594),(36,592)
