Vija
Jewell
4 VIJA
ANK
STREE
9886
Indica
 0.0 bounds: (0,77),(1023,77),(1023,673),(0,673)
Vija 0.0 bounds: (1004,77),(1023,77),(1023,88),(1004,88)
Jewell 0.0 bounds: (985,95),(1023,94),(1023,105),(985,106)
4 0.0 bounds: (978,167),(986,167),(986,180),(978,180)
VIJA 0.0 bounds: (987,167),(1021,167),(1021,180),(987,180)
ANK 0.0 bounds: (3,221),(19,224),(16,238),(0,236)
STREE 0.0 bounds: (985,255),(1023,255),(1023,262),(985,262)
9886 0.0 bounds: (1000,265),(1023,265),(1023,270),(1000,270)
Indica 0.0 bounds: (694,663),(729,663),(729,673),(694,673)
