Ole
24 x 7
SERVICE
AVAILABLE A
DRIV
INOD AUTO
SERVICE
 0.0 bounds: (-1,65),(101,65),(101,636),(-1,636)
Ole 0.0 bounds: (10,65),(37,81),(27,98),(0,82)
24 0.0 bounds: (22,463),(47,463),(46,497),(21,497)
x 0.0 bounds: (53,472),(63,472),(63,493),(53,493)
7 0.0 bounds: (65,462),(84,462),(83,498),(64,498)
SERVICE 0.0 bounds: (18,496),(77,497),(77,515),(18,514)
AVAILABLE 0.0 bounds: (13,520),(76,520),(76,536),(13,536)
A 0.0 bounds: (83,518),(101,518),(101,534),(83,534)
DRIV 0.0 bounds: (66,593),(99,594),(99,606),(66,605)
INOD 0.0 bounds: (2,597),(34,601),(32,617),(0,613)
AUTO 0.0 bounds: (39,602),(66,605),(64,620),(37,617)
SERVICE 0.0 bounds: (2,618),(52,623),(51,636),(1,631)
