PLEX
AMERICANA
INSIDE OUT
A USA Originals
leashing The
gmalic Rovour o
Spices
SINCE 194
NAGABJUNO
E JOCKEY
OR NOTHING
ANDHRA STYLE
ROOMS AVALBLE
OE DELIGHT
 0.0 bounds: (108,7),(696,7),(696,403),(108,403)
PLEX 0.0 bounds: (163,7),(207,23),(202,38),(158,22)
AMERICANA 0.0 bounds: (606,46),(681,23),(686,39),(611,62)
INSIDE 0.0 bounds: (607,65),(656,51),(662,70),(613,84)
OUT 0.0 bounds: (660,49),(687,41),(692,60),(666,68)
A 0.0 bounds: (616,94),(631,90),(634,100),(619,105)
USA 0.0 bounds: (636,88),(652,83),(655,94),(639,99)
Originals 0.0 bounds: (657,85),(694,75),(696,83),(659,94)
leashing 0.0 bounds: (110,171),(143,177),(142,186),(108,180)
The 0.0 bounds: (147,176),(160,178),(158,189),(145,187)
gmalic 0.0 bounds: (169,186),(198,189),(197,200),(168,197)
Rovour 0.0 bounds: (202,190),(229,193),(228,204),(201,201)
o 0.0 bounds: (232,195),(238,196),(237,206),(231,205)
Spices 0.0 bounds: (178,197),(200,201),(198,210),(176,206)
SINCE 0.0 bounds: (198,249),(216,253),(214,258),(197,255)
194 0.0 bounds: (219,252),(232,255),(231,260),(218,258)
NAGABJUNO 0.0 bounds: (124,271),(230,282),(229,300),(122,289)
E 0.0 bounds: (570,296),(587,294),(589,316),(572,318)
JOCKEY 0.0 bounds: (580,296),(676,286),(678,306),(582,316)
OR 0.0 bounds: (615,313),(629,312),(630,326),(616,327)
NOTHING 0.0 bounds: (634,310),(687,305),(688,320),(635,325)
ANDHRA 0.0 bounds: (144,293),(190,299),(189,305),(143,299)
STYLE 0.0 bounds: (192,298),(223,302),(222,310),(191,306)
ROOMS 0.0 bounds: (619,379),(638,378),(639,391),(620,392)
AVALBLE 0.0 bounds: (641,378),(673,376),(674,389),(642,391)
OE 0.0 bounds: (447,392),(462,392),(462,402),(447,402)
DELIGHT 0.0 bounds: (464,392),(492,391),(492,402),(464,403)
