SILKS HOUSE
ATHA'S
JEWELLERS
T:_BUR
శ్యయలో
aboo/ E
TAILERS& EXPORTERS
Davanam
Unique Gold
Collections..!
 0.0 bounds: (0,107),(689,107),(689,379),(0,379)
SILKS 0.0 bounds: (8,107),(96,109),(95,147),(7,145)
HOUSE 0.0 bounds: (99,109),(210,111),(209,148),(98,146)
ATHA'S 0.0 bounds: (1,153),(111,154),(111,191),(1,190)
JEWELLERS 0.0 bounds: (343,185),(643,185),(643,229),(343,229)
T:_BUR 0.0 bounds: (165,196),(187,196),(187,201),(165,201)
శ్యయలో 0.0 bounds: (0,280),(185,280),(185,333),(0,333)
aboo/ 0.0 bounds: (28,284),(233,288),(232,328),(27,324)
E 0.0 bounds: (310,290),(341,291),(340,330),(309,329)
TAILERS& 0.0 bounds: (328,294),(502,298),(501,331),(327,327)
EXPORTERS 0.0 bounds: (504,298),(689,302),(688,336),(503,332)
Davanam 0.0 bounds: (624,355),(677,358),(676,368),(624,365)
Unique 0.0 bounds: (522,355),(565,356),(565,367),(522,366)
Gold 0.0 bounds: (574,356),(603,357),(603,368),(574,367)
Collections..! 0.0 bounds: (551,370),(618,371),(618,379),(551,378)
