22255918
VANTAGE 22255919
COMPLETE OUI0OOR SOLUTIONS
HOME THEATER STSTEMS
 0.0 bounds: (76,99),(917,99),(917,311),(76,311)
22255918 0.0 bounds: (400,108),(621,132),(616,176),(395,152)
VANTAGE 0.0 bounds: (86,99),(322,136),(315,179),(79,141)
22255919 0.0 bounds: (427,152),(620,182),(613,226),(420,195)
COMPLETE 0.0 bounds: (78,151),(156,158),(154,176),(76,169)
OUI0OOR 0.0 bounds: (161,159),(239,166),(237,183),(159,176)
SOLUTIONS 0.0 bounds: (241,166),(320,173),(318,191),(239,184)
HOME 0.0 bounds: (808,299),(831,290),(836,302),(813,311)
THEATER 0.0 bounds: (832,289),(868,276),(872,289),(837,302)
STSTEMS 0.0 bounds: (870,275),(911,259),(916,273),(875,288)
