JAMA
A MAL
Indierafts Jewe
S Al SULIAN
00
 0.0 bounds: (163,299),(660,299),(660,422),(163,422)
JAMA 0.0 bounds: (185,306),(290,306),(290,320),(185,320)
A 0.0 bounds: (375,299),(387,299),(387,317),(375,317)
MAL 0.0 bounds: (395,300),(445,300),(445,320),(395,320)
Indierafts 0.0 bounds: (192,334),(243,333),(243,346),(192,347)
Jewe 0.0 bounds: (251,334),(271,334),(271,346),(251,346)
S 0.0 bounds: (614,337),(620,336),(621,346),(615,347)
Al 0.0 bounds: (622,336),(629,335),(630,345),(623,346)
SULIAN 0.0 bounds: (629,335),(659,332),(660,342),(630,345)
00 0.0 bounds: (163,415),(172,415),(172,421),(163,422)
