TAB
ALKITJEE PRE-MEDICAL K-CET
(d) P1& P2 Class 6 te 12
Best Renults
are tron
ALLEN
per si
 0.0 bounds: (66,247),(652,247),(652,391),(66,391)
TAB 0.0 bounds: (67,247),(93,250),(92,258),(66,256)
ALKITJEE 0.0 bounds: (457,325),(526,326),(526,336),(457,335)
PRE-MEDICAL 0.0 bounds: (532,328),(569,328),(569,334),(532,334)
K-CET 0.0 bounds: (577,330),(593,330),(593,336),(577,336)
(d) 0.0 bounds: (460,337),(503,340),(502,350),(459,347)
P1& 0.0 bounds: (511,344),(530,345),(530,351),(511,350)
P2 0.0 bounds: (532,346),(545,347),(545,352),(532,351)
Class 0.0 bounds: (553,345),(568,346),(568,353),(553,352)
6 0.0 bounds: (570,347),(573,347),(573,353),(570,353)
te 0.0 bounds: (576,347),(581,347),(580,355),(575,355)
12 0.0 bounds: (583,348),(589,348),(589,355),(583,355)
Best 0.0 bounds: (605,328),(621,328),(621,335),(605,335)
Renults 0.0 bounds: (624,329),(651,329),(651,335),(624,335)
are 0.0 bounds: (617,339),(630,339),(630,345),(617,345)
tron 0.0 bounds: (634,339),(649,339),(649,345),(634,345)
ALLEN 0.0 bounds: (612,349),(652,349),(652,357),(612,357)
per 0.0 bounds: (173,379),(200,380),(200,391),(173,390)
si 0.0 bounds: (204,380),(213,380),(213,390),(204,390)
