oa doerieb
Fe 500 D
Earthquake Resistant
reet
JINDAL
PANTHER
TMT REBARS
A PRODUCT OF JINDAL STEEL & POWER LIMITED
Ph: 080
34700
 0.0 bounds: (1,399),(697,399),(697,550),(1,550)
oa 0.0 bounds: (531,402),(558,402),(558,406),(531,406)
doerieb 0.0 bounds: (562,399),(589,399),(589,406),(562,406)
Fe 0.0 bounds: (583,421),(605,420),(605,436),(583,437)
500 0.0 bounds: (607,420),(624,420),(624,436),(607,436)
D 0.0 bounds: (626,420),(633,420),(633,436),(626,436)
Earthquake 0.0 bounds: (589,436),(631,435),(631,445),(589,446)
Resistant 0.0 bounds: (634,437),(668,436),(668,444),(634,445)
reet 0.0 bounds: (1,440),(12,441),(12,448),(1,447)
JINDAL 0.0 bounds: (417,473),(472,472),(472,484),(417,485)
PANTHER 0.0 bounds: (412,486),(517,488),(516,516),(411,514)
TMT 0.0 bounds: (414,512),(437,513),(437,524),(414,523)
REBARS 0.0 bounds: (441,512),(477,513),(477,525),(441,524)
A 0.0 bounds: (409,539),(412,539),(412,546),(409,546)
PRODUCT 0.0 bounds: (414,538),(440,538),(440,546),(414,546)
OF 0.0 bounds: (442,539),(448,539),(448,546),(442,546)
JINDAL 0.0 bounds: (451,539),(470,539),(470,546),(451,546)
STEEL 0.0 bounds: (473,539),(490,539),(490,547),(473,547)
& 0.0 bounds: (492,539),(495,539),(495,547),(492,547)
POWER 0.0 bounds: (498,539),(518,539),(518,547),(498,547)
LIMITED 0.0 bounds: (520,539),(542,539),(542,547),(520,547)
Ph: 0.0 bounds: (558,534),(585,534),(585,547),(558,547)
080 0.0 bounds: (592,534),(616,534),(616,547),(592,547)
34700 0.0 bounds: (649,537),(697,535),(697,548),(649,550)
