Just born
9, Millerrs Road, Off Cunningham Road, Bangalore-52
Mob: 098400 71000 TEL:+91-80-2225 8294.
బరయాని ఓ కాబ జం
Sors of PM
నెటిరాజా
బారో
NATARAJ
TO:LET
TAKE 'a' BREAK
BIRİYANI & KABAB CENTRE
inoment.
"Cel
BAR
B-TRAC
PG
PG PG PG PG
PG
PG
PG
PG PG
PG
GENTS
PG PG
PG PG
 0.0 bounds: (3,92),(972,92),(972,607),(3,607)
Just 0.0 bounds: (647,98),(736,95),(737,137),(648,140)
born 0.0 bounds: (743,96),(853,92),(854,133),(744,137)
9, 0.0 bounds: (291,195),(323,194),(324,218),(292,219)
Millerrs 0.0 bounds: (325,194),(406,192),(407,217),(326,219)
Road, 0.0 bounds: (413,191),(473,189),(474,214),(414,216)
Off 0.0 bounds: (479,190),(515,189),(516,213),(480,214)
Cunningham 0.0 bounds: (521,188),(652,185),(653,210),(522,213)
Road, 0.0 bounds: (663,185),(723,183),(724,208),(664,210)
Bangalore-52 0.0 bounds: (729,183),(869,179),(870,204),(730,208)
Mob: 0.0 bounds: (348,225),(400,224),(400,239),(348,240)
098400 0.0 bounds: (410,223),(480,221),(480,237),(410,239)
71000 0.0 bounds: (489,221),(546,219),(546,234),(489,236)
TEL:+91-80-2225 0.0 bounds: (558,215),(757,209),(757,229),(559,235)
8294. 0.0 bounds: (765,210),(820,208),(821,228),(766,230)
బరయాని 0.0 bounds: (467,298),(519,296),(519,309),(467,311)
ఓ 0.0 bounds: (526,297),(535,297),(535,307),(526,307)
కాబ 0.0 bounds: (544,298),(582,297),(582,306),(544,307)
జం 0.0 bounds: (586,294),(603,293),(603,306),(586,307)
Sors 0.0 bounds: (377,316),(396,314),(397,324),(378,326)
of 0.0 bounds: (398,314),(405,313),(406,320),(399,321)
PM 0.0 bounds: (407,312),(420,310),(421,319),(408,321)
నెటిరాజా 0.0 bounds: (45,336),(117,335),(117,353),(45,354)
బారో 0.0 bounds: (60,359),(102,358),(102,372),(60,373)
NATARAJ 0.0 bounds: (43,381),(118,381),(118,397),(43,397)
TO:LET 0.0 bounds: (218,329),(250,320),(252,328),(221,338)
TAKE 0.0 bounds: (489,319),(528,318),(529,336),(490,337)
'a' 0.0 bounds: (534,320),(549,319),(549,332),(534,333)
BREAK 0.0 bounds: (555,319),(604,317),(605,332),(556,334)
BIRİYANI 0.0 bounds: (450,342),(514,341),(514,356),(450,357)
& 0.0 bounds: (520,343),(530,343),(530,355),(520,355)
KABAB 0.0 bounds: (536,342),(585,341),(585,355),(536,356)
CENTRE 0.0 bounds: (592,340),(647,339),(647,354),(592,355)
inoment. 0.0 bounds: (379,343),(424,340),(425,352),(380,355)
"Cel 0.0 bounds: (3,394),(30,394),(30,410),(3,410)
BAR 0.0 bounds: (60,405),(94,404),(94,415),(60,416)
B-TRAC 0.0 bounds: (678,460),(733,459),(733,473),(678,474)
PG 0.0 bounds: (881,510),(898,509),(898,520),(881,521)
PG 0.0 bounds: (824,522),(848,523),(848,534),(824,533)
PG 0.0 bounds: (912,524),(924,524),(924,535),(912,535)
PG 0.0 bounds: (936,525),(950,525),(950,536),(936,536)
PG 0.0 bounds: (956,525),(972,525),(972,536),(956,536)
PG 0.0 bounds: (849,513),(864,513),(864,519),(849,519)
PG 0.0 bounds: (193,572),(236,571),(236,587),(193,588)
PG 0.0 bounds: (295,569),(313,569),(313,581),(295,581)
PG 0.0 bounds: (852,547),(869,547),(869,559),(852,559)
PG 0.0 bounds: (877,546),(892,546),(892,558),(877,558)
PG 0.0 bounds: (924,560),(949,559),(949,572),(924,573)
GENTS 0.0 bounds: (925,572),(953,571),(953,581),(925,582)
PG 0.0 bounds: (848,580),(869,580),(869,592),(848,592)
PG 0.0 bounds: (878,579),(894,579),(894,591),(878,591)
PG 0.0 bounds: (914,596),(934,595),(934,606),(914,607)
PG 0.0 bounds: (940,595),(953,595),(953,606),(940,606)
