Solly
ements Mal Yelahanka
a mtoni Aiport 1
B B-TRAC
EYRE MASQ AGENCIESA
SPARKLE
ARKLE
anTayor
 0.0 bounds: (11,101),(1003,101),(1003,704),(11,704)
Solly 0.0 bounds: (399,101),(422,117),(415,127),(392,111)
ements 0.0 bounds: (393,123),(418,136),(415,142),(390,129)
Mal 0.0 bounds: (419,137),(431,143),(429,148),(417,141)
Yelahanka 0.0 bounds: (437,146),(464,160),(462,166),(434,151)
a 0.0 bounds: (304,237),(314,237),(314,255),(304,255)
mtoni 0.0 bounds: (316,236),(349,236),(349,255),(316,255)
Aiport 0.0 bounds: (351,236),(371,236),(371,255),(351,255)
1 0.0 bounds: (373,236),(387,236),(387,254),(373,254)
B 0.0 bounds: (292,280),(299,280),(299,294),(292,294)
B-TRAC 0.0 bounds: (324,279),(354,279),(354,290),(324,290)
EYRE 0.0 bounds: (213,318),(244,328),(239,346),(207,336)
MASQ 0.0 bounds: (246,329),(275,338),(269,355),(240,346)
AGENCIESA 0.0 bounds: (279,339),(339,358),(333,375),(273,356)
SPARKLE 0.0 bounds: (235,473),(310,482),(307,508),(232,499)
ARKLE 0.0 bounds: (11,480),(56,477),(57,488),(12,491)
anTayor 0.0 bounds: (959,695),(1003,699),(1002,703),(959,699)
