ORGANISE
CALENDARS
CORPORATE GIFT
available here:
DIARIES
S PLANNERS
2018
DIARIES
PLANNERS
CALENDARS
ORGANISES
ABLE HERE
a Assured
ACCOUNT BOOKS
BOX FILES
SPRING FILES
OFFICE
STATIONERY
COMPUTER
CONSUMABLES
CONFERENCE
LES&FOLDERS
లయిన్టా
liance
NERY WORLD
 0.0 bounds: (296,-3),(984,-3),(984,664),(296,664)
ORGANISE 0.0 bounds: (651,16),(761,-3),(765,16),(654,35)
CALENDARS 0.0 bounds: (660,42),(795,17),(798,35),(664,61)
CORPORATE 0.0 bounds: (678,64),(758,49),(760,61),(680,77)
GIFT 0.0 bounds: (766,49),(801,42),(803,51),(768,58)
available 0.0 bounds: (678,83),(751,70),(754,86),(681,99)
here: 0.0 bounds: (756,69),(797,62),(800,77),(759,85)
DIARIES 0.0 bounds: (794,264),(848,213),(864,230),(811,281)
S 0.0 bounds: (801,285),(809,279),(818,290),(811,297)
PLANNERS 0.0 bounds: (810,277),(851,243),(861,256),(820,289)
2018 0.0 bounds: (296,384),(355,377),(357,399),(299,406)
DIARIES 0.0 bounds: (298,407),(356,399),(358,411),(300,419)
PLANNERS 0.0 bounds: (304,420),(352,412),(354,423),(306,431)
CALENDARS 0.0 bounds: (303,432),(354,425),(356,436),(305,444)
ORGANISES 0.0 bounds: (303,443),(356,436),(357,448),(304,455)
ABLE 0.0 bounds: (781,322),(804,303),(813,313),(789,332)
HERE 0.0 bounds: (808,301),(831,283),(839,293),(816,311)
a 0.0 bounds: (822,339),(829,339),(829,346),(822,346)
Assured 0.0 bounds: (844,337),(884,334),(884,342),(845,345)
ACCOUNT 0.0 bounds: (818,378),(878,374),(879,397),(819,401)
BOOKS 0.0 bounds: (880,374),(920,371),(921,394),(881,397)
BOX 0.0 bounds: (821,410),(867,407),(868,424),(822,427)
FILES 0.0 bounds: (873,405),(928,401),(929,417),(874,421)
SPRING 0.0 bounds: (828,440),(886,436),(887,452),(829,456)
FILES 0.0 bounds: (892,436),(930,434),(931,450),(893,452)
OFFICE 0.0 bounds: (853,466),(915,462),(916,478),(854,482)
STATIONERY 0.0 bounds: (844,480),(941,474),(942,490),(845,496)
COMPUTER 0.0 bounds: (858,509),(933,505),(933,515),(858,519)
CONSUMABLES 0.0 bounds: (843,520),(949,513),(950,527),(844,534)
CONFERENCE 0.0 bounds: (861,551),(947,546),(948,559),(862,564)
LES&FOLDERS 0.0 bounds: (868,564),(959,558),(960,573),(869,579)
లయిన్టా 0.0 bounds: (883,588),(963,582),(964,604),(885,610)
liance 0.0 bounds: (900,629),(974,623),(976,649),(902,655)
NERY 0.0 bounds: (906,653),(938,651),(939,662),(907,664)
WORLD 0.0 bounds: (940,652),(983,649),(984,659),(941,662)
