SPARSH
AE OSPITAL
/ INCY &NTEN CAE
rSPAN
 0.0 bounds: (741,316),(970,316),(970,384),(741,384)
SPARSH 0.0 bounds: (907,320),(969,316),(969,325),(908,329)
AE 0.0 bounds: (860,323),(890,324),(890,333),(860,332)
OSPITAL 0.0 bounds: (921,324),(969,326),(969,338),(921,336)
/ 0.0 bounds: (890,340),(893,340),(893,346),(890,346)
INCY 0.0 bounds: (907,339),(916,339),(916,346),(907,346)
&NTEN 0.0 bounds: (917,340),(943,339),(943,343),(917,344)
CAE 0.0 bounds: (945,339),(956,339),(956,343),(945,343)
rSPAN 0.0 bounds: (741,374),(770,370),(771,380),(742,384)
