DHANAAL
SILK & S
ధేనేలక్ష్మి సిల్ా అయ
ALA SILKS
dod den de donhde
SRI HONNAMMA
KANCHI-CO
s Silks
ILKS
చల్ కరుపు ని ే
LA SILKS
NO RIGHT TURN
 0.0 bounds: (-1,84),(1023,84),(1023,573),(-1,573)
DHANAAL 0.0 bounds: (777,135),(1020,111),(1023,142),(780,166)
SILK 0.0 bounds: (859,158),(946,149),(947,168),(861,177)
& 0.0 bounds: (961,148),(986,145),(988,163),(963,166)
S 0.0 bounds: (1004,144),(1021,142),(1023,159),(1006,161)
ధేనేలక్ష్మి 0.0 bounds: (799,103),(906,92),(909,117),(801,128)
సిల్ా 0.0 bounds: (913,92),(969,86),(971,108),(915,114)
అయ 0.0 bounds: (983,88),(1022,84),(1023,96),(984,100)
ALA 0.0 bounds: (13,109),(41,136),(28,149),(0,122)
SILKS 0.0 bounds: (43,142),(70,169),(59,180),(32,153)
dod 0.0 bounds: (772,384),(827,381),(830,428),(775,431)
den 0.0 bounds: (829,381),(867,379),(870,426),(832,428)
de 0.0 bounds: (870,387),(899,385),(901,422),(872,424)
donhde 0.0 bounds: (908,380),(1021,374),(1023,418),(910,424)
SRI 0.0 bounds: (823,436),(881,433),(883,474),(825,477)
HONNAMMA 0.0 bounds: (883,432),(1017,425),(1019,465),(885,473)
KANCHI-CO 0.0 bounds: (788,422),(837,420),(837,434),(788,436)
s 0.0 bounds: (6,406),(14,409),(8,424),(1,421)
Silks 0.0 bounds: (12,406),(47,418),(42,434),(7,422)
ILKS 0.0 bounds: (3,434),(37,443),(33,456),(0,447)
చల్ 0.0 bounds: (465,498),(482,498),(482,509),(465,509)
కరుపు 0.0 bounds: (487,498),(511,498),(511,510),(487,510)
ని 0.0 bounds: (515,499),(523,499),(523,510),(515,510)
ే 0.0 bounds: (547,499),(573,499),(573,510),(547,510)
LA 0.0 bounds: (3,517),(15,519),(12,536),(0,534)
SILKS 0.0 bounds: (13,519),(36,522),(33,538),(11,535)
NO 0.0 bounds: (460,553),(486,553),(486,572),(460,572)
RIGHT 0.0 bounds: (492,555),(534,556),(534,572),(492,571)
TURN 0.0 bounds: (539,557),(575,557),(575,572),(539,572)
