Happin
SALE
UP TO SOFF
CENTRAL
Coyce
RESIDENCY BOAD
STREET SMART
Kaushik
 0.0 bounds: (292,32),(676,32),(676,265),(292,265)
Happin 0.0 bounds: (596,39),(635,32),(638,47),(599,55)
SALE 0.0 bounds: (606,55),(647,46),(650,60),(609,70)
UP 0.0 bounds: (598,73),(614,70),(615,80),(600,83)
TO 0.0 bounds: (616,70),(627,68),(628,78),(618,80)
SOFF 0.0 bounds: (629,68),(655,64),(656,74),(631,78)
CENTRAL 0.0 bounds: (615,132),(663,127),(665,144),(617,149)
Coyce 0.0 bounds: (292,226),(329,224),(329,229),(292,232)
RESIDENCY 0.0 bounds: (610,161),(652,156),(653,167),(611,172)
BOAD 0.0 bounds: (656,156),(675,154),(676,164),(657,166)
STREET 0.0 bounds: (629,177),(649,175),(650,182),(630,185)
SMART 0.0 bounds: (650,175),(671,172),(672,178),(651,181)
Kaushik 0.0 bounds: (427,256),(460,235),(466,244),(433,265)
