SUSHSTR
SS.RAvi n
ENTERTAINERS
ESENTS
55. RAVI GOwDA.
S.S. RAGHU GOWD
N. RAGAVAN.
MR.
MR
MR.
S RI
S.S
Gundur
AN
 0.0 bounds: (14,385),(1022,385),(1022,592),(14,592)
SUSHSTR 0.0 bounds: (602,389),(638,386),(639,394),(603,397)
SS.RAvi 0.0 bounds: (167,516),(195,517),(195,524),(167,523)
n 0.0 bounds: (200,518),(207,518),(207,522),(200,522)
ENTERTAINERS 0.0 bounds: (16,518),(82,519),(82,531),(16,530)
ESENTS 0.0 bounds: (15,530),(62,532),(61,545),(14,543)
55. 0.0 bounds: (822,519),(843,519),(843,530),(822,530)
RAVI 0.0 bounds: (840,520),(862,520),(862,530),(840,530)
GOwDA. 0.0 bounds: (867,523),(913,524),(913,530),(867,529)
S.S. 0.0 bounds: (822,536),(846,536),(846,548),(822,548)
RAGHU 0.0 bounds: (848,536),(889,536),(889,549),(848,549)
GOWD 0.0 bounds: (891,537),(931,537),(931,549),(891,549)
N. 0.0 bounds: (821,557),(833,557),(833,564),(821,564)
RAGAVAN. 0.0 bounds: (840,553),(900,553),(900,566),(840,566)
MR. 0.0 bounds: (109,523),(125,523),(125,532),(109,532)
MR 0.0 bounds: (362,521),(376,521),(376,532),(362,532)
MR. 0.0 bounds: (605,520),(621,520),(621,533),(605,533)
S 0.0 bounds: (425,531),(429,531),(429,532),(425,532)
RI 0.0 bounds: (433,528),(453,528),(453,537),(433,537)
S.S 0.0 bounds: (1007,528),(1022,528),(1022,536),(1007,536)
Gundur 0.0 bounds: (819,571),(896,567),(897,588),(820,592)
AN 0.0 bounds: (575,578),(588,578),(588,585),(575,585)
