SASH
O OLA
O OLA
741102
This auto
accepts
Ola Money
Interior
Fashion
29
2d Web Graphics
for 4 km
TVS
2017
75539
 0.0 bounds: (0,198),(691,198),(691,672),(0,672)
SASH 0.0 bounds: (662,200),(691,198),(691,206),(662,208)
O 0.0 bounds: (52,287),(61,287),(61,305),(52,305)
OLA 0.0 bounds: (63,287),(80,287),(80,305),(63,305)
O 0.0 bounds: (132,341),(138,341),(138,351),(132,351)
OLA 0.0 bounds: (140,341),(151,341),(151,351),(140,351)
741102 0.0 bounds: (367,371),(391,370),(391,378),(367,379)
This 0.0 bounds: (237,374),(256,376),(254,389),(235,387)
auto 0.0 bounds: (258,379),(275,381),(273,392),(257,390)
accepts 0.0 bounds: (241,390),(272,393),(271,405),(240,402)
Ola 0.0 bounds: (234,404),(248,405),(247,416),(233,415)
Money 0.0 bounds: (251,406),(275,408),(274,421),(250,419)
Interior 0.0 bounds: (365,387),(407,391),(406,402),(364,398)
Fashion 0.0 bounds: (364,399),(407,401),(407,410),(364,408)
29 0.0 bounds: (1,387),(47,388),(46,427),(0,426)
2d 0.0 bounds: (358,415),(365,415),(365,420),(358,420)
Web 0.0 bounds: (368,417),(378,417),(378,421),(368,421)
Graphics 0.0 bounds: (381,417),(403,418),(403,425),(381,424)
for 0.0 bounds: (1,424),(16,424),(16,433),(1,433)
4 0.0 bounds: (19,426),(25,426),(25,433),(19,433)
km 0.0 bounds: (30,426),(45,426),(45,434),(30,434)
TVS 0.0 bounds: (7,491),(42,492),(41,507),(6,506)
2017 0.0 bounds: (66,590),(96,592),(95,602),(65,600)
75539 0.0 bounds: (254,649),(237,672),(228,666),(245,642)
