NCES
ANCHOR ing
Parentis
THIRUMALA
SLAS
CHOR
SRI MA
tasonic
AutoA
SONNANE
Care Mo.
8635
PHILIPS
చ చింిటితధ్ ో
 0.0 bounds: (-1,2),(1003,2),(1003,636),(-1,636)
NCES 0.0 bounds: (12,82),(40,107),(28,121),(0,95)
ANCHOR 0.0 bounds: (103,135),(176,199),(159,219),(85,155)
ing 0.0 bounds: (204,222),(221,236),(202,258),(186,243)
Parentis 0.0 bounds: (100,177),(159,222),(147,237),(88,192)
THIRUMALA 0.0 bounds: (961,347),(1001,337),(1003,346),(964,357)
SLAS 0.0 bounds: (976,355),(992,352),(993,358),(977,361)
CHOR 0.0 bounds: (9,357),(100,369),(91,435),(0,422)
SRI 0.0 bounds: (787,403),(804,401),(805,409),(788,411)
MA 0.0 bounds: (807,403),(829,401),(830,408),(808,410)
tasonic 0.0 bounds: (0,436),(79,436),(79,473),(0,473)
AutoA 0.0 bounds: (814,487),(842,484),(843,491),(815,494)
SONNANE 0.0 bounds: (807,520),(829,518),(829,520),(807,522)
Care 0.0 bounds: (27,577),(56,568),(64,595),(35,604)
Mo. 0.0 bounds: (65,568),(85,562),(92,586),(72,592)
8635 0.0 bounds: (38,620),(78,606),(83,622),(44,636)
PHILIPS 0.0 bounds: (168,2),(233,94),(213,109),(148,16)
చ 0.0 bounds: (97,12),(101,18),(91,26),(87,20)
చింిటితధ్ 0.0 bounds: (123,45),(148,77),(137,85),(113,53)
ో 0.0 bounds: (141,84),(142,86),(141,87),(139,85)
