O OLA
O OLA
artaon 22255918 Y
for 4 km
 0.0 bounds: (288,491),(503,491),(503,581),(288,581)
O 0.0 bounds: (308,492),(313,492),(313,503),(308,503)
OLA 0.0 bounds: (315,491),(323,491),(323,503),(315,503)
O 0.0 bounds: (374,519),(376,519),(376,525),(374,525)
OLA 0.0 bounds: (378,519),(382,519),(382,525),(378,525)
artaon 0.0 bounds: (433,523),(456,523),(456,529),(433,529)
22255918 0.0 bounds: (466,525),(492,525),(492,530),(466,530)
Y 0.0 bounds: (496,523),(503,523),(503,530),(496,530)
for 0.0 bounds: (288,575),(298,575),(298,581),(288,581)
4 0.0 bounds: (301,576),(305,576),(305,580),(301,580)
km 0.0 bounds: (308,576),(318,576),(318,580),(308,580)
