PHILIPS
Flishwa's S
VISHVA'S SILA
F THIRUMALA SI
PANT PEE L
SHIT RE 1S
Rs.350
TOEMALA
 0.0 bounds: (123,113),(1024,113),(1024,522),(123,522)
PHILIPS 0.0 bounds: (323,126),(381,140),(378,154),(320,141)
Flishwa's 0.0 bounds: (951,135),(1012,116),(1017,131),(956,150)
S 0.0 bounds: (1013,115),(1019,113),(1023,129),(1018,130)
VISHVA'S 0.0 bounds: (905,174),(976,153),(981,171),(910,192)
SILA 0.0 bounds: (984,154),(1019,143),(1023,156),(988,166)
F 0.0 bounds: (883,253),(895,251),(898,268),(886,270)
THIRUMALA 0.0 bounds: (936,242),(1005,230),(1008,249),(939,261)
SI 0.0 bounds: (1010,232),(1020,230),(1023,246),(1013,248)
PANT 0.0 bounds: (123,454),(142,447),(148,464),(129,471)
PEE 0.0 bounds: (144,446),(157,441),(164,459),(151,464)
L 0.0 bounds: (158,440),(162,439),(168,456),(164,457)
SHIT 0.0 bounds: (126,475),(149,465),(157,484),(134,493)
RE 0.0 bounds: (151,465),(161,461),(169,478),(158,482)
1S 0.0 bounds: (163,459),(170,456),(178,474),(171,477)
Rs.350 0.0 bounds: (128,497),(167,478),(179,503),(140,522)
TOEMALA 0.0 bounds: (848,307),(873,306),(873,312),(848,313)
