CSD TIMINGS
MORNING
NO THOROUGH FARE
PROVE YOUR IDENTITY
 0.0 bounds: (524,186),(683,186),(683,237),(524,237)
CSD 0.0 bounds: (532,186),(553,188),(552,198),(531,196)
TIMINGS 0.0 bounds: (552,190),(592,193),(591,201),(551,198)
MORNING 0.0 bounds: (525,199),(550,202),(549,207),(524,204)
NO 0.0 bounds: (602,206),(621,207),(620,217),(602,216)
THOROUGH 0.0 bounds: (623,208),(659,210),(658,220),(623,218)
FARE 0.0 bounds: (661,209),(679,210),(678,220),(661,219)
PROVE 0.0 bounds: (600,224),(626,225),(626,236),(600,235)
YOUR 0.0 bounds: (629,225),(648,226),(648,236),(629,235)
IDENTITY 0.0 bounds: (650,226),(683,227),(683,237),(650,236)
