SONS LE
DEVATHA SILKS HOUSE
DEVATHA'S
AEVATHAS
ZOASWAMYSH
 0.0 bounds: (103,0),(984,0),(984,298),(103,298)
SONS 0.0 bounds: (104,189),(170,195),(169,209),(103,203)
LE 0.0 bounds: (178,194),(196,196),(194,212),(177,211)
DEVATHA 0.0 bounds: (806,262),(871,238),(879,261),(814,285)
SILKS 0.0 bounds: (872,238),(911,224),(920,246),(880,261)
HOUSE 0.0 bounds: (914,223),(976,200),(984,222),(922,245)
DEVATHA'S 0.0 bounds: (847,279),(926,253),(932,272),(853,298)
AEVATHAS 0.0 bounds: (942,0),(960,188),(926,191),(908,3)
ZOASWAMYSH 0.0 bounds: (166,3),(157,192),(116,190),(125,1)
