Jo do
NETFLIX
IS IT STILL MURDER IF YOU CAN
YOURSELF
ACK TO LIFE?
A NETFLIX DIGINAL SERIES
ALTERED
CARBON
ALL EPISODES
FEBRUARY 2
ВМТС
www.mybe
 0.0 bounds: (89,15),(792,15),(792,450),(89,450)
Jo 0.0 bounds: (106,418),(123,418),(123,426),(106,426)
do 0.0 bounds: (163,424),(171,425),(170,433),(162,432)
NETFLIX 0.0 bounds: (477,15),(601,16),(601,51),(477,50)
IS 0.0 bounds: (562,74),(585,74),(585,90),(562,90)
IT 0.0 bounds: (587,74),(600,74),(600,91),(587,91)
STILL 0.0 bounds: (602,75),(636,76),(636,91),(602,91)
MURDER 0.0 bounds: (640,77),(699,78),(699,90),(640,89)
IF 0.0 bounds: (705,78),(716,78),(716,89),(705,89)
YOU 0.0 bounds: (721,78),(748,78),(748,90),(721,90)
CAN 0.0 bounds: (755,79),(781,79),(781,90),(755,90)
YOURSELF 0.0 bounds: (628,92),(784,93),(784,124),(628,123)
ACK 0.0 bounds: (587,120),(642,121),(641,154),(586,153)
TO 0.0 bounds: (651,124),(687,125),(687,149),(651,148)
LIFE? 0.0 bounds: (701,124),(782,125),(782,150),(701,149)
A 0.0 bounds: (677,232),(682,232),(682,239),(677,239)
NETFLIX 0.0 bounds: (685,232),(713,233),(713,241),(685,240)
DIGINAL 0.0 bounds: (715,234),(750,235),(750,241),(715,240)
SERIES 0.0 bounds: (754,236),(779,236),(779,241),(754,241)
ALTERED 0.0 bounds: (664,245),(791,246),(791,261),(664,260)
CARBON 0.0 bounds: (664,265),(792,268),(792,284),(664,281)
ALL 0.0 bounds: (690,291),(711,291),(711,302),(690,302)
EPISODES 0.0 bounds: (715,291),(767,291),(767,302),(715,302)
FEBRUARY 0.0 bounds: (686,303),(759,305),(759,315),(686,313)
2 0.0 bounds: (766,305),(773,305),(773,314),(766,314)
ВМТС 0.0 bounds: (91,388),(192,397),(190,419),(89,410)
www.mybe 0.0 bounds: (104,443),(139,442),(139,449),(104,450)
