NATARAJA ENTERPRISES
SHSHT
Sunrise
1st Floor
S.R..SILK Traders
UNIT O.
SHOBA
JEWELLERS
A u EDO Su
PR TAacsNERS ANCY SACE
JE WIY BE. 1. ERS
GROUUP
SINCE: 1960
#511, Avenue Road, Bengaluru - 560 002.
SPE C
జఎనో.ద్యలేజ ననా
Jewesiers
DA
NATARAUA
A CREATIONS
 0.0 bounds: (60,23),(883,23),(883,309),(60,309)
NATARAJA 0.0 bounds: (371,87),(408,70),(416,88),(379,104)
ENTERPRISES 0.0 bounds: (414,68),(472,42),(480,61),(422,86)
SHSHT 0.0 bounds: (60,214),(83,211),(84,220),(61,223)
Sunrise 0.0 bounds: (624,97),(764,50),(778,91),(638,138)
1st 0.0 bounds: (208,204),(224,206),(223,214),(207,212)
Floor 0.0 bounds: (227,205),(249,207),(248,216),(226,214)
S.R..SILK 0.0 bounds: (363,169),(429,146),(435,164),(369,187)
Traders 0.0 bounds: (431,145),(476,129),(483,148),(438,164)
UNIT 0.0 bounds: (837,67),(859,60),(862,70),(840,77)
O. 0.0 bounds: (862,60),(870,58),(872,66),(865,69)
SHOBA 0.0 bounds: (234,225),(253,225),(253,230),(234,230)
JEWELLERS 0.0 bounds: (228,231),(259,231),(259,237),(228,237)
A 0.0 bounds: (371,197),(381,194),(384,200),(373,204)
u 0.0 bounds: (413,183),(416,182),(418,189),(415,190)
EDO 0.0 bounds: (431,177),(455,169),(457,177),(433,185)
Su 0.0 bounds: (463,167),(470,165),(472,173),(465,175)
PR 0.0 bounds: (372,204),(386,200),(389,207),(374,212)
TAacsNERS 0.0 bounds: (402,195),(444,182),(446,190),(404,203)
ANCY 0.0 bounds: (447,181),(460,177),(463,185),(449,189)
SACE 0.0 bounds: (462,177),(479,172),(482,179),(464,185)
JE 0.0 bounds: (645,136),(664,130),(667,141),(648,146)
WIY 0.0 bounds: (669,125),(682,121),(687,137),(674,141)
BE. 0.0 bounds: (685,120),(712,112),(717,128),(690,136)
1. 0.0 bounds: (713,111),(725,107),(730,123),(718,127)
ERS 0.0 bounds: (728,109),(769,96),(773,109),(732,121)
GROUUP 0.0 bounds: (829,98),(881,83),(883,90),(831,106)
SINCE: 0.0 bounds: (680,144),(709,135),(711,143),(682,152)
1960 0.0 bounds: (715,135),(734,129),(736,136),(717,142)
#511, 0.0 bounds: (636,167),(655,161),(657,169),(638,175)
Avenue 0.0 bounds: (659,161),(685,154),(687,159),(661,167)
Road, 0.0 bounds: (687,151),(710,144),(713,154),(690,161)
Bengaluru 0.0 bounds: (713,145),(755,133),(758,141),(715,154)
- 0.0 bounds: (760,131),(765,130),(767,138),(762,140)
560 0.0 bounds: (765,130),(779,126),(782,134),(767,138)
002. 0.0 bounds: (783,125),(802,119),(804,127),(785,133)
SPE 0.0 bounds: (294,265),(308,265),(308,268),(294,268)
C 0.0 bounds: (312,265),(314,265),(314,270),(312,270)
జఎనో.ద్యలేజ 0.0 bounds: (398,267),(467,250),(471,265),(402,282)
ననా 0.0 bounds: (470,250),(494,244),(498,258),(473,264)
Jewesiers 0.0 bounds: (431,300),(471,292),(473,301),(433,309)
DA 0.0 bounds: (488,303),(507,300),(508,306),(489,309)
NATARAUA 0.0 bounds: (309,133),(317,246),(294,247),(286,135)
A 0.0 bounds: (238,23),(239,47),(206,49),(205,25)
CREATIONS 0.0 bounds: (240,50),(248,200),(214,202),(206,52)
