CEINITRY AON
fer
RE
KS
SAMPATH
cior
SRI BOOKS
PARADISE
SCHOOL
BAPS A ART
TACNd
MOEL
CEONETR O
Leggings Boutique
ITI BOOKS
ALL TADE
TEXT 0OKS
SOLVER PA
WRITING BOOK
Praveen
Jewellens
STORES
LUn Paradise
Sri
Legging
Boutique
chon
PRAS
II BOOKS T800
MAIY
Aale Hes
B00
JOK CENTRE
JUNT ON VTU BOOKS
HOOKS UP TO 29
UPTO 35
 0.0 bounds: (0,199),(980,199),(980,728),(0,728)
CEINITRY 0.0 bounds: (648,387),(672,387),(672,393),(648,393)
AON 0.0 bounds: (675,387),(682,387),(682,393),(675,393)
fer 0.0 bounds: (6,199),(19,201),(18,207),(5,205)
RE 0.0 bounds: (1,299),(30,299),(30,321),(1,321)
KS 0.0 bounds: (1,330),(28,331),(27,371),(0,370)
SAMPATH 0.0 bounds: (329,328),(383,332),(382,343),(328,339)
cior 0.0 bounds: (701,323),(715,318),(717,323),(703,328)
SRI 0.0 bounds: (639,330),(651,331),(651,338),(639,337)
BOOKS 0.0 bounds: (653,330),(682,332),(681,341),(652,339)
PARADISE 0.0 bounds: (638,339),(681,341),(680,350),(638,348)
SCHOOL 0.0 bounds: (653,360),(671,360),(671,366),(653,366)
BAPS 0.0 bounds: (644,367),(657,367),(657,373),(644,373)
A 0.0 bounds: (659,367),(662,367),(662,373),(659,373)
ART 0.0 bounds: (664,367),(678,367),(678,374),(664,374)
TACNd 0.0 bounds: (643,373),(680,375),(680,381),(643,379)
MOEL 0.0 bounds: (653,381),(671,380),(671,387),(653,388)
CEONETR 0.0 bounds: (647,390),(671,390),(671,394),(647,394)
O 0.0 bounds: (674,389),(684,389),(684,395),(674,395)
Leggings 0.0 bounds: (700,375),(738,365),(741,378),(704,389)
Boutique 0.0 bounds: (742,362),(784,351),(787,365),(746,376)
ITI 0.0 bounds: (644,398),(653,398),(653,405),(644,405)
BOOKS 0.0 bounds: (658,399),(686,399),(686,407),(658,407)
ALL 0.0 bounds: (651,409),(660,409),(660,414),(651,414)
TADE 0.0 bounds: (663,409),(676,409),(676,414),(663,414)
TEXT 0.0 bounds: (651,416),(664,416),(664,422),(651,422)
0OKS 0.0 bounds: (666,415),(681,415),(681,422),(666,422)
SOLVER 0.0 bounds: (649,424),(666,424),(666,430),(649,430)
PA 0.0 bounds: (669,424),(674,424),(674,430),(669,430)
WRITING 0.0 bounds: (650,431),(668,431),(668,437),(650,437)
BOOK 0.0 bounds: (671,431),(683,431),(683,438),(671,438)
Praveen 0.0 bounds: (861,423),(964,406),(967,425),(864,442)
Jewellens 0.0 bounds: (877,442),(977,430),(980,451),(879,463)
STORES 0.0 bounds: (603,469),(630,465),(632,478),(605,482)
LUn 0.0 bounds: (661,472),(682,468),(684,483),(664,487)
Paradise 0.0 bounds: (687,467),(723,461),(726,477),(690,483)
Sri 0.0 bounds: (651,476),(657,475),(657,480),(651,481)
Legging 0.0 bounds: (822,469),(856,468),(856,482),(822,483)
Boutique 0.0 bounds: (824,485),(856,484),(856,494),(824,495)
chon 0.0 bounds: (770,481),(790,479),(791,486),(771,488)
PRAS 0.0 bounds: (69,562),(86,562),(86,571),(69,571)
II 0.0 bounds: (635,547),(655,542),(660,559),(639,564)
BOOKS 0.0 bounds: (657,542),(683,535),(688,553),(661,559)
T800 0.0 bounds: (686,535),(714,528),(718,545),(690,552)
MAIY 0.0 bounds: (698,550),(717,547),(718,552),(699,555)
Aale 0.0 bounds: (646,562),(672,557),(672,562),(647,567)
Hes 0.0 bounds: (675,556),(686,554),(687,559),(676,561)
B00 0.0 bounds: (621,595),(639,595),(639,602),(621,602)
JOK 0.0 bounds: (48,679),(71,676),(72,688),(49,691)
CENTRE 0.0 bounds: (73,675),(107,671),(108,684),(74,688)
JUNT 0.0 bounds: (40,696),(56,694),(57,701),(41,703)
ON 0.0 bounds: (59,693),(68,692),(69,700),(60,701)
VTU 0.0 bounds: (71,692),(83,691),(84,699),(72,700)
BOOKS 0.0 bounds: (86,689),(110,686),(111,697),(87,700)
HOOKS 0.0 bounds: (40,708),(67,705),(68,715),(41,718)
UP 0.0 bounds: (70,704),(79,703),(80,713),(71,714)
TO 0.0 bounds: (82,704),(91,703),(92,710),(83,711)
29 0.0 bounds: (94,701),(111,699),(112,710),(95,712)
UPTO 0.0 bounds: (52,715),(89,713),(90,726),(53,728)
35 0.0 bounds: (94,714),(101,714),(101,722),(94,722)
