tda, on, a med
Karbik Electricals
Karha Business Machines Pvt. Ltd
l 0d le 15 Mahatma Ganchi MGRoad
angiun
tre
doffce address
11, Mahatma Gandhi Road
Bengaluro-560 001
 0.0 bounds: (798,72),(1025,72),(1025,314),(798,314)
tda, 0.0 bounds: (856,218),(871,204),(879,213),(864,227)
on, 0.0 bounds: (872,202),(883,192),(893,202),(882,212)
a 0.0 bounds: (885,191),(900,177),(909,186),(894,200)
med 0.0 bounds: (904,174),(916,162),(925,171),(912,183)
Karbik 0.0 bounds: (896,269),(914,258),(922,271),(904,282)
Electricals 0.0 bounds: (915,257),(940,242),(948,256),(923,271)
Karha 0.0 bounds: (902,280),(922,268),(929,281),(910,293)
Business 0.0 bounds: (925,269),(946,257),(953,269),(932,281)
Machines 0.0 bounds: (946,255),(970,241),(978,254),(954,268)
Pvt. 0.0 bounds: (973,240),(985,233),(992,245),(980,252)
Ltd 0.0 bounds: (987,232),(997,226),(1004,239),(994,244)
l 0.0 bounds: (923,292),(927,290),(929,295),(926,297)
0d 0.0 bounds: (929,287),(936,283),(940,290),(933,294)
le 0.0 bounds: (938,285),(943,282),(947,288),(941,291)
15 0.0 bounds: (944,280),(949,277),(953,284),(948,287)
Mahatma 0.0 bounds: (951,276),(970,266),(975,274),(955,284)
Ganchi 0.0 bounds: (972,261),(989,252),(995,265),(979,273)
MGRoad 0.0 bounds: (993,250),(1018,237),(1024,249),(1000,262)
angiun 0.0 bounds: (922,304),(939,294),(945,304),(927,314)
tre 0.0 bounds: (798,126),(805,115),(815,121),(808,132)
doffce 0.0 bounds: (802,114),(815,95),(826,102),(813,121)
address 0.0 bounds: (816,93),(829,73),(840,80),(827,100)
11, 0.0 bounds: (806,165),(815,152),(827,160),(819,173)
Mahatma 0.0 bounds: (816,150),(830,128),(842,136),(828,158)
Gandhi 0.0 bounds: (832,127),(846,105),(858,113),(844,135)
Road 0.0 bounds: (847,104),(857,88),(868,95),(858,111)
Bengaluro-560 0.0 bounds: (819,176),(844,139),(856,147),(831,184)
001 0.0 bounds: (846,137),(853,127),(864,134),(857,144)
