1 nous, y.in
ARE YOU 2017AR
Christmas goes jollier
wm. test n
511
7345
 0.0 bounds: (86,41),(801,41),(801,275),(86,275)
1 0.0 bounds: (161,41),(171,47),(163,59),(153,54)
nous, 0.0 bounds: (180,51),(215,71),(207,85),(172,65)
y.in 0.0 bounds: (214,73),(241,89),(235,99),(208,83)
ARE 0.0 bounds: (100,50),(145,73),(132,100),(86,77)
YOU 0.0 bounds: (149,74),(173,86),(159,113),(135,101)
2017AR 0.0 bounds: (179,90),(244,123),(230,150),(165,117)
Christmas 0.0 bounds: (655,211),(723,213),(723,226),(655,224)
goes 0.0 bounds: (728,219),(757,220),(757,229),(728,228)
jollier 0.0 bounds: (763,216),(801,217),(801,229),(763,228)
wm. 0.0 bounds: (657,228),(673,228),(673,234),(657,234)
test 0.0 bounds: (687,229),(708,229),(708,236),(687,236)
n 0.0 bounds: (736,231),(749,231),(749,234),(736,234)
511 0.0 bounds: (659,273),(685,273),(685,275),(659,275)
7345 0.0 bounds: (195,214),(255,232),(252,244),(192,225)
