15&WEREHOUSING P LTD
1618
AP
470
DELHI PH
PAJER
 0.0 bounds: (0,175),(739,175),(739,392),(0,392)
15&WEREHOUSING 0.0 bounds: (5,175),(186,196),(181,239),(0,219)
P 0.0 bounds: (188,195),(214,198),(209,241),(183,238)
LTD 0.0 bounds: (216,198),(251,202),(246,246),(211,242)
1618 0.0 bounds: (498,217),(524,220),(522,239),(496,236)
AP 0.0 bounds: (88,274),(134,276),(133,295),(87,293)
470 0.0 bounds: (41,338),(76,338),(76,353),(41,353)
DELHI 0.0 bounds: (101,338),(136,338),(136,353),(101,353)
PH 0.0 bounds: (130,338),(172,338),(172,351),(130,351)
PAJER 0.0 bounds: (688,383),(739,383),(739,392),(688,392)
