Rajarati
ace
CLEARANCE
SALE
GEN STONES
BOX
PLATTE
 0.0 bounds: (486,50),(1024,50),(1024,310),(486,310)
Rajarati 0.0 bounds: (830,97),(1013,51),(1024,92),(841,139)
ace 0.0 bounds: (629,155),(667,144),(670,154),(632,166)
CLEARANCE 0.0 bounds: (736,193),(779,189),(780,198),(737,202)
SALE 0.0 bounds: (750,204),(766,202),(767,209),(751,211)
GEN 0.0 bounds: (784,224),(798,223),(799,233),(785,234)
STONES 0.0 bounds: (800,222),(818,220),(819,231),(801,233)
BOX 0.0 bounds: (486,286),(537,285),(537,309),(486,310)
PLATTE 0.0 bounds: (630,280),(687,278),(688,297),(631,299)
