79
MIR
BRIDGESTORE
EXGEED
Concept
LOOK
COACH
B.Tech/B.E
B.C
RA ZASH NBA
S0606 18393
CRASH COURSE
a EVENING/WEEKEND CLA
6360618393
Campotr
 0.0 bounds: (15,46),(1027,46),(1027,692),(15,692)
79 0.0 bounds: (995,50),(1011,46),(1015,58),(998,63)
MIR 0.0 bounds: (992,64),(1023,56),(1027,71),(996,79)
BRIDGESTORE 0.0 bounds: (101,235),(138,252),(133,263),(96,246)
EXGEED 0.0 bounds: (928,275),(1023,276),(1023,294),(928,293)
Concept 0.0 bounds: (18,316),(66,325),(64,339),(15,330)
LOOK 0.0 bounds: (992,334),(1023,334),(1023,348),(992,348)
COACH 0.0 bounds: (975,354),(1023,355),(1023,370),(975,369)
B.Tech/B.E 0.0 bounds: (878,394),(988,399),(987,423),(877,418)
B.C 0.0 bounds: (999,420),(1020,420),(1020,433),(999,433)
RA 0.0 bounds: (744,396),(763,394),(765,413),(746,415)
ZASH 0.0 bounds: (765,393),(779,391),(781,410),(767,412)
NBA 0.0 bounds: (781,392),(798,390),(800,408),(783,410)
S0606 0.0 bounds: (738,449),(767,448),(767,464),(738,465)
18393 0.0 bounds: (769,448),(790,448),(790,464),(769,464)
CRASH 0.0 bounds: (948,441),(977,442),(977,449),(948,448)
COURSE 0.0 bounds: (981,441),(1015,442),(1015,450),(981,449)
a 0.0 bounds: (877,449),(907,450),(907,455),(877,454)
EVENING/WEEKEND 0.0 bounds: (918,450),(1007,452),(1007,462),(918,460)
CLA 0.0 bounds: (1012,453),(1023,453),(1023,462),(1012,462)
6360618393 0.0 bounds: (877,466),(1023,469),(1022,497),(876,494)
Campotr 0.0 bounds: (953,680),(1022,682),(1022,692),(953,690)
