Nisargalaya'
Brahmi ol
Se e ut
BMTC
UIGCout s a
 0.0 bounds: (356,438),(891,438),(891,488),(356,488)
Nisargalaya' 0.0 bounds: (760,438),(819,440),(819,451),(760,449)
Brahmi 0.0 bounds: (773,451),(796,452),(796,459),(773,458)
ol 0.0 bounds: (800,453),(807,453),(807,459),(800,459)
Se 0.0 bounds: (820,450),(828,450),(828,455),(820,455)
e 0.0 bounds: (853,451),(866,451),(866,456),(853,456)
ut 0.0 bounds: (868,451),(879,451),(879,456),(868,456)
BMTC 0.0 bounds: (356,444),(391,445),(391,455),(356,454)
UIGCout 0.0 bounds: (753,469),(793,472),(792,479),(752,476)
s 0.0 bounds: (819,475),(842,477),(842,482),(819,480)
a 0.0 bounds: (866,479),(891,481),(890,488),(865,486)
