CANRADAMSWANT SET
UN
WHOLE
MATHAJI SAREE CENTRE
NEN
MI TEX
PRABHAT ENECER w
MFGS. OF GOLD MEe
 0.0 bounds: (0,218),(1026,218),(1026,401),(0,401)
CANRADAMSWANT 0.0 bounds: (934,371),(1000,346),(1007,365),(941,390)
SET 0.0 bounds: (1002,345),(1019,339),(1026,356),(1009,363)
UN 0.0 bounds: (1019,397),(1006,401),(1002,391),(1016,387)
WHOLE 0.0 bounds: (724,262),(755,255),(758,265),(727,273)
MATHAJI 0.0 bounds: (88,218),(134,245),(124,260),(79,233)
SAREE 0.0 bounds: (135,247),(159,261),(150,277),(126,262)
CENTRE 0.0 bounds: (161,261),(190,278),(180,296),(151,278)
NEN 0.0 bounds: (9,236),(47,251),(40,269),(2,254)
MI 0.0 bounds: (7,297),(17,301),(10,318),(0,314)
TEX 0.0 bounds: (18,302),(38,310),(31,328),(11,320)
PRABHAT 0.0 bounds: (60,331),(119,351),(113,369),(54,349)
ENECER 0.0 bounds: (120,352),(156,364),(150,381),(114,369)
w 0.0 bounds: (160,367),(169,370),(164,386),(155,383)
MFGS. 0.0 bounds: (53,359),(76,366),(74,374),(50,368)
OF 0.0 bounds: (78,366),(84,368),(81,376),(75,375)
GOLD 0.0 bounds: (85,368),(99,372),(97,382),(82,378)
MEe 0.0 bounds: (102,373),(127,380),(124,390),(99,383)
