44
Fashion
EE RD BANGAL RE
VIMTEX
TATHANE
SOKTASE
WEAR SIIO
Maymona
M
SILK
EMA ENDER
B班
SORE
HEMAT
 0.0 bounds: (0,79),(983,79),(983,398),(0,398)
44 0.0 bounds: (742,127),(767,124),(769,140),(744,143)
Fashion 0.0 bounds: (3,79),(27,96),(24,100),(0,83)
EE 0.0 bounds: (870,214),(915,182),(924,195),(879,227)
RD 0.0 bounds: (916,180),(928,171),(938,184),(925,193)
BANGAL 0.0 bounds: (930,170),(951,155),(960,168),(939,183)
RE 0.0 bounds: (952,153),(962,146),(972,160),(962,167)
VIMTEX 0.0 bounds: (45,125),(76,143),(71,152),(40,135)
TATHANE 0.0 bounds: (788,227),(842,175),(867,202),(813,253)
SOKTASE 0.0 bounds: (151,147),(236,209),(225,224),(140,162)
WEAR 0.0 bounds: (132,166),(161,186),(156,193),(127,173)
SIIO 0.0 bounds: (178,197),(210,219),(204,227),(172,205)
Maymona 0.0 bounds: (282,230),(312,231),(312,237),(282,236)
M 0.0 bounds: (608,303),(641,303),(641,315),(608,315)
SILK 0.0 bounds: (244,358),(261,357),(261,364),(244,365)
EMA 0.0 bounds: (159,351),(176,355),(174,363),(157,360)
ENDER 0.0 bounds: (178,355),(192,358),(189,368),(176,365)
B 0.0 bounds: (975,301),(976,316),(955,317),(954,302)
班 0.0 bounds: (979,318),(984,397),(959,398),(954,319)
SORE 0.0 bounds: (858,242),(832,271),(818,258),(844,229)
HEMAT 0.0 bounds: (155,278),(150,352),(126,350),(131,276)
