REA
CAILBO87777
MERU CABS-4422 4422
LLER AD-7903
 0.0 bounds: (187,155),(945,155),(945,381),(187,381)
REA 0.0 bounds: (934,155),(945,155),(945,162),(934,162)
CAILBO87777 0.0 bounds: (884,215),(925,215),(925,220),(884,220)
MERU 0.0 bounds: (816,342),(833,342),(833,347),(816,347)
CABS-4422 0.0 bounds: (835,340),(872,339),(872,346),(835,347)
4422 0.0 bounds: (875,340),(893,340),(893,346),(875,346)
LLER 0.0 bounds: (187,368),(218,368),(218,381),(187,381)
AD-7903 0.0 bounds: (224,368),(255,368),(255,380),(224,380)
