HOTEL MANASERA
EES
SHANTALA m
Shantata
Nalional
 0.0 bounds: (29,236),(386,236),(386,531),(29,531)
HOTEL 0.0 bounds: (299,236),(330,251),(324,262),(294,247)
MANASERA 0.0 bounds: (334,252),(386,278),(380,289),(328,264)
EES 0.0 bounds: (184,282),(223,300),(217,314),(178,296)
SHANTALA 0.0 bounds: (37,306),(127,336),(119,359),(29,330)
m 0.0 bounds: (149,343),(167,349),(160,372),(142,366)
Shantata 0.0 bounds: (167,412),(201,420),(198,431),(164,424)
Nalional 0.0 bounds: (304,515),(352,521),(350,531),(303,525)
