www.ksrtc.in
Airaval
DONTI O NT
KEEP DISTANCE
w
VOLTO
 0.0 bounds: (413,163),(863,163),(863,499),(413,499)
www.ksrtc.in 0.0 bounds: (715,170),(838,163),(839,179),(716,186)
Airaval 0.0 bounds: (666,212),(863,216),(862,261),(665,257)
DONTI 0.0 bounds: (413,359),(429,359),(429,366),(413,366)
O 0.0 bounds: (437,359),(444,359),(444,366),(437,366)
NT 0.0 bounds: (461,359),(473,359),(473,366),(461,366)
KEEP 0.0 bounds: (569,435),(596,435),(596,448),(569,448)
DISTANCE 0.0 bounds: (600,435),(654,436),(654,450),(600,449)
w 0.0 bounds: (458,455),(473,455),(473,462),(458,462)
VOLTO 0.0 bounds: (621,481),(685,484),(684,499),(620,496)
