Konica
Sote Dingpmens
ATHENA
GYM
FITNESS
obon
YOU
Sahil
 0.0 bounds: (21,268),(1023,268),(1023,418),(21,418)
Konica 0.0 bounds: (22,268),(78,272),(77,287),(21,283)
Sote 0.0 bounds: (23,285),(42,286),(42,296),(23,295)
Dingpmens 0.0 bounds: (45,286),(72,287),(72,297),(45,296)
ATHENA 0.0 bounds: (949,276),(1007,274),(1007,284),(949,286)
GYM 0.0 bounds: (950,293),(1011,290),(1012,305),(951,308)
FITNESS 0.0 bounds: (951,311),(1015,309),(1015,317),(951,319)
obon 0.0 bounds: (992,330),(1023,330),(1023,342),(992,342)
YOU 0.0 bounds: (994,348),(1021,348),(1021,363),(994,363)
Sahil 0.0 bounds: (172,368),(291,358),(295,408),(176,418)
