VARO
THE ART OF
SOPHISTICATION
URALAS RL HEAG
Boteria ok
KEMPEGOWDA BUS STAND
DOB. Oa
M.G. ROAD
లే.ఆరోఫరం
K.R. PURAM
దమ్మెల రు
DOMLUR
MYSORE ROA
బ్రనిక పెి
TRINITY CIRCLE
91 8722099999
ULSOOR
K.R. MARKET
www.embasayboulevard.com
 0.0 bounds: (2,15),(903,15),(903,266),(2,266)
VARO 0.0 bounds: (2,15),(27,16),(27,24),(2,23)
THE 0.0 bounds: (47,44),(76,46),(75,61),(46,59)
ART 0.0 bounds: (83,46),(112,48),(111,63),(82,61)
OF 0.0 bounds: (119,49),(140,50),(139,64),(118,63)
SOPHISTICATION 0.0 bounds: (46,56),(174,64),(173,80),(45,72)
URALAS 0.0 bounds: (53,83),(92,86),(91,93),(52,90)
RL 0.0 bounds: (125,88),(133,89),(132,96),(124,95)
HEAG 0.0 bounds: (135,89),(152,90),(151,97),(134,96)
Boteria 0.0 bounds: (773,212),(833,216),(832,227),(772,223)
ok 0.0 bounds: (843,217),(880,219),(879,227),(843,225)
KEMPEGOWDA 0.0 bounds: (774,228),(843,231),(843,240),(774,237)
BUS 0.0 bounds: (848,232),(867,233),(867,240),(848,239)
STAND 0.0 bounds: (873,234),(903,235),(903,242),(873,241)
DOB. 0.0 bounds: (778,240),(814,241),(814,253),(778,252)
Oa 0.0 bounds: (815,243),(833,244),(833,254),(815,253)
M.G. 0.0 bounds: (773,255),(794,256),(794,263),(773,262)
ROAD 0.0 bounds: (798,253),(831,255),(830,266),(797,264)
లే.ఆరోఫరం 0.0 bounds: (368,196),(452,201),(451,212),(367,207)
K.R. 0.0 bounds: (367,212),(392,213),(392,219),(367,218)
PURAM 0.0 bounds: (398,210),(445,211),(445,222),(398,221)
దమ్మెల 0.0 bounds: (506,202),(554,204),(554,216),(506,214)
రు 0.0 bounds: (578,205),(586,205),(586,216),(578,216)
DOMLUR 0.0 bounds: (499,214),(565,217),(564,227),(499,224)
MYSORE 0.0 bounds: (653,220),(694,222),(694,233),(653,231)
ROA 0.0 bounds: (701,222),(718,223),(717,235),(700,234)
బ్రనిక 0.0 bounds: (498,232),(536,234),(536,244),(498,242)
పెి 0.0 bounds: (545,233),(574,234),(573,245),(544,244)
TRINITY 0.0 bounds: (498,242),(541,244),(541,254),(498,252)
CIRCLE 0.0 bounds: (548,244),(586,246),(586,256),(548,254)
91 0.0 bounds: (104,223),(124,224),(123,236),(103,235)
8722099999 0.0 bounds: (128,226),(194,230),(193,239),(127,235)
ULSOOR 0.0 bounds: (367,238),(426,241),(426,249),(367,246)
K.R. 0.0 bounds: (652,250),(673,251),(673,259),(652,258)
MARKET 0.0 bounds: (679,251),(727,253),(727,261),(679,259)
www.embasayboulevard.com 0.0 bounds: (95,237),(195,242),(195,248),(95,243)
