MOKSH CRP dae gabepi
E RI
SRI MANJUNA
 0.0 bounds: (28,167),(584,167),(584,446),(28,446)
MOKSH 0.0 bounds: (28,179),(120,176),(121,208),(29,211)
CRP 0.0 bounds: (128,176),(174,174),(175,205),(129,207)
dae 0.0 bounds: (278,171),(318,170),(319,201),(279,202)
gabepi 0.0 bounds: (326,169),(392,167),(393,198),(327,200)
E 0.0 bounds: (572,198),(576,198),(576,209),(572,209)
RI 0.0 bounds: (578,198),(584,198),(584,209),(578,209)
SRI 0.0 bounds: (138,437),(147,437),(147,446),(138,446)
MANJUNA 0.0 bounds: (149,437),(170,437),(170,446),(149,446)
