చిగో బజారో
fbb
INDRAS FASON HU
BIG BAZAAR
ETIPE ACETET CAP COATEI OVERCOA
 0.0 bounds: (2,64),(277,64),(277,351),(2,351)
చిగో 0.0 bounds: (214,64),(236,69),(234,81),(211,76)
బజారో 0.0 bounds: (241,69),(277,77),(274,90),(238,82)
fbb 0.0 bounds: (192,279),(254,284),(251,315),(189,310)
INDRAS 0.0 bounds: (188,314),(207,317),(206,322),(187,319)
FASON 0.0 bounds: (211,316),(235,319),(234,324),(210,321)
HU 0.0 bounds: (238,321),(249,323),(248,326),(238,324)
BIG 0.0 bounds: (187,331),(205,333),(204,345),(186,343)
BAZAAR 0.0 bounds: (208,331),(251,336),(249,350),(206,346)
ETIPE 0.0 bounds: (3,319),(44,323),(43,331),(2,327)
ACETET 0.0 bounds: (51,327),(82,330),(81,334),(51,331)
CAP 0.0 bounds: (85,326),(93,327),(92,336),(84,335)
COATEI 0.0 bounds: (99,333),(119,335),(119,338),(99,336)
OVERCOA 0.0 bounds: (125,331),(150,333),(149,341),(124,339)
