EXCELLENC
AMRITA
BENG
ASAVANAMALLL CADM
GALURU
CAELARAnO
FONLA PIASEID
B.TECH. 2020
ADMISSIONS OPEN
No.1 8.
ENATAVAL
ZNIN AV "
 0.0 bounds: (-1,57),(675,57),(675,301),(-1,301)
EXCELLENC 0.0 bounds: (202,98),(384,153),(372,192),(190,136)
AMRITA 0.0 bounds: (25,57),(130,85),(126,102),(21,73)
BENG 0.0 bounds: (66,103),(95,110),(93,118),(64,111)
ASAVANAMALLL 0.0 bounds: (33,106),(98,122),(97,128),(32,112)
CADM 0.0 bounds: (103,124),(121,129),(120,133),(102,129)
GALURU 0.0 bounds: (93,111),(134,121),(132,127),(91,118)
CAELARAnO 0.0 bounds: (97,122),(164,135),(162,142),(96,129)
FONLA 0.0 bounds: (604,231),(639,241),(633,260),(599,250)
PIASEID 0.0 bounds: (640,241),(675,251),(669,270),(635,260)
B.TECH. 0.0 bounds: (210,150),(265,163),(263,172),(208,159)
2020 0.0 bounds: (271,166),(304,174),(302,183),(269,175)
ADMISSIONS 0.0 bounds: (210,165),(297,186),(294,195),(208,175)
OPEN 0.0 bounds: (302,187),(335,195),(333,204),(300,196)
No.1 0.0 bounds: (374,192),(423,204),(419,220),(370,209)
8. 0.0 bounds: (425,205),(454,212),(450,229),(421,222)
ENATAVAL 0.0 bounds: (543,265),(648,280),(645,300),(540,285)
ZNIN 0.0 bounds: (9,150),(173,182),(164,230),(0,198)
AV 0.0 bounds: (212,185),(297,202),(286,261),(201,244)
" 0.0 bounds: (340,210),(366,215),(355,273),(329,268)
