JLIK INDU
KHALTY FE
PH: 080-4124TWA
GIRI
USTRIES
 0.0 bounds: (1,-1),(282,-1),(282,208),(1,208)
JLIK 0.0 bounds: (58,-1),(88,15),(82,27),(52,10)
INDU 0.0 bounds: (90,16),(126,35),(119,49),(82,30)
KHALTY 0.0 bounds: (203,85),(253,114),(244,129),(194,101)
FE 0.0 bounds: (259,118),(282,131),(274,145),(251,132)
PH: 0.0 bounds: (7,68),(31,78),(25,91),(1,81)
080-4124TWA 0.0 bounds: (32,78),(108,111),(102,124),(26,91)
GIRI 0.0 bounds: (12,154),(57,166),(52,187),(6,175)
USTRIES 0.0 bounds: (11,179),(61,192),(57,207),(7,195)
