Dealers in All Kinds of Book
aalpru - 560 002.
Coca-Cola
KARNATAKA BO
KAMAT HOTEL
No. 43/1, Avenue Road
EN
SLC
 0.0 bounds: (167,-6),(968,-6),(968,365),(167,365)
Dealers 0.0 bounds: (707,139),(758,108),(770,128),(719,159)
in 0.0 bounds: (764,109),(779,100),(788,116),(774,125)
All 0.0 bounds: (781,97),(808,80),(819,98),(792,115)
Kinds 0.0 bounds: (810,79),(862,47),(874,67),(822,99)
of 0.0 bounds: (869,43),(894,28),(906,49),(881,64)
Book 0.0 bounds: (895,27),(948,-5),(961,16),(908,48)
aalpru 0.0 bounds: (842,104),(888,78),(896,92),(850,118)
- 0.0 bounds: (895,75),(900,72),(908,85),(902,88)
560 0.0 bounds: (903,71),(927,57),(934,69),(909,82)
002. 0.0 bounds: (933,56),(962,40),(968,50),(939,66)
Coca-Cola 0.0 bounds: (174,239),(197,239),(197,247),(174,247)
KARNATAKA 0.0 bounds: (680,95),(785,20),(811,56),(705,131)
BO 0.0 bounds: (788,19),(817,-1),(841,34),(813,54)
KAMAT 0.0 bounds: (167,304),(189,304),(189,316),(167,316)
HOTEL 0.0 bounds: (192,306),(208,306),(208,314),(192,314)
No. 0.0 bounds: (719,171),(735,162),(741,174),(725,182)
43/1, 0.0 bounds: (740,162),(759,151),(765,161),(745,172)
Avenue 0.0 bounds: (763,150),(796,132),(801,140),(768,159)
Road 0.0 bounds: (800,128),(827,113),(833,124),(806,139)
EN 0.0 bounds: (809,331),(830,330),(830,338),(809,339)
SLC 0.0 bounds: (808,359),(831,359),(831,365),(808,365)
