PER
ఇమో కావా
CHOP
Asma
ASMA EXCLUSIVE PERFUME SHOI
MGEGERIT
LASHMI VIAS R
ONexion
TOTO
AT
 0.0 bounds: (1,208),(974,208),(974,314),(1,314)
PER 0.0 bounds: (318,209),(328,209),(328,215),(318,215)
ఇమో 0.0 bounds: (1,250),(21,249),(21,259),(1,260)
కావా 0.0 bounds: (26,249),(48,248),(48,256),(26,257)
CHOP 0.0 bounds: (1,302),(18,302),(18,314),(1,314)
Asma 0.0 bounds: (292,272),(319,271),(319,280),(292,281)
ASMA 0.0 bounds: (118,305),(145,305),(145,314),(118,314)
EXCLUSIVE 0.0 bounds: (150,304),(197,303),(197,313),(150,314)
PERFUME 0.0 bounds: (202,303),(245,302),(245,312),(202,313)
SHOI 0.0 bounds: (250,301),(273,301),(273,313),(250,313)
MGEGERIT 0.0 bounds: (712,255),(747,251),(747,257),(713,261)
LASHMI 0.0 bounds: (903,234),(932,222),(936,232),(907,244)
VIAS 0.0 bounds: (933,221),(951,214),(956,226),(938,233)
R 0.0 bounds: (962,212),(970,209),(974,217),(965,220)
ONexion 0.0 bounds: (724,272),(749,268),(750,274),(725,278)
TOTO 0.0 bounds: (718,289),(747,286),(748,293),(719,296)
AT 0.0 bounds: (923,287),(950,279),(955,298),(928,305)
