20%
OFF
ON LENSES
FOR EVERYONE
Zm Lawrence & Mayo
Jayee
E EC A
Barton Centre, MG Road
Kaushik
 0.0 bounds: (254,-2),(862,-2),(862,282),(254,282)
20% 0.0 bounds: (728,26),(813,-1),(826,41),(741,68)
OFF 0.0 bounds: (799,33),(821,27),(825,41),(803,47)
ON 0.0 bounds: (742,62),(768,56),(772,73),(746,79)
LENSES 0.0 bounds: (771,59),(827,46),(829,56),(773,69)
FOR 0.0 bounds: (746,83),(767,79),(768,86),(748,91)
EVERYONE 0.0 bounds: (772,76),(832,63),(834,73),(774,86)
Zm 0.0 bounds: (732,113),(750,111),(752,127),(734,130)
Lawrence 0.0 bounds: (756,112),(808,105),(809,116),(757,123)
& 0.0 bounds: (812,104),(820,103),(821,114),(813,115)
Mayo 0.0 bounds: (823,101),(853,97),(855,114),(825,118)
Jayee 0.0 bounds: (254,248),(286,246),(286,251),(254,253)
E 0.0 bounds: (740,132),(750,131),(751,140),(741,141)
EC 0.0 bounds: (814,123),(832,121),(833,131),(815,133)
A 0.0 bounds: (839,120),(861,117),(862,126),(840,129)
Barton 0.0 bounds: (742,147),(773,143),(774,152),(743,156)
Centre, 0.0 bounds: (778,142),(812,138),(813,147),(779,151)
MG 0.0 bounds: (815,137),(834,135),(835,144),(816,147)
Road 0.0 bounds: (839,134),(861,131),(862,142),(840,145)
Kaushik 0.0 bounds: (369,276),(397,256),(401,263),(374,282)
