Pre Fixed Auto Booth
BMM
BMMO
BMM
BMMO
DEEPA
 0.0 bounds: (409,235),(599,235),(599,348),(409,348)
Pre 0.0 bounds: (413,270),(430,271),(430,276),(413,275)
Fixed 0.0 bounds: (434,272),(453,273),(453,278),(434,277)
Auto 0.0 bounds: (457,273),(475,274),(475,280),(457,279)
Booth 0.0 bounds: (477,274),(504,276),(503,283),(477,281)
BMM 0.0 bounds: (416,283),(443,285),(442,296),(415,294)
BMMO 0.0 bounds: (463,306),(501,310),(500,322),(462,319)
BMM 0.0 bounds: (410,310),(438,313),(437,322),(409,319)
BMMO 0.0 bounds: (461,332),(502,336),(501,348),(460,344)
DEEPA 0.0 bounds: (600,236),(596,286),(583,285),(587,235)
