SRI LAKSHMI VENKATESHWARA MEDICALS&GENERAL STORES
CHEMISTS & DRUGGISTS
ALL TYPES OF MEDICINES WITH CANCER SPECIALIZ
iNDes RWA t N le:S14
 0.0 bounds: (618,321),(922,321),(922,413),(618,413)
SRI 0.0 bounds: (622,321),(649,325),(645,348),(619,344)
LAKSHMI 0.0 bounds: (651,326),(696,333),(693,357),(647,350)
VENKATESHWARA 0.0 bounds: (698,333),(783,346),(779,370),(694,357)
MEDICALS&GENERAL 0.0 bounds: (785,346),(886,361),(882,385),(781,370)
STORES 0.0 bounds: (888,362),(922,367),(918,390),(885,385)
CHEMISTS 0.0 bounds: (695,359),(768,369),(767,381),(693,371)
& 0.0 bounds: (773,373),(781,374),(780,382),(772,381)
DRUGGISTS 0.0 bounds: (786,372),(863,383),(862,394),(784,383)
ALL 0.0 bounds: (644,364),(663,367),(661,376),(643,374)
TYPES 0.0 bounds: (673,370),(696,373),(695,382),(672,379)
OF 0.0 bounds: (701,374),(711,375),(710,383),(700,382)
MEDICINES 0.0 bounds: (716,376),(767,383),(765,392),(715,385)
WITH 0.0 bounds: (771,383),(793,386),(792,395),(770,392)
CANCER 0.0 bounds: (797,387),(832,392),(830,401),(796,396)
SPECIALIZ 0.0 bounds: (836,392),(877,398),(875,406),(835,401)
iNDes 0.0 bounds: (629,374),(656,378),(655,383),(628,379)
RWA 0.0 bounds: (659,377),(677,380),(676,385),(658,383)
t 0.0 bounds: (678,381),(679,381),(678,387),(677,387)
N 0.0 bounds: (755,390),(757,390),(756,396),(754,396)
le:S14 0.0 bounds: (832,401),(865,406),(864,413),(831,408)
