SLUSE S
Meenakshi
Gold Corerinaetecilefy
త్రి: జమెల జ్యూయిలరిీ రాశనా
O SRI Kamala
JEWELLERY HOUSE
వి.అనేంతేజదవాభయ్య అం
అ్యూజిలర్ో
V.ANANTHAPADMANABHA
JEWELLER
23.5K Mie P llers
AD ery
idel lewelerrs
Ladit Jeelery
Spacialist in al guar gaid tovering jewellerY
1 RANGANATHA MANION
TEMETENA HITT
 0.0 bounds: (14,27),(1023,27),(1023,724),(14,724)
SLUSE 0.0 bounds: (14,27),(37,27),(37,39),(14,39)
S 0.0 bounds: (39,27),(41,27),(41,39),(39,39)
Meenakshi 0.0 bounds: (313,332),(441,335),(441,357),(313,354)
Gold 0.0 bounds: (298,358),(332,359),(332,370),(298,369)
Corerinaetecilefy 0.0 bounds: (341,354),(477,356),(477,374),(341,372)
త్రి: 0.0 bounds: (501,355),(541,355),(541,382),(501,382)
జమెల 0.0 bounds: (543,355),(602,355),(602,382),(543,382)
జ్యూయిలరిీ 0.0 bounds: (615,354),(697,354),(697,379),(615,379)
రాశనా 0.0 bounds: (699,354),(756,354),(756,381),(699,381)
O 0.0 bounds: (535,384),(553,384),(554,420),(536,420)
SRI 0.0 bounds: (555,384),(590,383),(591,419),(556,420)
Kamala 0.0 bounds: (592,383),(769,379),(770,416),(593,420)
JEWELLERY 0.0 bounds: (588,422),(703,419),(703,438),(589,441)
HOUSE 0.0 bounds: (716,418),(786,416),(787,438),(717,440)
వి.అనేంతేజదవాభయ్య 0.0 bounds: (855,370),(1000,370),(1000,390),(855,390)
అం 0.0 bounds: (1003,373),(1023,373),(1023,385),(1003,385)
అ్యూజిలర్ో 0.0 bounds: (935,392),(1015,391),(1015,411),(935,412)
V.ANANTHAPADMANABHA 0.0 bounds: (860,415),(1023,413),(1023,434),(860,436)
JEWELLER 0.0 bounds: (929,437),(1021,434),(1021,448),(929,451)
23.5K 0.0 bounds: (352,392),(367,392),(367,398),(352,398)
Mie 0.0 bounds: (370,392),(384,392),(384,398),(370,398)
P 0.0 bounds: (403,391),(405,391),(405,397),(403,397)
llers 0.0 bounds: (419,391),(441,391),(441,397),(419,397)
AD 0.0 bounds: (349,402),(366,402),(366,409),(349,409)
ery 0.0 bounds: (382,402),(390,402),(390,409),(382,409)
idel 0.0 bounds: (353,414),(369,414),(369,418),(353,418)
lewelerrs 0.0 bounds: (370,412),(396,412),(396,419),(370,419)
Ladit 0.0 bounds: (355,423),(368,423),(368,429),(355,429)
Jeelery 0.0 bounds: (370,423),(391,423),(391,429),(370,429)
Spacialist 0.0 bounds: (339,435),(366,435),(366,442),(339,442)
in 0.0 bounds: (368,435),(372,435),(372,442),(368,442)
al 0.0 bounds: (374,434),(380,434),(380,442),(374,442)
guar 0.0 bounds: (386,434),(398,434),(398,441),(386,441)
gaid 0.0 bounds: (415,434),(427,434),(427,441),(415,441)
tovering 0.0 bounds: (429,434),(454,434),(454,441),(429,441)
jewellerY 0.0 bounds: (456,433),(480,433),(480,441),(456,441)
1 0.0 bounds: (883,457),(888,457),(888,463),(883,463)
RANGANATHA 0.0 bounds: (897,456),(939,455),(939,462),(897,463)
MANION 0.0 bounds: (943,455),(969,454),(969,460),(943,461)
TEMETENA 0.0 bounds: (790,713),(713,721),(711,702),(788,694)
HITT 0.0 bounds: (712,721),(670,725),(668,706),(710,702)
