Galay Not
SAMSUNG
UAYABANK
Tresty
Cro
DetBrand
VJAYABANK
 0.0 bounds: (180,100),(996,100),(996,344),(180,344)
Galay 0.0 bounds: (960,336),(981,337),(981,342),(960,341)
Not 0.0 bounds: (984,339),(996,340),(996,344),(984,343)
SAMSUNG 0.0 bounds: (893,331),(924,331),(924,337),(893,337)
UAYABANK 0.0 bounds: (206,100),(246,134),(238,142),(199,108)
Tresty 0.0 bounds: (195,109),(210,122),(205,128),(190,115)
Cro 0.0 bounds: (212,124),(222,133),(217,139),(207,130)
DetBrand 0.0 bounds: (213,128),(236,148),(232,152),(209,133)
VJAYABANK 0.0 bounds: (186,168),(229,196),(223,204),(181,176)
