Space
Abailable
1300
+9199020 99205
NISSAN
BMTC
 0.0 bounds: (234,250),(935,250),(935,339),(234,339)
Space 0.0 bounds: (883,250),(916,251),(915,265),(882,264)
Abailable 0.0 bounds: (876,259),(935,264),(933,283),(874,278)
1300 0.0 bounds: (884,279),(897,279),(897,286),(884,286)
+9199020 0.0 bounds: (873,291),(909,292),(909,303),(873,302)
99205 0.0 bounds: (913,292),(935,293),(935,304),(913,303)
NISSAN 0.0 bounds: (880,327),(933,329),(933,337),(880,335)
BMTC 0.0 bounds: (237,316),(271,321),(268,339),(234,334)
