సనిలా ఎంటిరట్నా
Sunit Enterpris
LRN TST BRIN
ENTRE
PRINCE G Picr Cate
 0.0 bounds: (0,375),(327,375),(327,530),(0,530)
సనిలా 0.0 bounds: (228,375),(267,388),(263,399),(224,386)
ఎంటిరట్నా 0.0 bounds: (274,389),(327,406),(323,420),(270,402)
Sunit 0.0 bounds: (229,398),(266,408),(260,428),(223,418)
Enterpris 0.0 bounds: (272,410),(319,423),(314,443),(266,430)
LRN 0.0 bounds: (229,425),(253,432),(252,437),(227,431)
TST 0.0 bounds: (266,434),(285,439),(283,446),(264,441)
BRIN 0.0 bounds: (288,440),(301,443),(298,451),(286,448)
ENTRE 0.0 bounds: (3,451),(57,456),(54,487),(0,482)
PRINCE 0.0 bounds: (126,473),(245,489),(241,519),(122,503)
G 0.0 bounds: (250,498),(264,500),(261,523),(247,521)
Picr 0.0 bounds: (266,493),(286,496),(282,526),(262,524)
Cate 0.0 bounds: (288,495),(317,499),(313,530),(284,526)
