CREANS
STRBIO
Adaissions Open
ముందిన వా
BAJAJ QUTE
cemine son a
 0.0 bounds: (0,190),(408,190),(408,399),(0,399)
CREANS 0.0 bounds: (3,190),(26,197),(23,207),(0,200)
STRBIO 0.0 bounds: (164,213),(191,214),(191,220),(164,219)
Adaissions 0.0 bounds: (291,330),(375,329),(375,340),(291,341)
Open 0.0 bounds: (379,330),(408,330),(408,340),(379,340)
ముందిన 0.0 bounds: (276,353),(316,353),(316,360),(276,360)
వా 0.0 bounds: (318,351),(327,351),(327,360),(318,360)
BAJAJ 0.0 bounds: (285,360),(305,360),(305,368),(285,368)
QUTE 0.0 bounds: (308,361),(324,361),(324,368),(308,368)
cemine 0.0 bounds: (267,383),(290,382),(290,398),(267,399)
son 0.0 bounds: (292,383),(309,383),(309,398),(292,398)
a 0.0 bounds: (341,382),(394,381),(394,396),(341,397)
