MONARCH
LUXUR
ROOMS
BANQUET HALL
COFFEE SHOP
WI-I FACILITY
ON SETE PARKIN
 0.0 bounds: (206,242),(255,242),(255,313),(206,313)
MONARCH 0.0 bounds: (208,242),(255,243),(255,252),(208,251)
LUXUR 0.0 bounds: (216,253),(246,253),(246,260),(216,260)
ROOMS 0.0 bounds: (221,270),(240,270),(240,275),(221,275)
BANQUET 0.0 bounds: (210,279),(235,279),(235,284),(210,284)
HALL 0.0 bounds: (238,280),(250,280),(250,284),(238,284)
COFFEE 0.0 bounds: (214,287),(232,287),(232,293),(214,293)
SHOP 0.0 bounds: (234,287),(246,287),(246,293),(234,293)
WI-I 0.0 bounds: (210,299),(224,299),(224,303),(210,303)
FACILITY 0.0 bounds: (228,297),(249,297),(249,304),(228,304)
ON 0.0 bounds: (206,308),(215,308),(215,313),(206,313)
SETE 0.0 bounds: (216,309),(225,309),(225,313),(216,313)
PARKIN 0.0 bounds: (229,309),(251,309),(251,313),(229,313)
