DEEPAK TE
SÖCIETY SIL
SHREE WEENASHTSURS
Sambhruma Slks
PHILIPS
Stonus
CAJANANA
IP
PRADEEP
FABRICS
 0.0 bounds: (0,106),(960,106),(960,459),(0,459)
DEEPAK 0.0 bounds: (839,107),(881,106),(881,117),(839,118)
TE 0.0 bounds: (886,107),(897,107),(897,115),(886,115)
SÖCIETY 0.0 bounds: (829,177),(876,174),(877,191),(830,194)
SIL 0.0 bounds: (878,173),(900,172),(901,190),(879,191)
SHREE 0.0 bounds: (446,152),(481,182),(468,197),(433,167)
WEENASHTSURS 0.0 bounds: (483,182),(530,221),(517,237),(470,197)
Sambhruma 0.0 bounds: (200,108),(356,187),(328,243),(172,163)
Slks 0.0 bounds: (358,189),(413,217),(386,271),(330,243)
PHILIPS 0.0 bounds: (915,348),(959,345),(959,352),(915,355)
Stonus 0.0 bounds: (14,200),(67,218),(53,259),(0,241)
CAJANANA 0.0 bounds: (633,345),(674,351),(672,359),(632,353)
IP 0.0 bounds: (338,389),(400,396),(395,433),(334,426)
PRADEEP 0.0 bounds: (340,423),(387,430),(385,448),(337,441)
FABRICS 0.0 bounds: (343,442),(380,449),(379,458),(341,451)
