PMA0
Werork
234
OPTICIANS
reoộ d Mahatma Gandhi Paad
ORK
అ ఆితీయన్లో
PTO OPTICIANS
< LIF
715
 0.0 bounds: (0,182),(619,182),(619,489),(0,489)
PMA0 0.0 bounds: (224,207),(256,226),(249,238),(217,219)
Werork 0.0 bounds: (57,182),(122,209),(113,230),(48,203)
234 0.0 bounds: (227,231),(246,242),(240,252),(221,240)
OPTICIANS 0.0 bounds: (3,216),(58,217),(58,233),(3,232)
reoộ 0.0 bounds: (472,360),(514,363),(513,372),(471,369)
d 0.0 bounds: (523,363),(529,363),(528,373),(522,373)
Mahatma 0.0 bounds: (551,364),(576,366),(575,377),(550,375)
Gandhi 0.0 bounds: (580,366),(602,368),(601,379),(579,377)
Paad 0.0 bounds: (604,368),(619,369),(618,380),(603,379)
ORK 0.0 bounds: (5,299),(44,306),(39,333),(0,326)
అ 0.0 bounds: (84,319),(110,321),(109,332),(83,330)
ఆితీయన్లో 0.0 bounds: (115,321),(158,324),(157,336),(114,333)
PTO 0.0 bounds: (57,331),(80,333),(79,341),(56,339)
OPTICIANS 0.0 bounds: (87,329),(155,335),(153,350),(86,344)
< 0.0 bounds: (16,331),(21,331),(20,341),(15,341)
LIF 0.0 bounds: (23,331),(34,332),(33,343),(22,342)
715 0.0 bounds: (141,448),(251,447),(251,488),(141,489)
