a GOVT OF INDIA
এট भारत सरकार
TATA MINISTRY OF DEFENCE ulieo LX
KA
 0.0 bounds: (13,343),(577,343),(577,491),(13,491)
a 0.0 bounds: (338,373),(344,372),(345,384),(339,385)
GOVT 0.0 bounds: (349,372),(368,370),(369,383),(350,385)
OF 0.0 bounds: (372,372),(382,371),(383,381),(373,382)
INDIA 0.0 bounds: (386,370),(409,368),(410,376),(387,378)
এট 0.0 bounds: (430,353),(449,351),(450,363),(431,365)
भारत 0.0 bounds: (453,351),(478,348),(479,359),(454,362)
सरकार 0.0 bounds: (484,347),(519,343),(520,355),(485,359)
TATA 0.0 bounds: (427,365),(453,363),(454,373),(428,375)
MINISTRY 0.0 bounds: (456,364),(483,362),(484,368),(457,371)
OF 0.0 bounds: (486,361),(492,360),(493,366),(487,367)
DEFENCE 0.0 bounds: (495,360),(521,358),(522,365),(496,367)
ulieo 0.0 bounds: (525,357),(560,354),(561,363),(526,366)
LX 0.0 bounds: (564,355),(576,354),(577,361),(565,362)
KA 0.0 bounds: (13,476),(38,474),(39,488),(14,491)
