నన్నన్నామి శ్రికగాంగణ కీ.
INASWAMY STADIU
టసిో
నిరో
TONIQUE
 0.0 bounds: (0,166),(957,166),(957,507),(0,507)
నన్నన్నామి 0.0 bounds: (6,166),(38,181),(32,193),(0,178)
శ్రికగాంగణ 0.0 bounds: (39,181),(74,198),(68,211),(33,195)
కీ. 0.0 bounds: (78,200),(87,204),(81,217),(72,213)
INASWAMY 0.0 bounds: (5,182),(48,203),(43,213),(0,192)
STADIU 0.0 bounds: (51,204),(81,219),(75,229),(46,215)
టసిో 0.0 bounds: (826,441),(903,451),(901,472),(823,462)
నిరో 0.0 bounds: (935,494),(957,496),(956,507),(934,505)
TONIQUE 0.0 bounds: (806,469),(912,484),(909,502),(803,487)
