KVB
TAILORS
Mekak
Pushpotiai O S0
Prints
Whalesaia Deaiets in A ta Br 6 fay trn
wwwww .
SAREE SERIBUTOS
rur Vysya Ba
మోయా జంకనMA
B
Mai Pa
Avenue Road Brancl n
OLA AL
1000
 0.0 bounds: (0,75),(682,75),(682,505),(0,505)
KVB 0.0 bounds: (157,83),(185,75),(188,86),(160,94)
TAILORS 0.0 bounds: (647,98),(679,88),(682,95),(649,106)
Mekak 0.0 bounds: (321,160),(372,173),(369,188),(317,176)
Pushpotiai 0.0 bounds: (391,152),(487,168),(482,195),(386,180)
O 0.0 bounds: (498,170),(546,178),(542,205),(494,197)
S0 0.0 bounds: (549,178),(565,181),(560,207),(545,205)
Prints 0.0 bounds: (497,193),(530,201),(526,218),(493,210)
Whalesaia 0.0 bounds: (377,186),(408,193),(406,203),(375,196)
Deaiets 0.0 bounds: (410,196),(433,202),(431,210),(408,205)
in 0.0 bounds: (435,203),(439,204),(438,208),(434,207)
A 0.0 bounds: (446,204),(457,207),(455,213),(444,211)
ta 0.0 bounds: (460,207),(469,209),(467,217),(458,215)
Br 0.0 bounds: (472,210),(488,214),(486,222),(470,218)
6 0.0 bounds: (490,216),(493,217),(492,222),(489,221)
fay 0.0 bounds: (496,217),(510,220),(508,227),(494,224)
trn 0.0 bounds: (513,221),(527,224),(525,231),(511,228)
wwwww 0.0 bounds: (509,241),(523,243),(522,249),(508,247)
. 0.0 bounds: (529,247),(538,248),(538,249),(529,248)
SAREE 0.0 bounds: (338,276),(367,279),(365,296),(336,293)
SERIBUTOS 0.0 bounds: (369,278),(424,283),(422,301),(367,296)
rur 0.0 bounds: (4,300),(47,303),(45,331),(2,328)
Vysya 0.0 bounds: (50,305),(126,310),(124,333),(48,328)
Ba 0.0 bounds: (132,310),(170,313),(168,340),(130,337)
మోయా 0.0 bounds: (445,309),(480,311),(479,323),(444,321)
జంకనMA 0.0 bounds: (488,312),(546,316),(545,328),(487,324)
B 0.0 bounds: (176,327),(184,327),(184,336),(176,336)
Mai 0.0 bounds: (598,359),(618,359),(618,371),(598,371)
Pa 0.0 bounds: (620,359),(627,359),(627,371),(620,371)
Avenue 0.0 bounds: (1,351),(62,354),(61,371),(0,368)
Road 0.0 bounds: (70,356),(111,358),(110,370),(69,368)
Brancl 0.0 bounds: (119,358),(167,360),(166,371),(119,369)
n 0.0 bounds: (170,359),(188,360),(187,376),(169,375)
OLA 0.0 bounds: (644,478),(661,477),(661,487),(644,488)
AL 0.0 bounds: (664,478),(671,478),(671,487),(664,487)
1000 0.0 bounds: (71,493),(101,486),(104,498),(74,505)
