www.ksr:o.in
Airaval
Chib Class
notuE MOLE DONTUE MO
VOLVO
KEEP DISTANGE
DO AD L
we v
VOLN
 0.0 bounds: (350,217),(993,217),(993,491),(350,491)
www.ksr:o.in 0.0 bounds: (627,221),(726,217),(726,230),(628,234)
Airaval 0.0 bounds: (601,252),(745,259),(743,300),(599,293)
Chib 0.0 bounds: (677,290),(701,289),(701,299),(677,300)
Class 0.0 bounds: (696,289),(737,288),(737,299),(696,300)
notuE 0.0 bounds: (350,353),(372,354),(372,359),(350,358)
MOLE 0.0 bounds: (376,352),(396,353),(396,358),(376,357)
DONTUE 0.0 bounds: (401,352),(421,353),(421,360),(401,359)
MO 0.0 bounds: (424,353),(430,353),(430,360),(424,360)
VOLVO 0.0 bounds: (971,438),(993,438),(993,440),(971,440)
KEEP 0.0 bounds: (506,439),(531,439),(531,451),(506,451)
DISTANGE 0.0 bounds: (533,439),(576,440),(576,453),(533,452)
DO 0.0 bounds: (507,453),(521,453),(521,463),(507,463)
AD 0.0 bounds: (523,453),(543,453),(543,464),(523,464)
L 0.0 bounds: (570,454),(574,454),(574,464),(570,464)
we 0.0 bounds: (397,456),(414,456),(414,461),(397,461)
v 0.0 bounds: (417,456),(424,456),(424,461),(417,461)
VOLN 0.0 bounds: (550,478),(584,479),(583,491),(549,490)
