natesan's
re tale
CHOOSE ONLINE BUY OFF LINE
NOW WINDOW SHOP FROM VOUR COUCH
wwW.RETALE.IN
BEINGLAZY
 0.0 bounds: (33,49),(963,49),(963,407),(33,407)
natesan's 0.0 bounds: (855,81),(957,49),(962,66),(860,98)
re 0.0 bounds: (53,257),(81,255),(82,271),(54,273)
tale 0.0 bounds: (84,255),(119,253),(120,267),(85,269)
CHOOSE 0.0 bounds: (45,328),(71,325),(72,334),(46,337)
ONLINE 0.0 bounds: (76,325),(99,323),(100,331),(77,333)
BUY 0.0 bounds: (106,322),(119,321),(120,329),(107,330)
OFF 0.0 bounds: (121,320),(131,319),(132,327),(122,328)
LINE 0.0 bounds: (134,321),(149,319),(150,325),(135,327)
NOW 0.0 bounds: (33,341),(49,339),(50,349),(34,351)
WINDOW 0.0 bounds: (53,340),(82,337),(83,344),(54,347)
SHOP 0.0 bounds: (85,336),(102,334),(103,341),(86,343)
FROM 0.0 bounds: (106,335),(124,333),(125,339),(107,341)
VOUR 0.0 bounds: (127,333),(143,331),(144,338),(128,340)
COUCH 0.0 bounds: (145,330),(165,328),(166,335),(146,337)
wwW.RETALE.IN 0.0 bounds: (65,363),(147,352),(149,362),(66,373)
BEINGLAZY 0.0 bounds: (92,401),(134,393),(135,399),(93,407)
