Nitstor
ne
Nitesh
Ist
TOWNSCAPE
ALLITATUO
vivo
RY
BIN
IC FOREX
ఐసిఐసిఐ బ్బాంతో
IMPERIAL COURT
ICICI Bank
ATM
 0.0 bounds: (26,180),(922,180),(922,378),(26,378)
Nitstor 0.0 bounds: (478,180),(509,187),(506,201),(475,194)
ne 0.0 bounds: (509,191),(516,193),(512,207),(506,206)
Nitesh 0.0 bounds: (559,195),(586,198),(584,214),(557,211)
Ist 0.0 bounds: (558,209),(570,211),(569,216),(557,215)
TOWNSCAPE 0.0 bounds: (64,205),(167,216),(166,233),(62,222)
ALLITATUO 0.0 bounds: (81,223),(164,231),(163,242),(80,234)
vivo 0.0 bounds: (642,262),(697,264),(695,300),(641,298)
RY 0.0 bounds: (872,315),(920,310),(921,326),(874,331)
BIN 0.0 bounds: (799,324),(848,318),(849,333),(801,339)
IC 0.0 bounds: (728,336),(741,336),(741,348),(728,348)
FOREX 0.0 bounds: (739,338),(759,338),(759,347),(739,347)
ఐసిఐసిఐ 0.0 bounds: (93,319),(142,321),(142,333),(93,331)
బ్బాంతో 0.0 bounds: (145,320),(174,321),(173,336),(144,335)
IMPERIAL 0.0 bounds: (218,318),(308,319),(308,339),(218,338)
COURT 0.0 bounds: (318,319),(368,319),(368,342),(318,342)
ICICI 0.0 bounds: (27,335),(100,337),(99,362),(26,360)
Bank 0.0 bounds: (106,337),(162,338),(161,363),(105,362)
ATM 0.0 bounds: (135,369),(159,368),(159,377),(135,378)
