DEVATHA SILKSHOUSE
DEVATHA'S
rMAI
DEVATHA'S
RATHNA MAH
SRI RAN
JEWELLI
HOUSE
SHIFTED I
TO
BANGALORE-Se4
204, 2042257
MM炸
ATUL
 0.0 bounds: (338,113),(998,113),(998,653),(338,653)
DEVATHA 0.0 bounds: (672,186),(785,160),(793,194),(680,220)
SILKSHOUSE 0.0 bounds: (793,159),(990,114),(997,147),(801,192)
DEVATHA'S 0.0 bounds: (740,213),(889,184),(895,211),(745,240)
rMAI 0.0 bounds: (939,198),(975,192),(977,202),(941,208)
DEVATHA'S 0.0 bounds: (655,269),(715,259),(719,281),(659,292)
RATHNA 0.0 bounds: (374,326),(427,319),(429,340),(377,347)
MAH 0.0 bounds: (431,318),(474,312),(477,334),(434,340)
SRI 0.0 bounds: (338,346),(350,344),(351,353),(339,355)
RAN 0.0 bounds: (352,341),(376,338),(378,353),(354,356)
JEWELLI 0.0 bounds: (340,361),(374,357),(375,368),(341,372)
HOUSE 0.0 bounds: (667,309),(704,305),(706,321),(669,325)
SHIFTED 0.0 bounds: (657,326),(696,327),(696,337),(657,336)
I 0.0 bounds: (701,327),(706,327),(706,336),(701,336)
TO 0.0 bounds: (700,325),(712,324),(713,330),(701,331)
BANGALORE-Se4 0.0 bounds: (654,346),(711,344),(711,349),(654,351)
204, 0.0 bounds: (651,356),(685,355),(685,361),(651,362)
2042257 0.0 bounds: (688,354),(715,353),(715,359),(688,360)
MM 0.0 bounds: (518,526),(539,528),(538,545),(517,543)
炸 0.0 bounds: (541,528),(554,529),(553,546),(540,545)
ATUL 0.0 bounds: (645,630),(708,635),(706,653),(644,648)
