MIRACO
COTTAGE INDUSTRIES EMPOF
AnSIDepIC
MIRACO
SNCE
CREATING
LANDRAR
SINCE
 0.0 bounds: (162,112),(1023,112),(1023,310),(162,310)
MIRACO 0.0 bounds: (689,151),(880,112),(889,156),(698,195)
COTTAGE 0.0 bounds: (642,197),(722,184),(727,214),(647,227)
INDUSTRIES 0.0 bounds: (729,183),(885,158),(890,187),(734,213)
EMPOF 0.0 bounds: (898,155),(1018,136),(1023,165),(903,185)
AnSIDepIC 0.0 bounds: (165,182),(228,198),(225,208),(162,192)
MIRACO 0.0 bounds: (510,202),(544,195),(547,208),(513,216)
SNCE 0.0 bounds: (520,215),(536,212),(537,219),(521,222)
CREATING 0.0 bounds: (334,292),(356,294),(356,298),(334,296)
LANDRAR 0.0 bounds: (326,295),(357,298),(356,304),(325,301)
SINCE 0.0 bounds: (327,303),(343,305),(342,310),(326,308)
