NO PARKING
NO HALTING
TOW AWAY ZONE
CASTS
 0.0 bounds: (537,158),(687,158),(687,346),(537,346)
NO 0.0 bounds: (543,158),(595,163),(593,184),(541,179)
PARKING 0.0 bounds: (597,163),(678,171),(675,193),(595,185)
NO 0.0 bounds: (553,184),(582,187),(580,203),(551,200)
HALTING 0.0 bounds: (591,186),(677,195),(675,213),(589,204)
TOW 0.0 bounds: (539,259),(575,263),(573,279),(537,275)
AWAY 0.0 bounds: (584,263),(630,268),(628,284),(582,279)
ZONE 0.0 bounds: (638,266),(687,271),(685,293),(636,288)
CASTS 0.0 bounds: (608,335),(643,333),(644,344),(609,346)
