PURAMARIYAMMA
THUNA
Cell TS ST
PANY
N TOOLS
TOOLS
0 027.
pany
IM
738569657
SHASTA TOOLS COMPAN
 0.0 bounds: (-1,-1),(186,-1),(186,475),(-1,475)
PURAMARIYAMMA 0.0 bounds: (34,-1),(101,25),(98,33),(31,6)
THUNA 0.0 bounds: (33,11),(63,24),(61,30),(30,17)
Cell 0.0 bounds: (65,41),(82,48),(78,55),(62,48)
TS 0.0 bounds: (85,50),(106,59),(104,65),(83,56)
ST 0.0 bounds: (109,59),(129,68),(126,74),(106,65)
PANY 0.0 bounds: (8,71),(74,93),(66,118),(0,96)
N 0.0 bounds: (8,106),(17,109),(12,121),(4,118)
TOOLS 0.0 bounds: (18,109),(52,121),(47,134),(13,122)
TOOLS 0.0 bounds: (6,124),(45,136),(42,145),(3,134)
0 0.0 bounds: (22,150),(29,152),(25,164),(18,162)
027. 0.0 bounds: (33,154),(51,159),(48,172),(29,166)
pany 0.0 bounds: (5,228),(57,237),(52,268),(0,259)
IM 0.0 bounds: (95,317),(186,326),(181,368),(91,359)
738569657 0.0 bounds: (120,376),(186,381),(185,393),(119,388)
SHASTA 0.0 bounds: (42,453),(60,457),(57,467),(40,464)
TOOLS 0.0 bounds: (62,457),(75,460),(73,470),(60,468)
COMPAN 0.0 bounds: (77,461),(96,465),(94,475),(75,471)
