For the Fadies
Enjoy up to 20%
2000 restaurant
SMS CARD to 524-
citibank
citi
U.S.
 0.0 bounds: (106,1),(448,1),(448,178),(106,178)
For 0.0 bounds: (107,1),(160,3),(159,26),(106,24)
the 0.0 bounds: (172,3),(220,5),(219,29),(171,27)
Fadies 0.0 bounds: (228,3),(348,8),(346,43),(226,38)
Enjoy 0.0 bounds: (118,37),(150,37),(150,49),(118,49)
up 0.0 bounds: (157,40),(170,40),(170,49),(157,49)
to 0.0 bounds: (176,38),(187,38),(187,49),(176,49)
20% 0.0 bounds: (193,39),(223,39),(223,50),(193,50)
2000 0.0 bounds: (118,55),(153,56),(153,66),(118,65)
restaurant 0.0 bounds: (159,54),(224,56),(223,70),(159,68)
SMS 0.0 bounds: (119,92),(144,93),(144,102),(119,101)
CARD 0.0 bounds: (150,93),(184,94),(184,103),(150,102)
to 0.0 bounds: (189,94),(201,94),(201,104),(189,104)
524- 0.0 bounds: (206,96),(246,97),(246,106),(206,105)
citibank 0.0 bounds: (120,130),(193,132),(193,147),(120,145)
citi 0.0 bounds: (408,135),(448,135),(448,155),(408,155)
U.S. 0.0 bounds: (222,170),(238,171),(238,178),(222,177)
