digiz
dabbg eodai cao das a a
DASAU
ANY
 0.0 bounds: (59,246),(775,246),(775,610),(59,610)
digiz 0.0 bounds: (740,247),(775,246),(775,258),(740,259)
dabbg 0.0 bounds: (193,326),(233,321),(235,337),(195,342)
eodai 0.0 bounds: (238,319),(291,313),(293,330),(240,336)
cao 0.0 bounds: (296,315),(315,313),(316,322),(297,324)
das 0.0 bounds: (319,311),(341,308),(342,318),(320,321)
a 0.0 bounds: (345,310),(364,308),(365,320),(346,322)
a 0.0 bounds: (368,306),(393,303),(394,316),(370,319)
DASAU 0.0 bounds: (59,599),(80,599),(80,610),(59,610)
ANY 0.0 bounds: (106,600),(90,600),(90,591),(106,591)
