M.G.Road
drdar mo Mayo Hall
Ulsoor
18stae
 0.0 bounds: (897,111),(1018,111),(1018,167),(897,167)
M.G.Road 0.0 bounds: (957,118),(1015,111),(1016,122),(958,129)
drdar 0.0 bounds: (897,140),(930,137),(931,147),(898,151)
mo 0.0 bounds: (934,138),(954,136),(955,145),(935,147)
Mayo 0.0 bounds: (959,135),(991,132),(992,144),(960,147)
Hall 0.0 bounds: (995,131),(1017,129),(1018,139),(996,141)
Ulsoor 0.0 bounds: (961,150),(1000,148),(1000,159),(962,161)
18stae 0.0 bounds: (900,158),(935,155),(936,164),(901,167)
