DEEPAK TE
SOCIETY SILKS
ంబెంగా బెు
OSON
LE SILS IGHTING PALACE
E CO
PHILIDS
Suming
Models
LIGHTING
 0.0 bounds: (588,-1),(1023,-1),(1023,413),(588,413)
DEEPAK 0.0 bounds: (651,42),(681,41),(681,49),(651,50)
TE 0.0 bounds: (684,41),(692,41),(692,48),(684,48)
SOCIETY 0.0 bounds: (588,101),(624,96),(626,112),(590,117)
SILKS 0.0 bounds: (626,98),(645,95),(647,107),(628,110)
ంబెంగా 0.0 bounds: (734,69),(789,29),(810,58),(754,97)
బెు 0.0 bounds: (791,28),(831,-1),(851,27),(811,56)
OSON 0.0 bounds: (701,100),(732,80),(739,90),(708,110)
LE 0.0 bounds: (610,209),(672,164),(694,194),(632,239)
SILS 0.0 bounds: (675,163),(704,142),(726,173),(697,194)
IGHTING 0.0 bounds: (725,125),(796,74),(818,105),(747,156)
PALACE 0.0 bounds: (799,72),(869,22),(891,52),(821,103)
E 0.0 bounds: (610,210),(616,206),(622,215),(616,219)
CO 0.0 bounds: (621,203),(630,197),(635,204),(626,210)
PHILIDS 0.0 bounds: (743,227),(766,221),(768,229),(745,235)
Suming 0.0 bounds: (825,337),(898,341),(896,374),(823,370)
Models 0.0 bounds: (835,377),(884,381),(881,413),(832,409)
LIGHTING 0.0 bounds: (983,375),(1023,378),(1022,388),(982,385)
