Nikon
D Batra's
ana Crockery
Nitesh
INFRAS.AUr URE
స్నవేలో
NAVRATHAN
Joralukkas
yalukkas PARKING
O JU.aluk
O Joyalukk
 0.0 bounds: (0,-1),(891,-1),(891,353),(0,353)
Nikon 0.0 bounds: (757,32),(889,27),(891,72),(759,77)
D 0.0 bounds: (187,117),(201,116),(203,145),(189,146)
Batra's 0.0 bounds: (203,116),(256,112),(258,142),(205,146)
ana 0.0 bounds: (5,151),(63,162),(58,188),(0,177)
Crockery 0.0 bounds: (76,169),(171,188),(168,206),(72,188)
Nitesh 0.0 bounds: (766,179),(834,175),(835,194),(767,198)
INFRAS.AUr 0.0 bounds: (774,204),(815,200),(815,205),(774,209)
URE 0.0 bounds: (820,200),(835,199),(835,204),(820,205)
స్నవేలో 0.0 bounds: (335,205),(372,206),(371,229),(334,228)
NAVRATHAN 0.0 bounds: (477,232),(539,225),(540,237),(478,244)
Joralukkas 0.0 bounds: (668,284),(705,286),(705,295),(668,293)
yalukkas 0.0 bounds: (726,347),(764,346),(764,352),(726,353)
PARKING 0.0 bounds: (772,346),(810,345),(810,350),(772,351)
O 0.0 bounds: (237,205),(237,172),(277,172),(277,205)
JU.aluk 0.0 bounds: (238,170),(240,8),(280,8),(278,170)
O 0.0 bounds: (301,228),(301,191),(328,191),(328,228)
Joyalukk 0.0 bounds: (297,184),(298,0),(331,0),(330,184)
