Happiner
SALE
UP TOSTNOFF
CENTRAL
Jayee
RESIDENCY ROAD
STREET SMART
Kaushik
 0.0 bounds: (290,28),(675,28),(675,266),(290,266)
Happiner 0.0 bounds: (590,39),(652,28),(655,45),(593,56)
SALE 0.0 bounds: (606,54),(656,44),(659,60),(609,70)
UP 0.0 bounds: (602,74),(612,73),(613,79),(603,81)
TOSTNOFF 0.0 bounds: (614,70),(662,63),(664,74),(616,81)
CENTRAL 0.0 bounds: (615,133),(662,127),(664,144),(617,150)
Jayee 0.0 bounds: (290,226),(329,223),(329,230),(291,233)
RESIDENCY 0.0 bounds: (610,160),(652,155),(653,167),(612,172)
ROAD 0.0 bounds: (660,158),(674,156),(675,163),(661,165)
STREET 0.0 bounds: (628,177),(650,174),(651,181),(629,184)
SMART 0.0 bounds: (652,173),(672,170),(673,177),(653,180)
Kaushik 0.0 bounds: (427,256),(459,235),(465,245),(434,266)
