co de doede
sg G na
CORNER HCU
 0.0 bounds: (476,414),(718,414),(718,438),(476,438)
co 0.0 bounds: (654,415),(666,415),(666,422),(654,422)
de 0.0 bounds: (670,416),(685,417),(685,426),(670,425)
doede 0.0 bounds: (690,414),(718,415),(718,427),(690,426)
sg 0.0 bounds: (659,426),(683,428),(682,436),(658,434)
G 0.0 bounds: (686,428),(704,429),(703,436),(685,435)
na 0.0 bounds: (710,430),(717,431),(716,438),(709,437)
CORNER 0.0 bounds: (476,414),(499,415),(499,419),(476,418)
HCU 0.0 bounds: (502,415),(513,415),(513,420),(502,420)
