GRI LANSHNI VENATESAA MECALSE
NO PARKING PARKING FOR
 0.0 bounds: (587,336),(1014,336),(1014,492),(587,492)
GRI 0.0 bounds: (587,337),(596,337),(596,344),(587,344)
LANSHNI 0.0 bounds: (598,337),(614,337),(614,345),(598,345)
VENATESAA 0.0 bounds: (616,337),(649,337),(649,344),(616,344)
MECALSE 0.0 bounds: (651,336),(678,336),(678,344),(651,344)
NO 0.0 bounds: (806,441),(814,442),(812,456),(804,455)
PARKING 0.0 bounds: (818,439),(861,445),(858,464),(815,458)
PARKING 0.0 bounds: (887,445),(960,455),(956,485),(883,475)
FOR 0.0 bounds: (970,457),(1014,463),(1010,492),(966,486)
