Me
MR
MR.
N.PAGAVAN
N. RAGAVAN
N.RAGAVML
N.RAGAVAN
5.5-RAVI GOWDA.
S.S.RACHU GOWDA
తగియిరించ్లే వెయగోరినట్ల
prodused by:
GO
SIMUJA
S.5. RAVI
ss.RAG
YOTA
ENTER
AINER!
LESENTS
RAMCO
7URBOLG
 0.0 bounds: (7,381),(1021,381),(1021,712),(7,712)
Me 0.0 bounds: (61,381),(84,382),(84,393),(61,392)
MR 0.0 bounds: (517,396),(540,397),(539,410),(516,409)
MR. 0.0 bounds: (741,405),(763,405),(763,417),(741,417)
N.PAGAVAN 0.0 bounds: (137,455),(171,455),(171,460),(137,460)
N. 0.0 bounds: (367,459),(381,459),(381,466),(367,466)
RAGAVAN 0.0 bounds: (381,460),(424,461),(424,466),(381,465)
N.RAGAVML 0.0 bounds: (597,466),(655,467),(655,474),(597,473)
N.RAGAVAN 0.0 bounds: (819,477),(856,477),(856,483),(819,483)
5.5-RAVI 0.0 bounds: (528,479),(595,480),(595,497),(528,496)
GOWDA. 0.0 bounds: (606,480),(672,481),(672,498),(606,497)
S.S.RACHU 0.0 bounds: (533,501),(639,503),(639,520),(533,518)
GOWDA 0.0 bounds: (641,504),(687,505),(687,521),(641,520)
తగియిరించ్లే 0.0 bounds: (486,525),(563,529),(562,545),(485,541)
వెయగోరినట్ల 0.0 bounds: (581,530),(640,533),(639,549),(580,546)
prodused 0.0 bounds: (88,471),(142,472),(142,483),(88,482)
by: 0.0 bounds: (152,472),(174,472),(174,482),(152,482)
GO 0.0 bounds: (160,486),(182,486),(182,495),(160,495)
SIMUJA 0.0 bounds: (752,485),(904,488),(903,518),(751,515)
S.5. 0.0 bounds: (968,491),(991,491),(991,501),(968,501)
RAVI 0.0 bounds: (990,493),(1019,493),(1019,500),(990,500)
ss.RAG 0.0 bounds: (966,503),(1021,503),(1021,510),(966,510)
YOTA 0.0 bounds: (8,485),(34,486),(33,498),(7,497)
ENTER 0.0 bounds: (735,511),(777,511),(777,521),(735,521)
AINER! 0.0 bounds: (791,513),(836,515),(835,524),(791,522)
LESENTS 0.0 bounds: (864,516),(910,517),(910,524),(864,523)
RAMCO 0.0 bounds: (491,559),(558,563),(557,576),(490,572)
7URBOLG 0.0 bounds: (368,702),(437,702),(437,712),(368,712)
