APY
हडियनसॉयिल
IndianOil
XTRACARE
ATRAPREMIUM
AL 105
PETROL
DIAL 1062
FOR FREE AMALKI BrO
EKES
TATA
 0.0 bounds: (3,125),(723,125),(723,443),(3,443)
APY 0.0 bounds: (689,197),(722,207),(720,217),(686,207)
हडियनसॉयिल 0.0 bounds: (263,125),(315,139),(313,148),(260,135)
IndianOil 0.0 bounds: (248,159),(312,177),(307,193),(243,175)
XTRACARE 0.0 bounds: (245,180),(303,195),(301,205),(242,191)
ATRAPREMIUM 0.0 bounds: (240,195),(298,210),(295,220),(237,205)
AL 0.0 bounds: (115,174),(131,183),(124,196),(108,187)
105 0.0 bounds: (133,184),(143,189),(135,202),(126,197)
PETROL 0.0 bounds: (251,218),(278,223),(277,233),(249,228)
DIAL 0.0 bounds: (20,165),(46,173),(42,184),(17,175)
1062 0.0 bounds: (50,175),(71,182),(68,191),(47,185)
FOR 0.0 bounds: (5,173),(15,176),(13,182),(3,179)
FREE 0.0 bounds: (16,176),(28,180),(26,187),(14,183)
AMALKI 0.0 bounds: (28,181),(58,191),(56,196),(26,187)
BrO 0.0 bounds: (59,193),(74,198),(73,202),(58,197)
EKES 0.0 bounds: (53,199),(74,206),(71,214),(50,208)
TATA 0.0 bounds: (693,426),(718,431),(715,443),(691,438)
