COMMERCIAL STREET
CAR PARHING
NO ENTRY
ARMY
 0.0 bounds: (176,348),(332,348),(332,437),(176,437)
COMMERCIAL 0.0 bounds: (199,348),(286,355),(284,379),(197,373)
STREET 0.0 bounds: (288,355),(332,358),(330,382),(286,379)
CAR 0.0 bounds: (224,371),(249,373),(248,385),(223,383)
PARHING 0.0 bounds: (252,374),(302,377),(301,389),(251,386)
NO 0.0 bounds: (179,382),(232,385),(229,431),(176,428)
ENTRY 0.0 bounds: (241,389),(328,394),(325,437),(238,432)
ARMY 0.0 bounds: (187,422),(222,422),(222,434),(187,434)
