2520
BMTC
www.ayb.nto
Helpline M
బీంమెసానం
BNG TRAVELS
DAYA e
బ్రవ్మా్త
Beart
PRINT
ddo 22 0od
tah b
KA-UT-FA-12
ste rta ea
 0.0 bounds: (178,109),(763,109),(763,406),(178,406)
2520 0.0 bounds: (222,109),(257,109),(257,121),(222,121)
BMTC 0.0 bounds: (200,165),(281,157),(283,176),(202,184)
www.ayb.nto 0.0 bounds: (204,183),(275,173),(276,180),(205,190)
Helpline 0.0 bounds: (204,192),(230,188),(231,197),(205,201)
M 0.0 bounds: (233,187),(240,186),(241,195),(234,196)
బీంమెసానం 0.0 bounds: (203,199),(272,189),(274,200),(205,210)
BNG 0.0 bounds: (617,166),(642,165),(642,179),(617,180)
TRAVELS 0.0 bounds: (646,166),(691,165),(691,178),(646,179)
DAYA 0.0 bounds: (225,248),(247,245),(248,255),(227,259)
e 0.0 bounds: (251,244),(265,242),(266,252),(253,254)
బ్రవ్మా్త 0.0 bounds: (178,277),(271,269),(274,313),(182,321)
Beart 0.0 bounds: (205,308),(236,304),(237,314),(206,318)
PRINT 0.0 bounds: (739,257),(762,255),(763,264),(740,266)
ddo 0.0 bounds: (208,340),(228,338),(229,345),(209,347)
22 0.0 bounds: (231,336),(246,335),(247,346),(232,347)
0od 0.0 bounds: (248,338),(263,337),(263,342),(248,343)
tah 0.0 bounds: (219,354),(236,353),(236,358),(219,359)
b 0.0 bounds: (240,353),(250,352),(250,358),(240,359)
KA-UT-FA-12 0.0 bounds: (208,396),(264,393),(264,403),(209,406)
ste 0.0 bounds: (311,392),(336,391),(336,399),(311,400)
rta 0.0 bounds: (340,394),(361,394),(361,399),(340,399)
ea 0.0 bounds: (366,391),(379,391),(379,398),(366,398)
