IN
వేస్విజో ఖాల్మెనా టివెనా్
PRESTIGE FALCON TOWERS
Prestige
NO 19. BRUNTON ROAD, BENGALURU 560025.
d yr e
 0.0 bounds: (51,190),(903,190),(903,331),(51,331)
IN 0.0 bounds: (51,190),(66,190),(66,201),(51,201)
వేస్విజో 0.0 bounds: (624,250),(704,251),(704,275),(624,274)
ఖాల్మెనా 0.0 bounds: (720,252),(808,253),(808,278),(720,277)
టివెనా్ 0.0 bounds: (817,255),(903,256),(903,275),(817,274)
PRESTIGE 0.0 bounds: (623,286),(715,289),(714,307),(622,304)
FALCON 0.0 bounds: (724,289),(804,291),(803,309),(723,307)
TOWERS 0.0 bounds: (813,291),(901,294),(900,313),(812,310)
Prestige 0.0 bounds: (523,290),(589,290),(589,315),(523,315)
NO 0.0 bounds: (655,318),(667,318),(667,324),(655,324)
19. 0.0 bounds: (672,319),(682,319),(682,325),(672,325)
BRUNTON 0.0 bounds: (686,319),(727,320),(727,327),(686,326)
ROAD, 0.0 bounds: (732,320),(757,321),(757,328),(732,327)
BENGALURU 0.0 bounds: (762,322),(814,324),(814,330),(762,328)
560025. 0.0 bounds: (818,323),(849,324),(849,331),(818,330)
d 0.0 bounds: (529,322),(531,322),(531,324),(529,324)
yr 0.0 bounds: (568,323),(579,324),(579,331),(568,330)
e 0.0 bounds: (581,324),(588,324),(588,330),(581,330)
