Siyaram
dife is on S
DEEPAK TE
SHREE WEENAKSHISILS
SOCIETY SI
PHILIPS
CAJANANA
OFE FANTING SH
23 ADICOMPLEX U
 0.0 bounds: (36,-1),(792,-1),(792,442),(36,442)
Siyaram 0.0 bounds: (440,-1),(514,0),(514,16),(440,15)
dife 0.0 bounds: (558,126),(579,126),(579,145),(558,145)
is 0.0 bounds: (584,133),(592,133),(592,141),(584,141)
on 0.0 bounds: (601,126),(621,126),(621,144),(601,144)
S 0.0 bounds: (633,128),(648,128),(648,139),(633,139)
DEEPAK 0.0 bounds: (453,202),(486,202),(486,211),(453,211)
TE 0.0 bounds: (491,200),(501,200),(501,212),(491,212)
SHREE 0.0 bounds: (49,235),(90,263),(78,281),(37,253)
WEENAKSHISILS 0.0 bounds: (93,263),(158,307),(144,327),(80,283)
SOCIETY 0.0 bounds: (457,265),(493,262),(494,278),(458,281)
SI 0.0 bounds: (495,262),(501,261),(502,276),(496,277)
PHILIPS 0.0 bounds: (532,412),(569,407),(570,417),(533,422)
CAJANANA 0.0 bounds: (288,432),(328,434),(328,442),(288,440)
OFE 0.0 bounds: (695,101),(713,74),(728,84),(710,111)
FANTING 0.0 bounds: (714,72),(746,23),(760,33),(728,81)
SH 0.0 bounds: (747,22),(759,4),(773,13),(761,31)
23 0.0 bounds: (691,140),(715,104),(728,114),(704,149)
ADICOMPLEX 0.0 bounds: (716,101),(767,27),(781,36),(730,111)
U 0.0 bounds: (773,20),(778,13),(791,22),(786,29)
