श्देश्येया शऔय्यिमि ेड
USEUM
TECHNOLOGICAL
ENGINE HALL
DINOSAUR ALIVE
UN SCIENCE
ELECTROTECHNIC
SRACE
IOTEnON
REVOLUT
BELHALL Or
ELECTA R
EICHER
 0.0 bounds: (-1,69),(652,69),(652,448),(-1,448)
श्देश्येया 0.0 bounds: (27,69),(175,151),(148,200),(0,118)
शऔय्यिमि 0.0 bounds: (177,151),(269,202),(241,252),(149,201)
ेड 0.0 bounds: (272,204),(353,249),(326,298),(245,253)
USEUM 0.0 bounds: (273,341),(305,340),(305,347),(273,348)
TECHNOLOGICAL 0.0 bounds: (139,354),(212,359),(211,371),(138,366)
ENGINE 0.0 bounds: (261,370),(281,368),(282,374),(262,376)
HALL 0.0 bounds: (285,368),(299,367),(300,373),(286,374)
DINOSAUR 0.0 bounds: (261,378),(292,373),(293,379),(262,384)
ALIVE 0.0 bounds: (293,372),(308,370),(309,377),(294,379)
UN 0.0 bounds: (259,387),(275,386),(275,392),(259,393)
SCIENCE 0.0 bounds: (277,385),(304,383),(304,390),(277,392)
ELECTROTECHNIC 0.0 bounds: (257,395),(313,387),(314,394),(258,402)
SRACE 0.0 bounds: (265,407),(283,405),(284,413),(266,415)
IOTEnON 0.0 bounds: (257,416),(307,418),(307,425),(257,423)
REVOLUT 0.0 bounds: (266,424),(295,421),(296,428),(267,431)
BELHALL 0.0 bounds: (267,433),(294,431),(294,438),(267,440)
Or 0.0 bounds: (296,432),(306,431),(306,437),(296,438)
ELECTA 0.0 bounds: (267,441),(291,440),(291,447),(267,448)
R 0.0 bounds: (305,440),(307,440),(307,446),(305,446)
EICHER 0.0 bounds: (611,427),(651,422),(652,433),(612,438)
