లానా లేఖ
town
Cafe
TA Coffee Shop
NE Rainbow
budget business hotel
Hotel New Rainbow Pvt. Ltd.)
ROOM TARI : Rs. 2500 to 3800*
Mob: 9066030 B0 , PH: 080 - 25594786/7/8/9
OYO
Rainbow
Business Hotel
రాయలో క్రౌనా
Restaurant
 0.0 bounds: (556,48),(999,48),(999,352),(556,352)
లానా 0.0 bounds: (809,72),(838,60),(841,67),(812,79)
లేఖ 0.0 bounds: (842,57),(861,49),(865,57),(846,65)
town 0.0 bounds: (619,153),(649,142),(653,152),(623,163)
Cafe 0.0 bounds: (636,158),(666,149),(669,159),(639,168)
TA 0.0 bounds: (719,114),(751,102),(759,125),(727,137)
Coffee 0.0 bounds: (754,104),(807,85),(813,103),(760,122)
Shop 0.0 bounds: (815,80),(862,63),(870,85),(823,102)
NE 0.0 bounds: (652,175),(720,155),(736,208),(668,228)
Rainbow 0.0 bounds: (742,148),(924,94),(940,148),(758,202)
budget 0.0 bounds: (751,203),(795,191),(799,204),(755,216)
business 0.0 bounds: (800,189),(863,171),(866,183),(803,201)
hotel 0.0 bounds: (867,170),(911,158),(915,170),(871,183)
Hotel 0.0 bounds: (752,219),(773,214),(776,222),(754,228)
New 0.0 bounds: (777,214),(799,208),(802,217),(779,223)
Rainbow 0.0 bounds: (802,207),(848,195),(850,203),(804,215)
Pvt. 0.0 bounds: (851,195),(870,190),(872,198),(853,203)
Ltd.) 0.0 bounds: (875,188),(901,181),(904,192),(878,199)
ROOM 0.0 bounds: (662,259),(699,251),(702,263),(665,272)
TARI 0.0 bounds: (704,249),(741,241),(744,253),(707,262)
: 0.0 bounds: (756,241),(760,240),(762,250),(758,251)
Rs. 0.0 bounds: (764,235),(786,230),(790,244),(767,250)
2500 0.0 bounds: (797,226),(843,216),(847,233),(801,244)
to 0.0 bounds: (851,217),(870,213),(874,227),(854,232)
3800* 0.0 bounds: (879,207),(942,192),(947,211),(883,226)
Mob: 0.0 bounds: (656,277),(689,270),(693,287),(659,294)
9066030 0.0 bounds: (691,270),(739,260),(742,277),(694,287)
B0 0.0 bounds: (751,262),(765,259),(767,269),(753,272)
, 0.0 bounds: (771,254),(778,253),(781,269),(774,271)
PH: 0.0 bounds: (777,256),(798,252),(800,263),(779,267)
080 0.0 bounds: (805,250),(830,245),(833,257),(807,262)
- 0.0 bounds: (838,250),(841,249),(841,250),(838,251)
25594786/7/8/9 0.0 bounds: (846,240),(995,210),(998,226),(849,257)
OYO 0.0 bounds: (563,285),(589,279),(593,294),(566,300)
Rainbow 0.0 bounds: (556,326),(617,317),(621,341),(559,350)
Business 0.0 bounds: (591,343),(614,339),(615,348),(592,352)
Hotel 0.0 bounds: (616,341),(630,339),(631,346),(617,348)
రాయలో 0.0 bounds: (899,263),(943,256),(945,267),(901,274)
క్రౌనా 0.0 bounds: (952,254),(979,250),(981,263),(954,267)
Restaurant 0.0 bounds: (863,288),(982,271),(985,291),(866,308)
