PLAZA
Alice
GOLD PALACE
.... ..
Alice
Kalakuti
FAMANNA
PARKING
Alice
KAlAkruti
 0.0 bounds: (-1,143),(969,143),(969,353),(-1,353)
PLAZA 0.0 bounds: (10,143),(113,177),(102,209),(-1,175)
Alice 0.0 bounds: (630,192),(652,192),(652,200),(630,200)
GOLD 0.0 bounds: (293,175),(334,199),(319,226),(277,202)
PALACE 0.0 bounds: (336,200),(378,225),(362,252),(320,228)
.... 0.0 bounds: (430,223),(449,223),(449,229),(430,229)
.. 0.0 bounds: (461,225),(466,225),(466,226),(461,226)
Alice 0.0 bounds: (652,260),(707,259),(707,276),(652,277)
Kalakuti 0.0 bounds: (511,282),(541,281),(541,286),(511,287)
FAMANNA 0.0 bounds: (913,337),(969,336),(969,347),(913,348)
PARKING 0.0 bounds: (630,321),(663,321),(663,329),(630,329)
Alice 0.0 bounds: (628,334),(664,334),(664,345),(628,345)
KAlAkruti 0.0 bounds: (515,346),(562,345),(562,352),(515,353)
