THE EVENING ARRIVES FOR EVER
EVERYONE.
ITS BEAUTY BELONGS ONLY TO THE ONE
reum t.72 Cr
One
FORA PERSONAL INTRDUCT
GOUCTION
Call: 080-4083 1323/6754 6/
Im marketin
TWO STATES
ONE CHOICE
reelkanth
i he
TATA
 0.0 bounds: (52,49),(753,49),(753,595),(52,595)
THE 0.0 bounds: (84,49),(100,55),(98,61),(82,55)
EVENING 0.0 bounds: (104,56),(139,69),(136,76),(101,63)
ARRIVES 0.0 bounds: (142,73),(174,85),(172,90),(140,78)
FOR 0.0 bounds: (180,84),(195,90),(192,97),(177,91)
EVER 0.0 bounds: (197,90),(207,94),(205,100),(194,97)
EVERYONE. 0.0 bounds: (188,90),(231,103),(229,112),(185,99)
ITS 0.0 bounds: (104,67),(116,72),(114,76),(102,72)
BEAUTY 0.0 bounds: (120,73),(149,84),(147,90),(118,79)
BELONGS 0.0 bounds: (153,85),(187,98),(184,104),(151,91)
ONLY 0.0 bounds: (190,100),(206,106),(204,111),(188,105)
TO 0.0 bounds: (211,107),(219,110),(217,118),(208,114)
THE 0.0 bounds: (222,112),(231,116),(229,122),(219,119)
ONE 0.0 bounds: (234,116),(249,122),(246,129),(231,123)
reum 0.0 bounds: (172,186),(190,192),(190,193),(171,188)
t.72 0.0 bounds: (239,204),(255,209),(254,213),(238,208)
Cr 0.0 bounds: (256,211),(262,213),(261,217),(255,215)
One 0.0 bounds: (121,192),(151,198),(147,221),(116,215)
FORA 0.0 bounds: (167,198),(187,204),(185,210),(165,205)
PERSONAL 0.0 bounds: (191,205),(219,213),(217,220),(189,212)
INTRDUCT 0.0 bounds: (222,213),(249,221),(247,228),(220,221)
GOUCTION 0.0 bounds: (233,220),(257,226),(256,231),(232,225)
Call: 0.0 bounds: (171,211),(188,215),(187,222),(169,218)
080-4083 0.0 bounds: (190,218),(224,227),(222,233),(189,224)
1323/6754 0.0 bounds: (227,227),(262,236),(260,243),(225,234)
6/ 0.0 bounds: (276,239),(282,240),(280,247),(274,246)
Im 0.0 bounds: (170,221),(183,224),(182,228),(169,225)
marketin 0.0 bounds: (186,225),(208,231),(207,236),(185,230)
TWO 0.0 bounds: (57,251),(97,259),(94,273),(54,265)
STATES 0.0 bounds: (104,260),(157,271),(154,286),(101,275)
ONE 0.0 bounds: (57,255),(96,263),(92,286),(52,278)
CHOICE 0.0 bounds: (101,263),(159,275),(154,298),(96,287)
reelkanth 0.0 bounds: (74,305),(133,312),(130,332),(72,325)
i 0.0 bounds: (695,497),(701,497),(701,503),(695,503)
he 0.0 bounds: (706,497),(718,497),(718,503),(706,503)
TATA 0.0 bounds: (732,586),(753,587),(753,595),(732,594)
