AATAKA SATE COPERANERVILD
Dpodedo.
pe ah d ed
atoed dodrd dod noodd
deod doodi UL dorided
 0.0 bounds: (149,340),(599,340),(599,408),(149,408)
AATAKA 0.0 bounds: (149,346),(186,345),(186,358),(150,359)
SATE 0.0 bounds: (188,345),(207,344),(207,357),(189,358)
COPERANERVILD 0.0 bounds: (209,344),(303,340),(303,354),(210,358)
Dpodedo. 0.0 bounds: (562,346),(591,345),(591,353),(562,354)
pe 0.0 bounds: (493,360),(505,360),(505,366),(493,366)
ah 0.0 bounds: (550,361),(563,361),(563,367),(550,367)
d 0.0 bounds: (566,361),(580,361),(580,367),(566,367)
ed 0.0 bounds: (582,361),(590,361),(590,367),(582,367)
atoed 0.0 bounds: (496,396),(517,396),(517,400),(496,400)
dodrd 0.0 bounds: (521,395),(543,395),(543,400),(521,400)
dod 0.0 bounds: (546,395),(569,395),(569,399),(546,399)
noodd 0.0 bounds: (573,393),(599,393),(599,398),(573,398)
deod 0.0 bounds: (504,401),(519,401),(519,408),(504,408)
doodi 0.0 bounds: (522,402),(540,401),(540,407),(522,408)
UL 0.0 bounds: (542,401),(554,401),(554,406),(542,406)
dorided 0.0 bounds: (557,400),(588,399),(588,405),(557,406)
