Porade
INDECOMM GLOBAL
SERVICES
2amazon
web services
CO
VIK
PIAGCIO
 0.0 bounds: (-1,6),(356,6),(356,397),(-1,397)
Porade 0.0 bounds: (11,6),(82,43),(70,65),(-1,28)
INDECOMM 0.0 bounds: (2,78),(55,91),(53,101),(0,88)
GLOBAL 0.0 bounds: (57,94),(90,102),(88,111),(55,103)
SERVICES 0.0 bounds: (93,104),(128,110),(126,118),(92,112)
2amazon 0.0 bounds: (53,129),(118,143),(115,154),(50,141)
web 0.0 bounds: (70,145),(83,148),(82,152),(69,149)
services 0.0 bounds: (85,148),(113,155),(112,160),(84,153)
CO 0.0 bounds: (2,128),(21,131),(19,139),(1,136)
VIK 0.0 bounds: (4,151),(20,153),(18,165),(2,163)
PIAGCIO 0.0 bounds: (235,350),(356,375),(351,397),(230,373)
