BMTC
Space
Availe
1300
+9199020
ashirvod
SSIN
ENAUR
doridad mod
IN
 0.0 bounds: (0,240),(1023,240),(1023,415),(0,415)
BMTC 0.0 bounds: (0,240),(52,240),(52,255),(0,255)
Space 0.0 bounds: (985,274),(1023,277),(1021,302),(983,299)
Availe 0.0 bounds: (978,290),(1023,290),(1023,306),(978,306)
1300 0.0 bounds: (987,308),(1006,308),(1006,317),(987,317)
+9199020 0.0 bounds: (978,325),(1023,326),(1023,335),(978,334)
ashirvod 0.0 bounds: (32,305),(70,306),(70,320),(32,319)
SSIN 0.0 bounds: (1023,374),(987,374),(987,367),(1023,367)
ENAUR 0.0 bounds: (430,383),(459,385),(458,396),(429,394)
doridad 0.0 bounds: (424,396),(463,400),(461,414),(423,410)
mod 0.0 bounds: (468,401),(486,403),(485,415),(467,413)
IN 0.0 bounds: (1005,398),(1020,397),(1021,408),(1006,409)
