SEUM
रैेैया औदोगिक एवं हिि
MUSEUM
TECHNOLOGCAL
ENGINE HALL
DINOSAURALIVE
FUN S
RECTROTECHNIC
SPACE
BIOTECHNOLOGICA
BOLUTION
EICHER
NALL OF
DELRONics
 0.0 bounds: (-1,3),(561,3),(561,524),(-1,524)
SEUM 0.0 bounds: (59,3),(132,73),(117,89),(44,19)
रैेैया 0.0 bounds: (22,196),(80,227),(58,269),(-1,238)
औदोगिक 0.0 bounds: (83,228),(172,276),(149,318),(60,270)
एवं 0.0 bounds: (175,278),(215,299),(193,341),(153,319)
हिि 0.0 bounds: (216,300),(263,325),(240,367),(193,342)
MUSEUM 0.0 bounds: (169,419),(213,415),(214,423),(170,427)
TECHNOLOGCAL 0.0 bounds: (37,432),(111,436),(110,450),(36,446)
ENGINE 0.0 bounds: (165,448),(187,445),(188,451),(166,454)
HALL 0.0 bounds: (190,445),(204,443),(205,449),(191,451)
DINOSAURALIVE 0.0 bounds: (159,458),(215,448),(216,454),(160,464)
FUN 0.0 bounds: (160,469),(177,467),(178,472),(161,474)
S 0.0 bounds: (179,467),(182,467),(183,471),(180,471)
RECTROTECHNIC 0.0 bounds: (167,472),(221,468),(221,474),(167,478)
SPACE 0.0 bounds: (164,486),(185,484),(186,491),(165,493)
BIOTECHNOLOGICA 0.0 bounds: (161,496),(227,488),(227,495),(162,503)
BOLUTION 0.0 bounds: (162,499),(205,498),(205,505),(162,506)
EICHER 0.0 bounds: (519,499),(558,493),(560,504),(521,511)
NALL 0.0 bounds: (182,511),(196,509),(197,516),(183,518)
OF 0.0 bounds: (201,508),(207,507),(208,514),(202,515)
DELRONics 0.0 bounds: (162,515),(211,517),(211,524),(162,522)
