Happin
SALE
UP TO SISOF
C)
CENTRAL
RESIDENCY ROAD
Coyee
Cose
STREET SMART
Kaushik
 0.0 bounds: (291,33),(676,33),(676,266),(291,266)
Happin 0.0 bounds: (597,39),(634,33),(637,49),(600,55)
SALE 0.0 bounds: (607,55),(656,46),(659,60),(610,69)
UP 0.0 bounds: (600,73),(615,71),(616,81),(601,83)
TO 0.0 bounds: (616,69),(625,68),(627,80),(618,81)
SISOF 0.0 bounds: (627,68),(651,64),(652,75),(629,79)
C) 0.0 bounds: (628,103),(647,101),(648,116),(629,118)
CENTRAL 0.0 bounds: (615,132),(663,127),(665,144),(617,149)
RESIDENCY 0.0 bounds: (605,165),(650,159),(650,165),(606,171)
ROAD 0.0 bounds: (656,156),(675,154),(676,161),(657,164)
Coyee 0.0 bounds: (292,227),(329,225),(329,230),(292,232)
Cose 0.0 bounds: (291,234),(323,232),(323,239),(292,241)
STREET 0.0 bounds: (629,178),(650,175),(651,181),(630,184)
SMART 0.0 bounds: (652,174),(671,171),(672,178),(653,181)
Kaushik 0.0 bounds: (429,259),(462,238),(466,245),(433,266)
