BREATHE
CHARIO
PURE VE
y He
e eretene
DKM
 0.0 bounds: (20,223),(653,223),(653,418),(20,418)
BREATHE 0.0 bounds: (586,245),(647,224),(652,238),(591,259)
CHARIO 0.0 bounds: (40,375),(73,379),(71,393),(38,389)
PURE 0.0 bounds: (23,388),(66,393),(63,415),(21,410)
VE 0.0 bounds: (72,394),(88,396),(85,418),(70,416)
y 0.0 bounds: (341,357),(347,356),(348,365),(342,366)
He 0.0 bounds: (356,354),(367,352),(368,361),(357,363)
e 0.0 bounds: (406,371),(420,367),(422,375),(408,379)
eretene 0.0 bounds: (421,365),(486,347),(488,357),(424,375)
DKM 0.0 bounds: (428,387),(471,378),(473,387),(430,396)
