MG.Pol
Aat md Mayo Hallt
dta Usoor+
RANBOW ADVERTISING WEAR A HELMET
2224 4318
E
& BE SAFE
VERITO
 0.0 bounds: (43,83),(905,83),(905,334),(43,334)
MG.Pol 0.0 bounds: (77,83),(103,85),(102,93),(76,91)
Aat 0.0 bounds: (51,95),(60,95),(60,99),(51,99)
md 0.0 bounds: (62,94),(72,94),(72,102),(62,102)
Mayo 0.0 bounds: (76,94),(89,94),(89,102),(76,102)
Hallt 0.0 bounds: (92,94),(110,94),(110,100),(92,100)
dta 0.0 bounds: (43,103),(58,103),(58,110),(43,110)
Usoor+ 0.0 bounds: (77,102),(111,102),(111,110),(77,110)
RANBOW 0.0 bounds: (776,173),(798,173),(798,183),(776,183)
ADVERTISING 0.0 bounds: (800,173),(831,173),(831,183),(800,183)
WEAR 0.0 bounds: (840,173),(864,173),(864,183),(840,183)
A 0.0 bounds: (868,173),(872,173),(872,183),(868,183)
HELMET 0.0 bounds: (875,172),(905,172),(905,183),(875,183)
2224 0.0 bounds: (778,184),(801,184),(801,194),(778,194)
4318 0.0 bounds: (805,184),(827,184),(827,195),(805,195)
E 0.0 bounds: (590,178),(606,178),(606,184),(590,184)
& 0.0 bounds: (852,186),(856,186),(856,193),(852,193)
BE 0.0 bounds: (860,186),(869,186),(869,193),(860,193)
SAFE 0.0 bounds: (873,186),(893,186),(893,195),(873,195)
VERITO 0.0 bounds: (318,325),(341,322),(342,331),(319,334)
