Sun City
URB
Styp
SOUND D K HORN
 0.0 bounds: (177,140),(988,140),(988,510),(177,510)
Sun 0.0 bounds: (570,148),(589,144),(591,154),(572,158)
City 0.0 bounds: (590,143),(604,140),(606,149),(592,152)
URB 0.0 bounds: (949,159),(980,140),(988,154),(957,173)
Styp 0.0 bounds: (177,492),(200,488),(203,505),(180,510)
SOUND 0.0 bounds: (219,481),(245,475),(249,491),(222,497)
D 0.0 bounds: (247,475),(265,471),(268,487),(250,491)
K 0.0 bounds: (279,468),(294,465),(297,479),(282,482)
HORN 0.0 bounds: (300,465),(326,459),(329,472),(303,478)
