LERS POINT
GYM
irtel 4G
MARALI PRINTING
PMLRA A M
SYEROK COLOR PR
 0.0 bounds: (1,122),(633,122),(633,313),(1,313)
LERS 0.0 bounds: (9,122),(57,135),(52,156),(3,143)
POINT 0.0 bounds: (45,132),(111,150),(105,170),(40,152)
GYM 0.0 bounds: (613,207),(632,205),(633,214),(614,216)
irtel 0.0 bounds: (1,266),(23,266),(23,285),(1,285)
4G 0.0 bounds: (26,268),(38,268),(38,282),(26,282)
MARALI 0.0 bounds: (77,270),(123,269),(123,284),(77,285)
PRINTING 0.0 bounds: (128,268),(177,267),(177,285),(128,286)
PMLRA 0.0 bounds: (84,288),(115,287),(115,292),(84,293)
A 0.0 bounds: (139,287),(144,287),(144,292),(139,292)
M 0.0 bounds: (157,286),(165,286),(165,291),(157,291)
SYEROK 0.0 bounds: (75,303),(100,302),(100,312),(75,313)
COLOR 0.0 bounds: (103,301),(124,300),(124,311),(104,312)
PR 0.0 bounds: (126,300),(133,300),(133,311),(127,311)
