re tale
CHOSE ONLINE BUY OFF-LINE
KO N ONS ROONIR NON
www.RETALE.IN
 0.0 bounds: (220,206),(349,206),(349,330),(220,330)
re 0.0 bounds: (246,207),(273,206),(274,224),(247,225)
tale 0.0 bounds: (276,209),(310,208),(310,221),(276,222)
CHOSE 0.0 bounds: (234,282),(260,280),(260,288),(234,290)
ONLINE 0.0 bounds: (263,281),(286,280),(286,287),(263,288)
BUY 0.0 bounds: (292,279),(303,278),(303,286),(292,287)
OFF-LINE 0.0 bounds: (307,278),(334,276),(334,284),(307,286)
KO 0.0 bounds: (350,295),(338,296),(337,286),(349,285)
N 0.0 bounds: (316,297),(303,298),(302,288),(315,287)
ONS 0.0 bounds: (281,300),(270,301),(269,291),(280,290)
ROONIR 0.0 bounds: (266,302),(241,304),(240,293),(265,291)
NON 0.0 bounds: (237,304),(222,305),(221,295),(236,294)
www.RETALE.IN 0.0 bounds: (246,317),(331,310),(332,323),(247,330)
