BANGALORE CITY TRAFFIC POLICE
MAHA
SHAKTHI
CEMENT
svat
MENT
 0.0 bounds: (826,235),(957,235),(957,314),(826,314)
BANGALORE 0.0 bounds: (844,238),(882,237),(882,246),(844,247)
CITY 0.0 bounds: (885,237),(900,237),(900,246),(885,246)
TRAFFIC 0.0 bounds: (903,237),(929,236),(929,245),(903,246)
POLICE 0.0 bounds: (933,236),(957,235),(957,244),(933,245)
MAHA 0.0 bounds: (863,269),(938,269),(938,289),(863,289)
SHAKTHI 0.0 bounds: (867,288),(937,287),(937,295),(867,296)
CEMENT 0.0 bounds: (867,298),(936,297),(936,306),(867,307)
svat 0.0 bounds: (901,307),(931,307),(931,314),(901,314)
MENT 0.0 bounds: (826,305),(858,305),(858,313),(826,313)
