138
BMTC
www.mybmtecom
Helpline No-100-425-1663
Bharat-IV
EICHER
TMT BARS
Call : +91 95626 15125
00e dono ot de aos at wa CE duna o
 0.0 bounds: (669,91),(990,91),(990,441),(669,441)
138 0.0 bounds: (738,92),(797,91),(798,128),(739,129)
BMTC 0.0 bounds: (790,175),(906,174),(906,189),(790,190)
www.mybmtecom 0.0 bounds: (789,195),(911,198),(911,209),(789,206)
Helpline 0.0 bounds: (792,209),(827,209),(827,215),(792,215)
No-100-425-1663 0.0 bounds: (831,208),(909,208),(909,216),(831,216)
Bharat-IV 0.0 bounds: (669,251),(726,251),(726,261),(669,261)
EICHER 0.0 bounds: (787,247),(930,249),(930,269),(787,267)
TMT 0.0 bounds: (924,323),(945,323),(945,333),(924,333)
BARS 0.0 bounds: (952,323),(980,323),(980,333),(952,333)
Call 0.0 bounds: (860,406),(882,407),(882,415),(860,415)
: 0.0 bounds: (890,404),(896,404),(896,415),(890,415)
+91 0.0 bounds: (896,407),(913,407),(913,415),(896,415)
95626 0.0 bounds: (920,404),(952,405),(952,417),(920,416)
15125 0.0 bounds: (958,405),(990,406),(990,418),(958,417)
00e 0.0 bounds: (700,432),(721,432),(721,439),(700,439)
dono 0.0 bounds: (723,432),(741,432),(741,439),(723,439)
ot 0.0 bounds: (747,432),(766,432),(766,440),(747,440)
de 0.0 bounds: (784,434),(801,434),(801,440),(784,440)
aos 0.0 bounds: (805,435),(822,435),(822,439),(805,439)
at 0.0 bounds: (831,434),(857,434),(857,440),(831,440)
wa 0.0 bounds: (861,435),(877,435),(877,440),(861,440)
CE 0.0 bounds: (881,436),(897,436),(897,441),(881,441)
duna 0.0 bounds: (901,435),(920,435),(920,439),(901,439)
o 0.0 bounds: (976,434),(978,434),(978,441),(976,441)
