REMIER
6 & TARPAULINS
FLOORINGS. TARPAULINS & PACKAGINGS
PREMIER TARAULNS GST No:SAAOPSaS
SPONSIVE
GRASSPER-
GOOD YEAR
3RIDGESTONE
CEAT
Tresione
SUn INTERAATIONAL
SUPERIOR CRIP
BAR
OLOURE CAR REG
CAR
R sd
LUXURY SUITE ROOMS
PAT Concer
REGENCY DELUXE ROOMS
ELEGANT STANDARD ROOMS
MODERN CARS
BANOUET HALLS & BOARD ROOMS
BEAUTY PARLOUR & SPA
WATE
KERALA TRADITIONAL FOOD
ANDHRA SPICY & NORTH INDIAN
SEZY ROOFTOP UPPER DECK
ER
PLE CAR PARKING
RE AURANT &
Souna
 0.0 bounds: (0,70),(1023,70),(1023,537),(0,537)
REMIER 0.0 bounds: (7,70),(126,101),(119,129),(0,98)
6 0.0 bounds: (3,101),(5,101),(2,112),(0,112)
& 0.0 bounds: (12,103),(24,106),(21,117),(9,114)
TARPAULINS 0.0 bounds: (29,107),(152,138),(150,148),(26,118)
FLOORINGS. 0.0 bounds: (8,118),(60,130),(58,137),(6,125)
TARPAULINS 0.0 bounds: (62,131),(107,142),(105,149),(60,138)
& 0.0 bounds: (109,145),(113,146),(112,150),(108,149)
PACKAGINGS 0.0 bounds: (116,146),(163,157),(161,162),(115,151)
PREMIER 0.0 bounds: (31,144),(61,151),(60,155),(30,148)
TARAULNS 0.0 bounds: (64,152),(102,161),(101,166),(63,157)
GST 0.0 bounds: (109,160),(124,163),(122,170),(107,167)
No:SAAOPSaS 0.0 bounds: (122,165),(191,181),(190,186),(121,170)
SPONSIVE 0.0 bounds: (4,159),(44,168),(42,176),(2,168)
GRASSPER- 0.0 bounds: (145,188),(204,202),(203,209),(143,195)
GOOD 0.0 bounds: (722,228),(765,240),(759,263),(716,250)
YEAR 0.0 bounds: (778,251),(803,258),(800,269),(775,262)
3RIDGESTONE 0.0 bounds: (846,265),(895,281),(892,292),(843,275)
CEAT 0.0 bounds: (571,267),(616,275),(613,292),(568,284)
Tresione 0.0 bounds: (940,296),(981,313),(977,322),(936,305)
SUn 0.0 bounds: (419,279),(433,278),(434,284),(420,286)
INTERAATIONAL 0.0 bounds: (435,277),(499,270),(499,278),(436,285)
SUPERIOR 0.0 bounds: (570,288),(599,294),(599,298),(569,292)
CRIP 0.0 bounds: (602,292),(617,295),(615,302),(601,299)
BAR 0.0 bounds: (505,303),(539,298),(543,322),(509,328)
OLOURE 0.0 bounds: (169,286),(194,278),(197,287),(172,295)
CAR 0.0 bounds: (195,277),(204,274),(207,284),(198,286)
REG 0.0 bounds: (206,273),(222,268),(225,277),(209,282)
CAR 0.0 bounds: (561,308),(575,310),(574,319),(560,317)
R 0.0 bounds: (577,310),(580,311),(579,317),(576,317)
sd 0.0 bounds: (632,322),(651,325),(650,329),(631,326)
LUXURY 0.0 bounds: (419,317),(443,316),(443,324),(419,325)
SUITE 0.0 bounds: (446,316),(465,315),(465,321),(446,322)
ROOMS 0.0 bounds: (467,314),(490,313),(490,320),(467,321)
PAT 0.0 bounds: (660,340),(765,360),(759,390),(654,369)
Concer 0.0 bounds: (767,361),(809,369),(804,399),(761,390)
REGENCY 0.0 bounds: (413,334),(442,332),(442,339),(413,341)
DELUXE 0.0 bounds: (445,333),(470,332),(470,338),(445,339)
ROOMS 0.0 bounds: (473,329),(496,328),(496,337),(474,338)
ELEGANT 0.0 bounds: (410,351),(437,350),(437,357),(410,358)
STANDARD 0.0 bounds: (440,349),(472,348),(472,356),(440,357)
ROOMS 0.0 bounds: (475,348),(497,347),(497,354),(475,355)
MODERN 0.0 bounds: (336,361),(375,359),(375,368),(336,370)
CARS 0.0 bounds: (379,358),(404,357),(404,365),(379,366)
BANOUET 0.0 bounds: (408,367),(431,366),(431,374),(408,375)
HALLS 0.0 bounds: (434,366),(449,365),(449,373),(434,374)
& 0.0 bounds: (452,367),(454,367),(454,373),(452,373)
BOARD 0.0 bounds: (458,366),(475,365),(475,373),(458,374)
ROOMS 0.0 bounds: (478,365),(496,364),(496,372),(478,373)
BEAUTY 0.0 bounds: (412,385),(436,384),(436,391),(412,392)
PARLOUR 0.0 bounds: (439,385),(469,384),(469,390),(439,391)
& 0.0 bounds: (472,384),(475,384),(475,390),(472,390)
SPA 0.0 bounds: (479,383),(490,383),(490,390),(479,390)
WATE 0.0 bounds: (965,422),(1013,402),(1021,422),(974,442)
KERALA 0.0 bounds: (408,403),(430,403),(430,409),(408,409)
TRADITIONAL 0.0 bounds: (434,401),(474,400),(474,408),(434,409)
FOOD 0.0 bounds: (477,402),(493,402),(493,408),(477,408)
ANDHRA 0.0 bounds: (406,420),(428,420),(428,427),(406,427)
SPICY 0.0 bounds: (430,420),(445,420),(445,427),(430,427)
& 0.0 bounds: (448,420),(450,420),(450,426),(448,426)
NORTH 0.0 bounds: (453,420),(472,420),(472,427),(453,427)
INDIAN 0.0 bounds: (475,420),(493,420),(493,427),(475,427)
SEZY 0.0 bounds: (412,438),(425,438),(425,444),(412,444)
ROOFTOP 0.0 bounds: (428,438),(453,438),(453,445),(428,445)
UPPER 0.0 bounds: (456,439),(474,439),(474,445),(456,445)
DECK 0.0 bounds: (477,439),(492,439),(492,445),(477,445)
ER 0.0 bounds: (982,475),(1012,474),(1012,490),(982,491)
PLE 0.0 bounds: (417,455),(433,455),(433,464),(417,464)
CAR 0.0 bounds: (437,456),(449,456),(449,462),(437,462)
PARKING 0.0 bounds: (452,456),(480,456),(480,464),(452,464)
RE 0.0 bounds: (414,471),(425,471),(425,480),(414,480)
AURANT 0.0 bounds: (436,473),(463,474),(463,482),(436,481)
& 0.0 bounds: (467,476),(470,476),(470,482),(467,482)
Souna 0.0 bounds: (988,527),(1023,527),(1023,537),(988,537)
