ndoa nandini
EW BUR
UT BUR
SOLLA.
M BURFL, PEDA CHO
IT BURFI, KUND
SMILK, COLD BU
 0.0 bounds: (226,317),(402,317),(402,368),(226,368)
ndoa 0.0 bounds: (247,327),(312,323),(313,335),(248,339)
nandini 0.0 bounds: (318,322),(387,317),(388,330),(319,335)
EW 0.0 bounds: (226,348),(246,347),(246,354),(226,355)
BUR 0.0 bounds: (251,347),(274,346),(274,351),(251,352)
UT 0.0 bounds: (235,354),(248,353),(249,360),(236,361)
BUR 0.0 bounds: (253,353),(268,352),(268,358),(253,359)
SOLLA. 0.0 bounds: (229,362),(262,361),(262,367),(229,368)
M 0.0 bounds: (307,344),(317,343),(317,345),(307,346)
BURFL, 0.0 bounds: (322,342),(350,341),(350,344),(322,345)
PEDA 0.0 bounds: (355,340),(377,339),(377,343),(355,344)
CHO 0.0 bounds: (381,337),(402,336),(402,342),(381,343)
IT 0.0 bounds: (320,347),(337,346),(337,352),(320,353)
BURFI, 0.0 bounds: (341,345),(370,344),(370,351),(341,352)
KUND 0.0 bounds: (371,344),(402,343),(402,349),(371,350)
SMILK, 0.0 bounds: (324,353),(354,351),(354,358),(324,360)
COLD 0.0 bounds: (360,354),(383,353),(383,356),(360,357)
BU 0.0 bounds: (387,350),(401,349),(401,355),(387,356)
