BEE
-BHE EN
BM
VRVE
Rotary
BENGALURU
MIDNIGHT
MARATHON
KA-57
F-517
Regitor at wwmigtmaathon in
KA-57-F-547
 0.0 bounds: (175,7),(1014,7),(1014,464),(175,464)
BEE 0.0 bounds: (533,7),(572,8),(571,23),(532,22)
-BHE 0.0 bounds: (602,19),(685,57),(670,88),(588,50)
EN 0.0 bounds: (746,85),(781,101),(766,133),(731,117)
BM 0.0 bounds: (175,130),(226,124),(230,164),(180,170)
VRVE 0.0 bounds: (934,149),(1011,138),(1014,155),(936,166)
Rotary 0.0 bounds: (360,217),(382,214),(383,226),(361,229)
BENGALURU 0.0 bounds: (218,279),(267,272),(269,283),(220,290)
MIDNIGHT 0.0 bounds: (215,292),(270,284),(272,297),(217,305)
MARATHON 0.0 bounds: (220,303),(270,297),(271,309),(221,315)
KA-57 0.0 bounds: (561,275),(582,275),(582,288),(561,288)
F-517 0.0 bounds: (563,293),(582,293),(582,306),(563,306)
Regitor 0.0 bounds: (189,421),(211,421),(211,430),(189,430)
at 0.0 bounds: (213,421),(217,421),(217,430),(213,430)
wwmigtmaathon 0.0 bounds: (222,420),(289,420),(289,430),(222,430)
in 0.0 bounds: (291,420),(296,420),(296,429),(291,429)
KA-57-F-547 0.0 bounds: (231,447),(287,449),(286,464),(230,462)
