Destche Bant
RAHEL TONERS OK
ENTRY
PULLL
 0.0 bounds: (465,304),(1023,304),(1023,437),(465,437)
Destche 0.0 bounds: (465,311),(490,306),(492,317),(467,322)
Bant 0.0 bounds: (492,307),(505,305),(507,314),(494,317)
RAHEL 0.0 bounds: (926,331),(960,332),(960,353),(926,352)
TONERS 0.0 bounds: (963,332),(997,333),(997,354),(963,353)
OK 0.0 bounds: (997,332),(1023,332),(1023,353),(997,353)
ENTRY 0.0 bounds: (939,412),(1011,411),(1011,426),(939,427)
PULLL 0.0 bounds: (954,428),(991,429),(991,437),(954,436)
