t Detra +
Ces le
LAKME AL O
Boox My Bus
SAI
 0.0 bounds: (319,186),(1019,186),(1019,364),(319,364)
t 0.0 bounds: (923,201),(929,200),(930,205),(924,206)
Detra 0.0 bounds: (964,191),(989,187),(990,197),(966,201)
+ 0.0 bounds: (1009,188),(1018,187),(1019,191),(1010,193)
Ces 0.0 bounds: (926,210),(945,207),(946,216),(927,219)
le 0.0 bounds: (966,203),(979,201),(980,210),(967,212)
LAKME 0.0 bounds: (859,286),(904,280),(905,291),(860,297)
AL 0.0 bounds: (907,280),(919,279),(920,289),(908,291)
O 0.0 bounds: (939,276),(945,275),(946,285),(940,286)
Boox 0.0 bounds: (319,358),(335,358),(335,364),(319,364)
My 0.0 bounds: (337,359),(347,359),(347,364),(337,364)
Bus 0.0 bounds: (350,358),(361,358),(361,363),(350,363)
SAI 0.0 bounds: (987,277),(1006,274),(1007,281),(988,284)
