TRAC
NO PARKING
NO HALTIMG
OLA
30% 0s a.
30% 9 sa
AGG
njn 080-30459845
O Imperial
 0.0 bounds: (223,210),(946,210),(946,432),(223,432)
TRAC 0.0 bounds: (467,212),(504,210),(504,220),(467,222)
NO 0.0 bounds: (450,229),(477,228),(477,240),(450,241)
PARKING 0.0 bounds: (479,229),(519,228),(519,240),(479,241)
NO 0.0 bounds: (450,242),(479,241),(479,252),(450,253)
HALTIMG 0.0 bounds: (481,241),(519,240),(519,251),(481,252)
OLA 0.0 bounds: (747,247),(786,249),(785,264),(746,262)
30% 0.0 bounds: (484,393),(500,392),(500,404),(484,405)
0s 0.0 bounds: (502,392),(515,392),(515,404),(502,404)
a. 0.0 bounds: (516,393),(541,392),(541,400),(516,401)
30% 0.0 bounds: (813,373),(836,372),(836,383),(814,384)
9 0.0 bounds: (839,373),(854,372),(854,383),(840,384)
sa 0.0 bounds: (856,368),(872,367),(873,382),(857,383)
AGG 0.0 bounds: (912,405),(944,401),(945,414),(914,418)
njn 0.0 bounds: (769,419),(798,415),(799,428),(771,432)
080-30459845 0.0 bounds: (805,414),(871,405),(873,418),(807,427)
O 0.0 bounds: (225,293),(225,286),(238,286),(238,293)
Imperial 0.0 bounds: (224,284),(223,253),(237,253),(238,284)
