తిఎకోతస్లు జయంల్స
colourvista
wPANTS
A RSAACO A
FAINTS
三
 0.0 bounds: (76,250),(849,250),(849,505),(76,505)
తిఎకోతస్లు 0.0 bounds: (88,250),(184,274),(177,302),(81,278)
జయంల్స 0.0 bounds: (201,279),(269,296),(262,322),(194,305)
colourvista 0.0 bounds: (316,322),(432,348),(428,368),(311,343)
wPANTS 0.0 bounds: (190,310),(266,330),(262,348),(185,328)
A 0.0 bounds: (77,322),(84,323),(83,330),(76,329)
RSAACO 0.0 bounds: (100,325),(137,332),(136,340),(99,333)
A 0.0 bounds: (197,347),(222,351),(221,355),(196,351)
FAINTS 0.0 bounds: (120,496),(149,497),(149,505),(120,504)
三 0.0 bounds: (849,459),(850,501),(834,501),(833,459)
