ou TAL
జవ్వల కా
certie
ER
ANK
www.tra
HOTEL
 0.0 bounds: (376,10),(1010,10),(1010,156),(376,156)
ou 0.0 bounds: (587,144),(611,145),(610,156),(586,155)
TAL 0.0 bounds: (634,141),(640,140),(642,151),(636,152)
జవ్వల 0.0 bounds: (678,10),(715,28),(708,42),(671,24)
కా 0.0 bounds: (717,28),(740,39),(733,53),(710,42)
certie 0.0 bounds: (591,81),(618,76),(619,84),(592,89)
ER 0.0 bounds: (965,62),(1008,59),(1010,80),(967,83)
ANK 0.0 bounds: (376,122),(403,119),(405,136),(378,139)
www.tra 0.0 bounds: (612,112),(642,106),(644,114),(613,120)
HOTEL 0.0 bounds: (573,132),(598,127),(599,134),(574,139)
