1 Dar s.
Indian Oil Corporation Limiteu
Bangalore Divisional Ofice
ting
1 0 Tak tighty closed
E re dlaggine
laecatton f rouah
e
L euiadin
Reduckat Sanglng
FnIatingisher!
end
1 DartP
e Pa Buckeryine tor oroduat
tho fo T1
1 Decentation
ortalos te ty wes datation
 0.0 bounds: (890,438),(1010,438),(1010,680),(890,680)
1 0.0 bounds: (900,587),(901,587),(899,593),(898,593)
Dar 0.0 bounds: (904,588),(907,589),(905,595),(902,594)
s. 0.0 bounds: (937,596),(948,596),(948,606),(937,606)
Indian 0.0 bounds: (908,438),(928,439),(928,448),(908,447)
Oil 0.0 bounds: (931,441),(938,441),(938,448),(931,448)
Corporation 0.0 bounds: (941,439),(979,440),(979,450),(941,449)
Limiteu 0.0 bounds: (983,440),(1010,441),(1010,449),(983,448)
Bangalore 0.0 bounds: (916,457),(945,458),(945,467),(916,466)
Divisional 0.0 bounds: (948,457),(979,458),(979,466),(948,465)
Ofice 0.0 bounds: (982,459),(1004,459),(1004,467),(982,467)
ting 0.0 bounds: (896,487),(922,489),(922,494),(896,492)
1 0.0 bounds: (896,501),(901,501),(901,508),(896,508)
0 0.0 bounds: (932,500),(942,500),(942,507),(932,507)
Tak 0.0 bounds: (944,500),(953,500),(953,505),(944,505)
tighty 0.0 bounds: (955,501),(968,501),(968,507),(955,507)
closed 0.0 bounds: (970,503),(985,503),(985,507),(970,507)
E 0.0 bounds: (900,510),(903,510),(903,517),(900,517)
re 0.0 bounds: (937,508),(943,508),(943,515),(937,515)
dlaggine 0.0 bounds: (945,507),(962,506),(962,514),(945,515)
laecatton 0.0 bounds: (915,512),(951,516),(950,522),(914,518)
f 0.0 bounds: (953,518),(957,518),(956,523),(953,523)
rouah 0.0 bounds: (959,516),(983,518),(982,526),(958,524)
e 0.0 bounds: (891,517),(906,518),(905,524),(890,523)
L 0.0 bounds: (895,533),(897,533),(897,537),(895,537)
euiadin 0.0 bounds: (957,536),(993,539),(992,545),(957,542)
Reduckat 0.0 bounds: (921,536),(953,541),(951,549),(920,544)
Sanglng 0.0 bounds: (954,543),(975,546),(974,552),(953,549)
FnIatingisher! 0.0 bounds: (944,551),(981,557),(981,563),(943,557)
end 0.0 bounds: (899,551),(924,555),(923,558),(899,554)
1 0.0 bounds: (896,596),(898,596),(897,600),(895,600)
DartP 0.0 bounds: (900,597),(930,604),(929,609),(899,603)
e 0.0 bounds: (911,601),(917,603),(916,605),(910,604)
Pa 0.0 bounds: (920,603),(925,604),(923,610),(918,609)
Buckeryine 0.0 bounds: (932,605),(973,616),(971,623),(930,613)
tor 0.0 bounds: (975,619),(981,621),(980,624),(974,623)
oroduat 0.0 bounds: (984,622),(1002,627),(1001,631),(983,626)
tho 0.0 bounds: (929,622),(939,625),(937,630),(927,628)
fo 0.0 bounds: (944,626),(948,627),(946,633),(942,632)
T1 0.0 bounds: (949,629),(955,631),(954,634),(948,633)
1 0.0 bounds: (956,631),(959,632),(957,638),(954,637)
Decentation 0.0 bounds: (961,632),(985,639),(983,645),(959,638)
ortalos 0.0 bounds: (903,637),(922,643),(920,650),(901,644)
te 0.0 bounds: (923,644),(926,645),(924,651),(921,650)
ty 0.0 bounds: (928,646),(940,650),(938,656),(926,652)
wes 0.0 bounds: (956,655),(974,661),(972,667),(954,661)
datation 0.0 bounds: (979,664),(1007,674),(1005,679),(977,670)
