Hlappie
SALE
UP TO SINOFF
CENTRAL
లా
RESIDENCY ROAD
SREET SMAY
Kaushik
 0.0 bounds: (290,33),(674,33),(674,266),(290,266)
Hlappie 0.0 bounds: (597,39),(635,33),(637,50),(600,56)
SALE 0.0 bounds: (605,56),(655,45),(658,58),(608,69)
UP 0.0 bounds: (600,72),(613,70),(614,80),(602,82)
TO 0.0 bounds: (615,69),(626,67),(628,78),(617,80)
SINOFF 0.0 bounds: (628,67),(658,62),(659,73),(630,78)
CENTRAL 0.0 bounds: (615,132),(662,127),(664,144),(617,149)
లా 0.0 bounds: (290,226),(307,225),(307,232),(291,233)
RESIDENCY 0.0 bounds: (606,165),(651,159),(651,165),(607,171)
ROAD 0.0 bounds: (656,154),(673,152),(674,161),(657,163)
SREET 0.0 bounds: (629,179),(649,176),(650,181),(630,184)
SMAY 0.0 bounds: (652,174),(673,171),(674,177),(653,180)
Kaushik 0.0 bounds: (426,256),(459,235),(465,245),(432,266)
