9.Mller R Ctnun
Wo TE DA
CocaCoa
o. NATARA
 0.0 bounds: (6,232),(322,232),(322,340),(6,340)
9.Mller 0.0 bounds: (209,232),(234,244),(230,254),(204,242)
R 0.0 bounds: (241,247),(245,249),(240,258),(237,256)
Ctnun 0.0 bounds: (256,254),(292,271),(288,280),(252,263)
Wo 0.0 bounds: (225,255),(234,259),(230,268),(221,264)
TE 0.0 bounds: (276,278),(286,282),(284,288),(274,284)
DA 0.0 bounds: (291,285),(321,298),(319,303),(289,291)
CocaCoa 0.0 bounds: (15,279),(88,298),(79,333),(6,314)
o. 0.0 bounds: (87,322),(105,324),(104,337),(86,335)
NATARA 0.0 bounds: (107,324),(133,327),(131,340),(106,337)
