SCHOOL
UNI
FOR
GEMSTONESA
LEKE FYT LTD
AMPSTEAD
1010
Ranganatha
MEHTA
WHOLE SALE
Laxmi Chains DAN A hota
Maharaja
Fasbion
CHAINS & BRACELETS
D.ANARASINRA MOOR
JEWELLERS
2FLOOR
poru
RANGANATHA MANSION
DENICHSTODO
JENBLLERS
1000
PARING
EXCLUSIVE
FANCY SAREES
DRESS
MATERIAL
uns
 0.0 bounds: (5,-2),(905,-2),(905,550),(5,550)
SCHOOL 0.0 bounds: (654,57),(736,53),(738,99),(656,103)
UNI 0.0 bounds: (656,104),(729,104),(729,151),(656,151)
FOR 0.0 bounds: (654,152),(715,152),(715,191),(654,191)
GEMSTONESA 0.0 bounds: (210,-2),(258,45),(248,55),(200,9)
LEKE 0.0 bounds: (100,1),(124,19),(116,29),(93,11)
FYT 0.0 bounds: (126,22),(140,33),(134,42),(119,31)
LTD 0.0 bounds: (142,34),(153,43),(146,52),(135,44)
AMPSTEAD 0.0 bounds: (323,39),(364,39),(364,50),(323,50)
1010 0.0 bounds: (157,123),(273,182),(241,245),(125,186)
Ranganatha 0.0 bounds: (83,118),(126,142),(119,153),(77,129)
MEHTA 0.0 bounds: (659,226),(700,226),(700,242),(659,242)
WHOLE 0.0 bounds: (489,284),(516,288),(515,294),(488,290)
SALE 0.0 bounds: (519,290),(532,292),(531,296),(518,294)
Laxmi 0.0 bounds: (21,259),(63,270),(58,287),(17,275)
Chains 0.0 bounds: (71,272),(107,282),(102,299),(66,289)
DAN 0.0 bounds: (121,286),(136,290),(133,304),(117,300)
A 0.0 bounds: (140,291),(153,294),(149,309),(136,305)
hota 0.0 bounds: (154,295),(196,306),(192,322),(150,310)
Maharaja 0.0 bounds: (720,367),(778,366),(778,377),(720,378)
Fasbion 0.0 bounds: (747,381),(790,377),(790,384),(748,388)
CHAINS 0.0 bounds: (30,285),(53,290),(51,295),(29,290)
& 0.0 bounds: (55,291),(57,291),(56,295),(54,295)
BRACELETS 0.0 bounds: (61,291),(93,298),(92,304),(60,297)
D.ANARASINRA 0.0 bounds: (113,304),(166,315),(163,328),(110,317)
MOOR 0.0 bounds: (168,316),(186,320),(183,332),(165,329)
JEWELLERS 0.0 bounds: (118,325),(178,336),(176,348),(116,337)
2FLOOR 0.0 bounds: (45,298),(75,304),(75,309),(44,303)
poru 0.0 bounds: (23,306),(47,310),(46,315),(22,311)
RANGANATHA 0.0 bounds: (7,315),(65,324),(64,334),(6,325)
MANSION 0.0 bounds: (70,325),(100,329),(98,337),(69,333)
DENICHSTODO 0.0 bounds: (318,348),(358,358),(355,368),(315,359)
JENBLLERS 0.0 bounds: (205,356),(241,360),(240,367),(204,363)
1000 0.0 bounds: (870,486),(904,484),(905,496),(871,498)
PARING 0.0 bounds: (875,515),(900,516),(900,521),(875,520)
EXCLUSIVE 0.0 bounds: (741,513),(786,509),(786,515),(742,519)
FANCY 0.0 bounds: (734,521),(761,518),(761,524),(735,527)
SAREES 0.0 bounds: (765,519),(797,516),(797,522),(766,525)
DRESS 0.0 bounds: (752,535),(778,534),(778,539),(752,540)
MATERIAL 0.0 bounds: (743,543),(791,541),(791,548),(743,550)
uns 0.0 bounds: (235,0),(255,20),(247,28),(227,8)
