XEROX
COLO
INTERNET
PRINTOUTS
TINTIU
XEROX
DENTAL
FABULOUS STUFF
GREAT DEALS
 0.0 bounds: (44,129),(1022,129),(1022,417),(44,417)
XEROX 0.0 bounds: (50,230),(120,235),(117,273),(47,268)
COLO 0.0 bounds: (55,265),(86,268),(85,280),(54,277)
INTERNET 0.0 bounds: (46,277),(122,284),(120,307),(44,300)
PRINTOUTS 0.0 bounds: (46,300),(115,306),(113,325),(44,320)
TINTIU 0.0 bounds: (995,406),(1022,406),(1022,417),(995,417)
XEROX 0.0 bounds: (210,368),(255,370),(255,380),(210,378)
DENTAL 0.0 bounds: (208,406),(249,408),(248,417),(207,415)
FABULOUS 0.0 bounds: (800,280),(793,190),(812,189),(819,279)
STUFF 0.0 bounds: (792,183),(788,131),(807,130),(811,182)
GREAT 0.0 bounds: (812,280),(807,210),(827,209),(832,279)
DEALS 0.0 bounds: (811,199),(807,134),(820,133),(824,198)
