BUSINESS PO
OPTO OF
EXCHANGE
YOUR OLD FRAME OPTO OP
AND GET UPTO
RS 999/- OFF
NAVRATHAN
KA
Pata
OPHTHALMIC DESPER
(Founded in
EXCHANC
Oww n
YOUR OLD FR
AND GET UP
RS 999/- OF
DG
prodesan dermak
DAC 25587.03
DaG
 0.0 bounds: (276,22),(1023,22),(1023,375),(276,375)
BUSINESS 0.0 bounds: (782,22),(904,34),(901,68),(779,56)
PO 0.0 bounds: (906,35),(943,39),(940,72),(903,68)
OPTO 0.0 bounds: (968,84),(1005,89),(1003,103),(966,98)
OF 0.0 bounds: (1011,91),(1023,93),(1021,104),(1009,103)
EXCHANGE 0.0 bounds: (804,104),(848,98),(849,109),(805,115)
YOUR 0.0 bounds: (792,115),(813,114),(814,125),(793,126)
OLD 0.0 bounds: (823,115),(828,115),(828,121),(823,121)
FRAME 0.0 bounds: (836,113),(858,112),(858,118),(836,119)
OPTO 0.0 bounds: (883,110),(909,109),(910,121),(884,122)
OP 0.0 bounds: (913,108),(925,107),(926,119),(914,120)
AND 0.0 bounds: (792,130),(810,128),(810,134),(793,136)
GET 0.0 bounds: (813,128),(828,127),(828,133),(814,134)
UPTO 0.0 bounds: (831,125),(853,123),(854,130),(832,132)
RS 0.0 bounds: (795,141),(803,140),(804,146),(796,147)
999/- 0.0 bounds: (807,138),(826,136),(827,144),(808,146)
OFF 0.0 bounds: (830,136),(846,135),(847,143),(831,144)
NAVRATHAN 0.0 bounds: (277,79),(343,84),(342,93),(276,88)
KA 0.0 bounds: (695,94),(714,95),(714,104),(695,103)
Pata 0.0 bounds: (634,103),(677,106),(676,124),(633,121)
OPHTHALMIC 0.0 bounds: (957,124),(997,129),(995,139),(956,134)
DESPER 0.0 bounds: (1005,131),(1023,133),(1022,142),(1004,140)
(Founded 0.0 bounds: (979,139),(1015,142),(1014,152),(978,149)
in 0.0 bounds: (1017,142),(1021,142),(1020,152),(1016,152)
EXCHANC 0.0 bounds: (969,182),(1023,184),(1022,200),(968,198)
Oww 0.0 bounds: (779,191),(800,191),(800,194),(779,194)
n 0.0 bounds: (802,190),(824,190),(824,195),(802,195)
YOUR 0.0 bounds: (947,201),(979,203),(978,213),(946,211)
OLD 0.0 bounds: (984,203),(1008,204),(1007,214),(983,213)
FR 0.0 bounds: (1013,204),(1023,205),(1022,216),(1012,215)
AND 0.0 bounds: (951,218),(976,219),(975,228),(950,227)
GET 0.0 bounds: (982,220),(1004,221),(1003,231),(981,230)
UP 0.0 bounds: (1010,219),(1023,220),(1022,234),(1009,233)
RS 0.0 bounds: (955,235),(966,235),(966,245),(955,245)
999/- 0.0 bounds: (972,236),(1001,237),(1001,248),(972,247)
OF 0.0 bounds: (1007,238),(1023,239),(1023,250),(1007,249)
DG 0.0 bounds: (783,240),(798,241),(797,249),(782,248)
prodesan 0.0 bounds: (923,296),(953,299),(952,310),(922,307)
dermak 0.0 bounds: (964,301),(993,304),(992,314),(963,311)
DAC 0.0 bounds: (818,342),(831,344),(830,349),(817,347)
25587.03 0.0 bounds: (835,344),(866,350),(865,357),(834,351)
DaG 0.0 bounds: (911,365),(929,367),(928,375),(910,373)
