జమిలరా అపమెం
జామెరాజజీలి బధాన నేధా శెల్
అ ది అనచానెదె్లి నిమిశాలలావి రుచ జనో చెంగురారర
Shapoorji Pal
Real Estate
© 080 6608
undit
Acthes
URO DECOR
O DECOR
UhO DEČOR
 0.0 bounds: (72,-7),(1024,-7),(1024,698),(72,698)
జమిలరా 0.0 bounds: (575,-7),(678,49),(666,70),(564,14)
అపమెం 0.0 bounds: (693,57),(776,102),(766,119),(683,75)
జామెరాజజీలి 0.0 bounds: (513,-4),(628,57),(620,71),(506,10)
బధాన 0.0 bounds: (636,65),(678,87),(672,99),(630,76)
నేధా 0.0 bounds: (684,90),(714,106),(708,117),(678,101)
శెల్ 0.0 bounds: (721,107),(750,122),(742,138),(713,123)
అ 0.0 bounds: (437,0),(444,4),(437,19),(429,15)
ది 0.0 bounds: (477,19),(486,23),(478,40),(469,35)
అనచానెదె్లి 0.0 bounds: (497,28),(586,72),(577,89),(489,45)
నిమిశాలలావి 0.0 bounds: (587,73),(661,110),(653,126),(579,89)
రుచ 0.0 bounds: (664,111),(682,120),(674,136),(656,127)
జనో 0.0 bounds: (687,121),(714,134),(706,150),(679,137)
చెంగురారర 0.0 bounds: (718,137),(771,163),(763,180),(710,154)
Shapoorji 0.0 bounds: (951,321),(1002,311),(1004,322),(953,332)
Pal 0.0 bounds: (1006,311),(1022,308),(1023,317),(1008,320)
Real 0.0 bounds: (973,331),(992,327),(993,334),(974,338)
Estate 0.0 bounds: (997,324),(1021,320),(1023,330),(999,335)
© 0.0 bounds: (948,353),(957,352),(959,368),(950,369)
080 0.0 bounds: (959,352),(980,349),(982,365),(961,368)
6608 0.0 bounds: (987,348),(1021,343),(1023,358),(989,363)
undit 0.0 bounds: (525,508),(560,510),(559,520),(524,518)
Acthes 0.0 bounds: (530,682),(574,688),(572,698),(529,692)
URO 0.0 bounds: (72,376),(79,338),(104,343),(97,381)
DECOR 0.0 bounds: (90,335),(99,291),(118,295),(110,339)
O 0.0 bounds: (185,358),(186,346),(211,349),(210,361)
DECOR 0.0 bounds: (186,344),(189,311),(214,314),(211,347)
UhO 0.0 bounds: (260,403),(263,370),(291,373),(288,406)
DEČOR 0.0 bounds: (269,368),(273,325),(298,328),(294,370)
