PADMASHRI SILKS & SAREE
BALANSH CORPORATION
రోంజి వెల్లలారా నస్నటి
PADMASHRI SILKS & SAF
KANCHEEPURAM SILK WEAVER B SOCIETY SAR
PURE SILK SAREES WITH GOVT. REBATE
KANCHI VALLALAR 3OCIETYO
వేద సిల్లో అండా న్యారితోఅ
moteido phocbcie
TITAN
PADMASHRI
SILKS & SAREES
KANCHEEPURAN IURUGAN
K.S. COMPLEX
Htor Mis OMaxell Times
SRI MAG
TEXTI
marn dagari Raychem e fa ack
ocridt pn
ా రిోమేంటో
 0.0 bounds: (190,131),(1023,131),(1023,628),(190,628)
PADMASHRI 0.0 bounds: (749,161),(861,149),(864,172),(752,184)
SILKS 0.0 bounds: (868,148),(926,142),(928,165),(871,171)
& 0.0 bounds: (938,140),(948,139),(950,161),(940,162)
SAREE 0.0 bounds: (957,138),(1020,131),(1022,156),(960,163)
BALANSH 0.0 bounds: (328,290),(355,290),(355,296),(328,296)
CORPORATION 0.0 bounds: (358,289),(400,288),(400,295),(358,296)
రోంజి 0.0 bounds: (292,320),(333,319),(334,341),(293,342)
వెల్లలారా 0.0 bounds: (345,320),(432,317),(433,338),(346,341)
నస్నటి 0.0 bounds: (442,315),(518,312),(519,334),(443,337)
PADMASHRI 0.0 bounds: (716,318),(853,313),(854,332),(717,337)
SILKS 0.0 bounds: (864,309),(939,306),(940,331),(865,334)
& 0.0 bounds: (951,308),(967,307),(968,327),(952,328)
SAF 0.0 bounds: (979,306),(1022,304),(1023,326),(980,328)
KANCHEEPURAM 0.0 bounds: (746,341),(839,338),(839,343),(746,346)
SILK 0.0 bounds: (844,338),(869,337),(869,342),(844,343)
WEAVER 0.0 bounds: (879,334),(923,333),(923,343),(879,344)
B 0.0 bounds: (943,332),(946,332),(946,341),(943,341)
SOCIETY 0.0 bounds: (949,334),(994,332),(994,337),(949,339)
SAR 0.0 bounds: (1000,332),(1023,331),(1023,337),(1000,338)
PURE 0.0 bounds: (276,347),(305,346),(305,356),(276,357)
SILK 0.0 bounds: (312,346),(337,345),(337,355),(312,356)
SAREES 0.0 bounds: (345,345),(390,344),(390,355),(345,356)
WITH 0.0 bounds: (399,343),(428,342),(428,353),(399,354)
GOVT. 0.0 bounds: (437,343),(472,342),(472,352),(437,353)
REBATE 0.0 bounds: (482,341),(531,340),(531,351),(482,352)
KANCHI 0.0 bounds: (231,414),(318,415),(318,451),(231,450)
VALLALAR 0.0 bounds: (320,414),(509,415),(509,452),(320,451)
3OCIETYO 0.0 bounds: (495,416),(643,417),(643,454),(495,453)
వేద 0.0 bounds: (707,442),(733,443),(733,454),(707,453)
సిల్లో 0.0 bounds: (736,441),(755,441),(755,454),(736,454)
అండా 0.0 bounds: (759,441),(781,441),(781,455),(759,455)
న్యారితోఅ 0.0 bounds: (788,442),(854,443),(854,456),(788,455)
moteido 0.0 bounds: (211,461),(242,461),(242,469),(211,469)
phocbcie 0.0 bounds: (245,461),(270,461),(270,469),(245,469)
TITAN 0.0 bounds: (418,468),(535,471),(535,490),(418,487)
PADMASHRI 0.0 bounds: (730,474),(861,476),(861,491),(730,489)
SILKS 0.0 bounds: (703,493),(766,495),(766,509),(703,507)
& 0.0 bounds: (776,496),(790,496),(790,510),(776,510)
SAREES 0.0 bounds: (800,496),(892,499),(891,514),(800,511)
KANCHEEPURAN 0.0 bounds: (190,479),(239,479),(239,490),(190,490)
IURUGAN 0.0 bounds: (241,479),(271,479),(271,490),(241,490)
K.S. 0.0 bounds: (563,482),(592,482),(592,495),(563,495)
COMPLEX 0.0 bounds: (599,478),(676,478),(676,495),(599,495)
Htor 0.0 bounds: (404,491),(438,492),(438,499),(404,498)
Mis 0.0 bounds: (441,492),(453,492),(453,500),(441,500)
OMaxell 0.0 bounds: (464,493),(507,495),(507,503),(464,501)
Times 0.0 bounds: (513,497),(545,498),(545,502),(513,501)
SRI 0.0 bounds: (912,499),(964,501),(963,523),(911,521)
MAG 0.0 bounds: (972,501),(1021,503),(1020,525),(971,523)
TEXTI 0.0 bounds: (965,527),(1020,525),(1020,541),(966,543)
marn 0.0 bounds: (219,561),(243,563),(242,570),(218,568)
dagari 0.0 bounds: (247,560),(273,562),(271,577),(246,575)
Raychem 0.0 bounds: (276,562),(344,568),(342,584),(274,578)
e 0.0 bounds: (359,571),(396,575),(394,589),(358,586)
fa 0.0 bounds: (399,574),(410,575),(409,590),(398,589)
ack 0.0 bounds: (433,578),(452,580),(450,595),(432,593)
ocridt 0.0 bounds: (225,571),(247,572),(247,583),(225,582)
pn 0.0 bounds: (249,572),(256,572),(256,582),(249,582)
ా 0.0 bounds: (284,591),(307,592),(305,621),(282,620)
రిోమేంటో 0.0 bounds: (309,592),(427,598),(425,628),(307,622)
