ULTRA
THE LOA G
DKM
G.VENKATESH& SO
Mob: 8722737
Omni
 0.0 bounds: (51,127),(662,127),(662,469),(51,469)
ULTRA 0.0 bounds: (86,127),(189,210),(160,246),(57,163)
THE 0.0 bounds: (55,170),(87,192),(84,197),(52,175)
LOA 0.0 bounds: (93,191),(118,208),(111,219),(86,202)
G 0.0 bounds: (125,213),(128,215),(122,225),(118,223)
DKM 0.0 bounds: (456,364),(515,349),(518,361),(459,376)
G.VENKATESH& 0.0 bounds: (79,349),(137,360),(134,375),(76,364)
SO 0.0 bounds: (139,360),(145,361),(142,376),(136,375)
Mob: 0.0 bounds: (456,391),(476,386),(479,397),(459,403)
8722737 0.0 bounds: (478,385),(509,377),(512,388),(481,397)
Omni 0.0 bounds: (620,460),(659,449),(661,458),(622,469)
