BPO JOB
PHILIPS
olive
dener
00
The a NTVA yet
EVERYTHING
glasglow
र
Fre r
85500 123 00
Hi-FI
COMRR
UMBAIMCA
00518 36458
DRECT FNAL ELA
SOWDAM-AEAD
Mon A
NAMCA
9518 16458
 0.0 bounds: (242,193),(877,193),(877,646),(242,646)
BPO 0.0 bounds: (835,193),(857,193),(857,202),(835,202)
JOB 0.0 bounds: (859,194),(870,194),(870,203),(859,203)
PHILIPS 0.0 bounds: (470,244),(508,241),(508,249),(471,252)
olive 0.0 bounds: (360,248),(418,248),(418,266),(360,266)
dener 0.0 bounds: (358,270),(382,269),(382,274),(358,275)
00 0.0 bounds: (495,264),(514,262),(515,277),(496,279)
The 0.0 bounds: (357,282),(363,282),(363,284),(357,284)
a 0.0 bounds: (369,283),(372,283),(372,285),(369,285)
NTVA 0.0 bounds: (382,281),(405,281),(405,284),(382,284)
yet 0.0 bounds: (419,280),(426,280),(426,284),(419,284)
EVERYTHING 0.0 bounds: (372,286),(419,287),(419,294),(372,293)
glasglow 0.0 bounds: (361,325),(423,322),(424,337),(362,340)
र 0.0 bounds: (270,340),(243,328),(246,320),(274,332)
Fre 0.0 bounds: (361,342),(369,342),(369,346),(361,346)
r 0.0 bounds: (390,341),(400,341),(400,345),(390,345)
85500 0.0 bounds: (813,341),(846,341),(846,360),(813,360)
123 0.0 bounds: (848,341),(863,341),(863,360),(848,360)
00 0.0 bounds: (865,341),(877,341),(877,360),(865,360)
Hi-FI 0.0 bounds: (466,421),(486,421),(486,427),(466,427)
COMRR 0.0 bounds: (381,534),(409,535),(409,539),(381,538)
UMBAIMCA 0.0 bounds: (782,535),(808,536),(808,541),(782,540)
00518 0.0 bounds: (771,555),(790,556),(789,565),(770,564)
36458 0.0 bounds: (792,556),(812,557),(811,567),(791,566)
DRECT 0.0 bounds: (775,569),(788,570),(787,578),(774,577)
FNAL 0.0 bounds: (790,570),(800,571),(799,579),(789,578)
ELA 0.0 bounds: (803,572),(812,573),(811,580),(802,579)
SOWDAM-AEAD 0.0 bounds: (243,606),(291,565),(301,577),(253,618)
Mon 0.0 bounds: (775,595),(787,596),(787,602),(775,601)
A 0.0 bounds: (803,597),(815,598),(815,604),(803,603)
NAMCA 0.0 bounds: (791,610),(813,612),(812,617),(791,615)
9518 0.0 bounds: (779,629),(798,632),(796,643),(777,640)
16458 0.0 bounds: (800,632),(819,635),(817,646),(798,643)
