M
మనితో ఒబలో
PUNEET TEXTILE
Fa S
JUNCTION
r Fades
JUNCTION
50 Avenue Root Op n
Fena
 0.0 bounds: (3,100),(1028,100),(1028,404),(3,404)
M 0.0 bounds: (285,158),(318,149),(324,171),(291,180)
మనితో 0.0 bounds: (921,138),(961,124),(964,133),(924,147)
ఒబలో 0.0 bounds: (970,118),(1019,101),(1023,113),(974,130)
PUNEET 0.0 bounds: (927,157),(972,140),(976,152),(931,168)
TEXTILE 0.0 bounds: (977,138),(1023,121),(1027,133),(981,150)
Fa 0.0 bounds: (480,302),(490,306),(488,311),(478,308)
S 0.0 bounds: (504,311),(506,312),(504,317),(502,317)
JUNCTION 0.0 bounds: (87,364),(116,357),(117,362),(88,369)
r 0.0 bounds: (3,379),(11,379),(11,391),(3,391)
Fades 0.0 bounds: (10,380),(40,381),(40,392),(10,391)
JUNCTION 0.0 bounds: (178,364),(265,372),(263,393),(176,385)
50 0.0 bounds: (112,387),(122,388),(122,395),(112,394)
Avenue 0.0 bounds: (126,389),(148,390),(148,395),(126,394)
Root 0.0 bounds: (151,391),(167,392),(167,396),(151,395)
Op 0.0 bounds: (169,392),(183,393),(183,398),(169,397)
n 0.0 bounds: (185,393),(201,394),(201,397),(185,396)
Fena 0.0 bounds: (540,390),(565,391),(565,404),(540,403)
