25 YEAR OF
WEALTH CREATION.
EWEEK
SI MA AKGAIN SCHEME S
ANMITIAL
 0.0 bounds: (588,401),(984,401),(984,488),(588,488)
25 0.0 bounds: (602,415),(615,415),(615,426),(602,426)
YEAR 0.0 bounds: (627,415),(648,415),(648,424),(627,424)
OF 0.0 bounds: (652,415),(661,415),(661,423),(652,423)
WEALTH 0.0 bounds: (593,430),(627,429),(627,437),(593,438)
CREATION. 0.0 bounds: (631,429),(676,428),(676,437),(631,438)
EWEEK 0.0 bounds: (948,411),(981,402),(984,413),(951,422)
SI 0.0 bounds: (588,446),(601,446),(601,452),(588,452)
MA 0.0 bounds: (603,445),(609,445),(609,452),(603,452)
AKGAIN 0.0 bounds: (626,445),(648,444),(648,450),(626,451)
SCHEME 0.0 bounds: (650,444),(670,444),(670,450),(650,450)
S 0.0 bounds: (672,444),(674,444),(674,450),(672,450)
ANMITIAL 0.0 bounds: (593,480),(621,481),(621,488),(593,487)
