NCHI APE
CIETY LTD.,
Y WORLD
PE BLI SAREES WITH FOVT. REBATE
&TITAN
-20
pod
on tunsa
sonos
BHAVANE
A-ONE GOLI
మృతానా మొ
 0.0 bounds: (0,206),(1007,206),(1007,501),(0,501)
NCHI 0.0 bounds: (164,230),(238,228),(239,262),(165,264)
APE 0.0 bounds: (246,228),(295,226),(296,259),(247,261)
CIETY 0.0 bounds: (175,269),(238,267),(239,297),(176,299)
LTD., 0.0 bounds: (245,267),(298,265),(299,294),(246,296)
Y 0.0 bounds: (805,238),(810,238),(810,245),(805,245)
WORLD 0.0 bounds: (812,237),(831,236),(831,244),(812,245)
PE 0.0 bounds: (877,252),(896,245),(900,255),(881,262)
BLI 0.0 bounds: (899,243),(907,240),(912,251),(903,254)
SAREES 0.0 bounds: (910,238),(929,231),(933,242),(914,249)
WITH 0.0 bounds: (931,230),(943,225),(948,236),(935,241)
FOVT. 0.0 bounds: (946,224),(964,217),(968,228),(950,235)
REBATE 0.0 bounds: (966,216),(990,206),(995,218),(970,227)
&TITAN 0.0 bounds: (952,317),(1004,306),(1007,319),(955,330)
-20 0.0 bounds: (16,371),(78,379),(74,416),(11,408)
pod 0.0 bounds: (1,412),(21,413),(20,423),(0,422)
on 0.0 bounds: (1,424),(18,426),(17,437),(0,435)
tunsa 0.0 bounds: (19,427),(42,429),(41,437),(18,435)
sonos 0.0 bounds: (13,438),(38,439),(37,450),(12,449)
BHAVANE 0.0 bounds: (283,432),(316,431),(316,437),(283,438)
A-ONE 0.0 bounds: (646,435),(671,435),(671,442),(646,442)
GOLI 0.0 bounds: (678,434),(693,434),(693,442),(678,442)
మృతానా 0.0 bounds: (1,486),(45,485),(45,500),(1,501)
మొ 0.0 bounds: (57,484),(80,483),(80,497),(57,498)
