220 68 11 dA scOol.o.
ArN ADE
YA 220 611 KV GJ.S. SUB-E
R TRANSSSION CORPO
 0.0 bounds: (1,328),(142,328),(142,381),(1,381)
220 0.0 bounds: (4,328),(27,329),(26,343),(3,342)
68 0.0 bounds: (34,329),(46,329),(46,342),(34,342)
11 0.0 bounds: (48,330),(60,330),(60,343),(48,343)
dA 0.0 bounds: (62,330),(81,331),(80,345),(61,344)
scOol.o. 0.0 bounds: (83,331),(142,333),(141,347),(82,345)
ArN 0.0 bounds: (53,346),(106,347),(106,358),(53,357)
ADE 0.0 bounds: (118,348),(140,348),(140,359),(118,359)
YA 0.0 bounds: (1,357),(18,357),(18,370),(1,370)
220 0.0 bounds: (20,357),(39,357),(39,370),(20,370)
611 0.0 bounds: (41,357),(67,357),(67,370),(41,370)
KV 0.0 bounds: (68,360),(79,360),(79,369),(68,369)
GJ.S. 0.0 bounds: (89,358),(109,358),(109,371),(89,371)
SUB-E 0.0 bounds: (109,362),(131,362),(131,370),(109,370)
R 0.0 bounds: (8,370),(18,370),(18,380),(8,380)
TRANSSSION 0.0 bounds: (16,372),(92,373),(92,380),(16,379)
CORPO 0.0 bounds: (95,374),(129,375),(129,381),(95,380)
