এট भारत सरकार
TATA MINISTRY OF DEFENCE ulico LX
a GOVT OF INDIA
 0.0 bounds: (339,344),(577,344),(577,384),(339,384)
এট 0.0 bounds: (430,353),(449,351),(450,363),(431,365)
भारत 0.0 bounds: (453,351),(478,348),(479,358),(454,361)
सरकार 0.0 bounds: (484,348),(519,344),(520,355),(485,359)
TATA 0.0 bounds: (428,365),(453,363),(454,373),(429,375)
MINISTRY 0.0 bounds: (456,364),(483,361),(483,367),(457,370)
OF 0.0 bounds: (486,361),(492,360),(493,366),(487,367)
DEFENCE 0.0 bounds: (495,360),(521,358),(522,365),(496,367)
ulico 0.0 bounds: (525,357),(559,354),(560,363),(526,366)
LX 0.0 bounds: (564,356),(576,355),(577,361),(565,362)
a 0.0 bounds: (339,373),(346,372),(347,383),(340,384)
GOVT 0.0 bounds: (347,374),(368,372),(369,381),(348,383)
OF 0.0 bounds: (372,372),(382,371),(383,379),(373,380)
INDIA 0.0 bounds: (386,370),(409,368),(410,376),(387,378)
