132245 11
5118 L.
29
BlackBerry
htt
All Kinds oF
SONY
SAMSUNG
Mobielnoching LAVA
cucromax
LG
MI
COMPUTERISIA
MOBILL IPhone
SERVICE
VINAYAKI
SARTS
MOBILESERVICE
 0.0 bounds: (-4,84),(676,84),(676,582),(-4,582)
132245 0.0 bounds: (39,91),(89,87),(90,97),(40,101)
11 0.0 bounds: (109,86),(136,84),(137,93),(110,95)
5118 0.0 bounds: (35,98),(84,95),(84,105),(36,108)
L. 0.0 bounds: (104,95),(113,95),(113,104),(104,104)
29 0.0 bounds: (130,113),(233,108),(237,186),(134,191)
BlackBerry 0.0 bounds: (274,128),(365,114),(369,143),(278,157)
htt 0.0 bounds: (288,163),(338,155),(341,175),(291,183)
All 0.0 bounds: (87,192),(135,188),(137,222),(90,226)
Kinds 0.0 bounds: (137,188),(217,182),(219,217),(140,223)
oF 0.0 bounds: (225,182),(252,180),(254,214),(228,216)
SONY 0.0 bounds: (286,194),(346,187),(348,206),(288,213)
SAMSUNG 0.0 bounds: (278,220),(357,216),(358,236),(279,240)
Mobielnoching 0.0 bounds: (96,245),(278,242),(279,278),(97,281)
LAVA 0.0 bounds: (281,242),(344,241),(345,277),(282,278)
cucromax 0.0 bounds: (277,283),(348,281),(349,297),(278,299)
LG 0.0 bounds: (280,344),(343,341),(344,362),(281,365)
MI 0.0 bounds: (294,405),(326,404),(327,427),(295,428)
COMPUTERISIA 0.0 bounds: (60,426),(279,422),(280,487),(61,491)
MOBILL 0.0 bounds: (111,486),(257,494),(255,535),(109,527)
IPhone 0.0 bounds: (267,495),(341,499),(339,540),(265,536)
SERVICE 0.0 bounds: (56,544),(239,547),(238,582),(55,579)
VINAYAKI 0.0 bounds: (644,415),(676,416),(676,422),(644,421)
SARTS 0.0 bounds: (295,554),(343,554),(343,569),(295,569)
MOBILESERVICE 0.0 bounds: (50,141),(32,535),(-3,533),(15,139)
