HL OPEN FOR ALCO
on Town, Bongoion - PH: 080 65620022
TAJ PALACE
airtel
FUNCTION HALLE
Costact
MUE
AJ PALACE
11
ONVENTION
1HALL
Contact
9741727866
 0.0 bounds: (-1,73),(1012,73),(1012,550),(-1,550)
HL 0.0 bounds: (7,73),(38,89),(31,103),(0,87)
OPEN 0.0 bounds: (41,89),(58,98),(50,113),(33,104)
FOR 0.0 bounds: (60,100),(77,109),(70,123),(53,114)
ALCO 0.0 bounds: (78,109),(109,125),(102,139),(71,123)
on 0.0 bounds: (3,98),(8,101),(6,106),(0,103)
Town, 0.0 bounds: (11,100),(28,108),(24,117),(7,109)
Bongoion 0.0 bounds: (30,108),(58,121),(55,128),(27,115)
- 0.0 bounds: (59,127),(59,127),(59,127),(59,127)
PH: 0.0 bounds: (78,131),(93,138),(90,145),(75,138)
080 0.0 bounds: (95,139),(110,146),(107,153),(92,146)
65620022 0.0 bounds: (113,148),(149,165),(145,174),(109,157)
TAJ 0.0 bounds: (188,202),(202,202),(202,210),(188,210)
PALACE 0.0 bounds: (207,201),(244,202),(244,211),(207,210)
airtel 0.0 bounds: (265,211),(289,217),(287,226),(263,221)
FUNCTION 0.0 bounds: (179,211),(226,213),(226,225),(179,223)
HALLE 0.0 bounds: (228,213),(258,214),(258,225),(228,224)
Costact 0.0 bounds: (201,229),(225,230),(225,233),(201,232)
MUE 0.0 bounds: (257,275),(286,278),(284,290),(256,287)
AJ 0.0 bounds: (15,344),(61,344),(61,360),(15,360)
PALACE 0.0 bounds: (69,346),(135,346),(135,360),(69,360)
11 0.0 bounds: (922,458),(1012,488),(992,550),(901,520)
ONVENTION 0.0 bounds: (44,374),(124,374),(124,383),(44,383)
1HALL 0.0 bounds: (60,390),(94,389),(94,397),(60,398)
Contact 0.0 bounds: (42,410),(108,412),(108,424),(42,422)
9741727866 0.0 bounds: (25,431),(124,431),(124,448),(25,448)
