MOVERS
SILVER SPOO
CORPORATE OFFICE
REGISTERED OFFICE
LA T n
GUDDI rhe
 0.0 bounds: (4,193),(620,193),(620,447),(4,447)
MOVERS 0.0 bounds: (11,193),(60,204),(56,221),(7,211)
SILVER 0.0 bounds: (568,339),(592,337),(593,346),(569,348)
SPOO 0.0 bounds: (596,336),(619,334),(620,343),(597,345)
CORPORATE 0.0 bounds: (4,379),(35,379),(35,384),(4,384)
OFFICE 0.0 bounds: (38,379),(54,379),(54,384),(38,384)
REGISTERED 0.0 bounds: (6,415),(38,413),(38,420),(6,422)
OFFICE 0.0 bounds: (41,415),(57,414),(57,419),(41,420)
LA 0.0 bounds: (6,434),(21,433),(21,439),(6,440)
T 0.0 bounds: (30,437),(35,437),(35,439),(30,439)
n 0.0 bounds: (45,433),(49,433),(49,438),(45,438)
GUDDI 0.0 bounds: (497,436),(524,436),(524,446),(497,446)
rhe 0.0 bounds: (528,434),(539,434),(539,447),(528,447)
