7 9112
AMAJ PARTY
ANGAL
FOLLOW
TRAFFIC RULES
 0.0 bounds: (0,370),(567,370),(567,431),(0,431)
7 0.0 bounds: (65,370),(78,372),(75,391),(63,389)
9112 0.0 bounds: (86,373),(120,377),(117,396),(84,392)
AMAJ 0.0 bounds: (4,378),(50,387),(47,405),(0,396)
PARTY 0.0 bounds: (46,386),(93,396),(89,413),(42,404)
ANGAL 0.0 bounds: (3,396),(30,399),(28,411),(2,408)
FOLLOW 0.0 bounds: (538,415),(557,415),(557,421),(538,421)
TRAFFIC 0.0 bounds: (529,426),(548,426),(548,431),(529,431)
RULES 0.0 bounds: (551,425),(567,425),(567,431),(551,431)
