MATTING
Sleepiwell
CIES
u ud un
TED ANGLE EL.
RAHULEN ERPRISES
INGLESF
CARGO TAR AULIN INouSTRES
RAHUL
ENTERPRISES
Amstrong
BEAU
FUOR
 0.0 bounds: (0,132),(527,132),(527,438),(0,438)
MATTING 0.0 bounds: (228,132),(292,171),(285,183),(221,144)
Sleepiwell 0.0 bounds: (435,248),(495,285),(480,310),(420,273)
CIES 0.0 bounds: (14,132),(95,165),(82,199),(0,165)
u 0.0 bounds: (382,256),(408,271),(405,277),(379,262)
ud 0.0 bounds: (431,284),(438,288),(434,296),(427,292)
un 0.0 bounds: (441,290),(460,301),(456,309),(437,298)
TED 0.0 bounds: (3,169),(19,176),(17,183),(0,175)
ANGLE 0.0 bounds: (23,177),(50,189),(47,195),(20,183)
EL. 0.0 bounds: (53,188),(69,195),(65,204),(49,197)
RAHULEN 0.0 bounds: (179,217),(264,253),(256,271),(171,235)
ERPRISES 0.0 bounds: (265,254),(322,278),(314,297),(257,272)
INGLESF 0.0 bounds: (26,175),(57,188),(53,197),(22,184)
CARGO 0.0 bounds: (382,314),(424,332),(417,349),(375,332)
TAR 0.0 bounds: (427,333),(445,341),(438,358),(420,351)
AULIN 0.0 bounds: (451,343),(480,355),(472,373),(444,361)
INouSTRES 0.0 bounds: (482,355),(527,374),(519,393),(474,374)
RAHUL 0.0 bounds: (59,363),(88,367),(86,380),(57,376)
ENTERPRISES 0.0 bounds: (43,372),(102,383),(99,399),(40,389)
Amstrong 0.0 bounds: (51,402),(94,407),(92,420),(49,415)
BEAU 0.0 bounds: (37,416),(66,419),(65,430),(36,427)
FUOR 0.0 bounds: (43,426),(65,428),(64,438),(42,436)
