SWASTIK ČIRCLE
BASAVESRA CLE T VIDHANA SOUOHA T
de dare
DACE COURSE
బ
nieON CIRCLE
ఎం 2 రోి
TMG ROAD
SHESHADRIPURAM
JGANDHI
O SEGOLLEGE
ON OPEN
 0.0 bounds: (237,186),(697,186),(697,300),(237,300)
SWASTIK 0.0 bounds: (237,187),(264,186),(264,197),(237,198)
ČIRCLE 0.0 bounds: (267,187),(288,186),(288,194),(267,195)
BASAVESRA 0.0 bounds: (317,187),(359,188),(359,198),(317,197)
CLE 0.0 bounds: (361,188),(377,188),(377,199),(361,199)
T 0.0 bounds: (380,189),(386,189),(386,196),(380,196)
VIDHANA 0.0 bounds: (391,189),(419,190),(419,199),(391,198)
SOUOHA 0.0 bounds: (421,189),(447,190),(447,200),(421,199)
T 0.0 bounds: (450,191),(455,191),(455,198),(450,198)
de 0.0 bounds: (318,198),(335,199),(335,208),(318,207)
dare 0.0 bounds: (341,201),(365,202),(365,208),(341,207)
DACE 0.0 bounds: (321,207),(336,208),(336,216),(321,215)
COURSE 0.0 bounds: (338,208),(359,209),(359,216),(338,215)
బ 0.0 bounds: (468,190),(477,190),(477,199),(468,199)
nieON 0.0 bounds: (607,198),(623,198),(623,205),(607,205)
CIRCLE 0.0 bounds: (626,198),(647,198),(647,205),(626,205)
ఎం 0.0 bounds: (379,201),(401,201),(401,211),(379,211)
2 0.0 bounds: (406,204),(411,204),(411,209),(406,209)
రోి 0.0 bounds: (417,203),(428,203),(428,211),(417,211)
TMG 0.0 bounds: (379,209),(405,210),(405,219),(379,218)
ROAD 0.0 bounds: (409,210),(430,211),(430,219),(409,218)
SHESHADRIPURAM 0.0 bounds: (237,205),(291,206),(291,215),(237,214)
JGANDHI 0.0 bounds: (668,217),(697,217),(697,224),(668,224)
O 0.0 bounds: (512,279),(520,279),(520,289),(512,289)
SEGOLLEGE 0.0 bounds: (545,279),(598,280),(598,291),(545,290)
ON 0.0 bounds: (561,293),(579,293),(579,300),(561,300)
OPEN 0.0 bounds: (582,296),(600,296),(600,299),(582,299)
