Camm
Ph:6507615/6520390
Shivajinagar
Ulsoor Lake
Jayamahal
B-TRAC
IRE MANO AGENCIES
PARKLE
 0.0 bounds: (0,30),(508,30),(508,303),(0,303)
Camm 0.0 bounds: (353,30),(405,50),(398,69),(346,49)
Ph:6507615/6520390 0.0 bounds: (355,56),(508,111),(502,130),(348,75)
Shivajinagar 0.0 bounds: (11,125),(59,141),(54,159),(5,143)
Ulsoor 0.0 bounds: (11,144),(35,151),(31,164),(7,156)
Lake 0.0 bounds: (37,153),(52,158),(49,170),(33,165)
Jayamahal 0.0 bounds: (5,163),(47,173),(43,187),(2,177)
B-TRAC 0.0 bounds: (3,179),(39,188),(36,198),(0,189)
IRE 0.0 bounds: (326,239),(338,238),(338,245),(326,246)
MANO 0.0 bounds: (338,239),(352,238),(352,245),(338,246)
AGENCIES 0.0 bounds: (355,239),(378,238),(378,243),(355,244)
PARKLE 0.0 bounds: (334,291),(363,291),(363,303),(334,303)
