ARAE A
Ea1012
# 1004 CUB SETICONOUCTOR NDA PI
NINETH FLOOR
admissions
తేస్విజో పా
Y AXIS
# 912 e
AXIS
YAXIS
s0fomeries t
LNES
India's No
1& Visa Consultant
906 nichieon socON ONCA P aO
902 PARAMIOUNTCOSMETICS(HLID
ES Air-Condition & Refrigeration Pet.Lad
EUROPE STUDY CENTRE
tn Sere
 0.0 bounds: (-1,-1),(912,-1),(912,437),(-1,437)
ARAE 0.0 bounds: (3,184),(33,193),(29,204),(0,194)
A 0.0 bounds: (36,195),(42,197),(38,207),(33,205)
Ea1012 0.0 bounds: (602,21),(623,7),(628,15),(607,29)
# 0.0 bounds: (638,67),(644,63),(648,69),(642,73)
1004 0.0 bounds: (646,62),(667,49),(671,56),(650,69)
CUB 0.0 bounds: (672,47),(688,37),(692,44),(676,54)
SETICONOUCTOR 0.0 bounds: (690,34),(725,12),(729,19),(694,41)
NDA 0.0 bounds: (726,12),(736,6),(740,12),(730,18)
PI 0.0 bounds: (739,4),(745,0),(749,6),(743,10)
NINETH 0.0 bounds: (651,72),(698,42),(704,51),(656,80)
FLOOR 0.0 bounds: (713,33),(748,11),(753,20),(718,41)
admissions 0.0 bounds: (0,342),(45,314),(52,326),(7,354)
తేస్విజో 0.0 bounds: (259,277),(314,258),(322,281),(267,301)
పా 0.0 bounds: (332,261),(361,251),(367,266),(337,276)
Y 0.0 bounds: (243,319),(255,315),(261,333),(249,337)
AXIS 0.0 bounds: (263,312),(296,301),(302,319),(269,330)
# 0.0 bounds: (666,111),(669,109),(673,114),(669,116)
912 0.0 bounds: (674,106),(684,100),(687,105),(677,111)
e 0.0 bounds: (779,40),(787,35),(791,40),(782,45)
AXIS 0.0 bounds: (1,415),(50,385),(64,407),(15,437)
YAXIS 0.0 bounds: (89,368),(151,374),(150,386),(88,380)
s0fomeries 0.0 bounds: (852,37),(891,13),(896,21),(857,45)
t 0.0 bounds: (893,13),(908,4),(912,10),(897,19)
LNES 0.0 bounds: (109,383),(166,383),(166,394),(109,394)
India's 0.0 bounds: (320,302),(343,295),(345,302),(322,310)
No 0.0 bounds: (345,292),(359,287),(363,298),(348,302)
1& 0.0 bounds: (396,275),(409,270),(413,280),(399,284)
Visa 0.0 bounds: (411,270),(419,267),(423,276),(414,279)
Consultant 0.0 bounds: (422,267),(450,257),(453,263),(424,274)
906 0.0 bounds: (686,159),(701,150),(704,156),(689,164)
nichieon 0.0 bounds: (703,146),(732,129),(737,136),(708,154)
socON 0.0 bounds: (734,128),(751,118),(755,125),(738,135)
ONCA 0.0 bounds: (765,110),(787,97),(791,104),(769,117)
P 0.0 bounds: (791,97),(804,89),(806,94),(794,101)
aO 0.0 bounds: (805,88),(819,80),(821,84),(808,92)
902 0.0 bounds: (701,182),(714,174),(716,178),(704,186)
PARAMIOUNTCOSMETICS(HLID 0.0 bounds: (714,169),(820,104),(824,112),(719,177)
ES 0.0 bounds: (704,193),(712,188),(715,194),(708,199)
Air-Condition 0.0 bounds: (716,187),(762,159),(767,167),(721,195)
& 0.0 bounds: (767,158),(772,155),(775,159),(770,162)
Refrigeration 0.0 bounds: (775,151),(813,128),(817,136),(780,159)
Pet.Lad 0.0 bounds: (816,127),(836,115),(840,120),(819,132)
EUROPE 0.0 bounds: (731,199),(766,178),(770,185),(735,206)
STUDY 0.0 bounds: (771,176),(802,158),(805,164),(775,182)
CENTRE 0.0 bounds: (805,154),(838,134),(843,141),(809,161)
tn 0.0 bounds: (780,180),(801,168),(804,173),(783,185)
Sere 0.0 bounds: (803,167),(819,158),(822,163),(806,172)
