Exoctite
EXIDELIFE
Insurance
RELIANCE
RELIANCE
38YOUR HEART.
CHEMICAL FREE
Deusche Bank
18A
SUZI
 0.0 bounds: (64,-1),(951,-1),(951,679),(64,679)
Exoctite 0.0 bounds: (855,-1),(883,12),(878,23),(850,10)
EXIDELIFE 0.0 bounds: (755,13),(814,4),(816,16),(757,26)
Insurance 0.0 bounds: (751,25),(797,20),(797,27),(752,32)
RELIANCE 0.0 bounds: (911,91),(951,107),(947,116),(907,100)
RELIANCE 0.0 bounds: (636,142),(673,122),(677,129),(640,149)
38YOUR 0.0 bounds: (266,274),(325,280),(323,294),(265,288)
HEART. 0.0 bounds: (329,284),(376,289),(375,299),(328,294)
CHEMICAL 0.0 bounds: (312,335),(347,337),(347,347),(312,345)
FREE 0.0 bounds: (349,336),(364,337),(364,347),(349,346)
Deusche 0.0 bounds: (64,404),(109,404),(109,416),(64,416)
Bank 0.0 bounds: (113,404),(134,404),(134,416),(113,416)
18A 0.0 bounds: (69,463),(93,463),(93,482),(69,482)
SUZI 0.0 bounds: (279,664),(311,667),(310,679),(278,676)
