ARSIDH
Yesid's
SAREE
UDYOG
(P) LTD
瓜/
TATA
Indigo CS
 0.0 bounds: (33,199),(858,199),(858,586),(33,586)
ARSIDH 0.0 bounds: (50,199),(162,260),(146,290),(34,229)
Yesid's 0.0 bounds: (635,294),(690,292),(690,302),(635,305)
SAREE 0.0 bounds: (759,294),(797,281),(800,291),(763,304)
UDYOG 0.0 bounds: (758,313),(800,298),(806,313),(763,328)
(P) 0.0 bounds: (758,331),(779,325),(783,339),(762,345)
LTD 0.0 bounds: (780,328),(804,321),(807,331),(783,339)
瓜 0.0 bounds: (827,329),(842,324),(845,333),(830,338)
/ 0.0 bounds: (844,323),(854,320),(858,329),(847,332)
TATA 0.0 bounds: (497,582),(517,582),(517,585),(497,585)
Indigo 0.0 bounds: (583,576),(613,576),(613,586),(583,586)
CS 0.0 bounds: (615,576),(626,576),(626,586),(615,586)
