BENGALURU CANCE
Int POLYCLINIC DIABETES R
FAUNDER D. HANEMAN's KONAIS
Seniasa Colony Nar KH Doub
we d
DOORITHI
AMBULANCE
HC
Phone:
33669999
 0.0 bounds: (29,135),(1027,135),(1027,495),(29,495)
BENGALURU 0.0 bounds: (893,208),(967,166),(975,181),(901,223)
CANCE 0.0 bounds: (969,163),(1018,135),(1027,151),(978,179)
Int 0.0 bounds: (896,228),(915,217),(924,234),(905,245)
POLYCLINIC 0.0 bounds: (917,216),(964,190),(973,207),(926,233)
DIABETES 0.0 bounds: (970,192),(1009,170),(1016,183),(977,204)
R 0.0 bounds: (1012,169),(1016,167),(1023,179),(1019,181)
FAUNDER 0.0 bounds: (927,233),(953,221),(956,227),(930,239)
D. 0.0 bounds: (954,220),(959,217),(962,223),(957,225)
HANEMAN's 0.0 bounds: (961,216),(995,200),(998,208),(964,223)
KONAIS 0.0 bounds: (997,197),(1019,187),(1023,197),(1002,207)
Seniasa 0.0 bounds: (929,239),(953,229),(957,239),(933,249)
Colony 0.0 bounds: (955,229),(971,222),(976,232),(959,239)
Nar 0.0 bounds: (973,220),(988,214),(992,225),(978,231)
KH 0.0 bounds: (989,212),(1001,207),(1005,217),(993,222)
Doub 0.0 bounds: (1004,206),(1019,200),(1023,211),(1009,217)
we 0.0 bounds: (29,368),(40,369),(40,376),(29,375)
d 0.0 bounds: (59,369),(62,369),(62,376),(59,376)
DOORITHI 0.0 bounds: (809,251),(869,220),(877,237),(818,268)
AMBULANCE 0.0 bounds: (90,446),(138,452),(136,465),(88,459)
HC 0.0 bounds: (67,457),(97,459),(96,476),(66,474)
Phone: 0.0 bounds: (201,467),(237,471),(235,482),(200,478)
33669999 0.0 bounds: (185,477),(246,482),(245,494),(184,489)
