Klamet
CENTAL CUNC
kRERIFILI
DIGHFAL LAD
HOTEL
GO KUL
VINOD CAP MART
O nty
STU
 0.0 bounds: (54,146),(980,146),(980,439),(54,439)
Klamet 0.0 bounds: (652,216),(689,212),(690,225),(653,229)
CENTAL 0.0 bounds: (645,228),(672,225),(673,236),(646,239)
CUNC 0.0 bounds: (675,225),(696,223),(697,232),(676,235)
kRERIFILI 0.0 bounds: (646,239),(672,236),(673,243),(647,246)
DIGHFAL 0.0 bounds: (879,192),(936,164),(944,181),(887,209)
LAD 0.0 bounds: (942,161),(971,147),(979,164),(950,178)
HOTEL 0.0 bounds: (58,293),(92,303),(88,315),(54,305)
GO 0.0 bounds: (277,312),(297,314),(296,324),(276,322)
KUL 0.0 bounds: (300,312),(329,314),(328,327),(299,325)
VINOD 0.0 bounds: (813,374),(852,363),(856,381),(818,391)
CAP 0.0 bounds: (859,363),(884,356),(889,373),(863,379)
MART 0.0 bounds: (888,355),(930,343),(935,361),(893,372)
O 0.0 bounds: (870,380),(877,378),(879,385),(872,387)
nty 0.0 bounds: (909,370),(927,365),(929,372),(911,377)
STU 0.0 bounds: (676,423),(704,420),(705,436),(678,439)
