45
TH
वालानुबुलित 2ित्
REURING UEPOR SOENE AC TWOTER
UNNAT
13-18
Dreams and Needs Never Retire!
Secure Your Childs Future
Cotand
Recurring Deposit Account
For Children of Age of 1 Day to 18 Hars
 0.0 bounds: (0,177),(403,177),(403,667),(0,667)
45 0.0 bounds: (3,177),(25,179),(22,218),(0,216)
TH 0.0 bounds: (206,196),(221,198),(219,210),(204,208)
वालानुबुलित 0.0 bounds: (243,199),(347,217),(338,265),(235,247)
2ित् 0.0 bounds: (348,217),(403,226),(395,275),(340,265)
REURING 0.0 bounds: (112,238),(164,245),(161,270),(109,263)
UEPOR 0.0 bounds: (166,245),(194,249),(190,276),(162,272)
SOENE 0.0 bounds: (196,249),(229,254),(225,279),(192,275)
AC 0.0 bounds: (282,262),(319,267),(315,292),(279,287)
TWOTER 0.0 bounds: (321,266),(391,276),(388,302),(317,292)
UNNAT 0.0 bounds: (133,216),(197,226),(194,247),(130,238)
13-18 0.0 bounds: (92,304),(115,304),(115,317),(92,317)
Dreams 0.0 bounds: (140,489),(227,469),(233,497),(147,517)
and 0.0 bounds: (228,466),(261,458),(268,488),(235,496)
Needs 0.0 bounds: (268,457),(311,447),(318,478),(275,488)
Never 0.0 bounds: (318,450),(355,441),(360,462),(323,470)
Retire! 0.0 bounds: (359,441),(394,433),(398,451),(363,459)
Secure 0.0 bounds: (150,524),(232,500),(241,534),(160,558)
Your 0.0 bounds: (240,498),(281,486),(291,520),(250,532)
Childs 0.0 bounds: (289,488),(342,473),(349,497),(296,512)
Future 0.0 bounds: (347,472),(388,460),(394,480),(353,492)
Cotand 0.0 bounds: (288,529),(335,512),(339,525),(292,541)
Recurring 0.0 bounds: (63,605),(144,576),(153,603),(72,631)
Deposit 0.0 bounds: (151,574),(207,554),(216,581),(160,600)
Account 0.0 bounds: (209,554),(260,536),(269,563),(218,580)
For 0.0 bounds: (48,649),(73,639),(80,657),(55,667)
Children 0.0 bounds: (76,638),(127,618),(134,636),(83,656)
of 0.0 bounds: (129,618),(142,613),(149,630),(136,635)
Age 0.0 bounds: (144,612),(167,603),(174,620),(151,629)
of 0.0 bounds: (170,602),(180,598),(187,615),(177,619)
1 0.0 bounds: (183,597),(190,594),(196,611),(190,614)
Day 0.0 bounds: (191,594),(209,587),(215,604),(198,611)
to 0.0 bounds: (211,586),(220,582),(227,599),(218,603)
18 0.0 bounds: (223,582),(233,578),(240,595),(230,599)
Hars 0.0 bounds: (235,577),(259,568),(266,584),(242,594)
