RAINBOW ADVERTISING
CONTACT : FOR NEON SIGN
22244318 | 42110055
RAJ DIAMONDS
TONCELL NN
DO NOT DRINK AND DRIVE
SALE S, LE SE LESALE SAi *-
 0.0 bounds: (1,186),(371,186),(371,472),(1,472)
RAINBOW 0.0 bounds: (11,191),(68,189),(68,199),(11,201)
ADVERTISING 0.0 bounds: (74,189),(151,186),(151,195),(74,198)
CONTACT 0.0 bounds: (27,202),(64,200),(65,211),(28,213)
: 0.0 bounds: (70,200),(75,200),(76,210),(71,210)
FOR 0.0 bounds: (74,200),(90,199),(91,210),(75,211)
NEON 0.0 bounds: (94,199),(115,198),(115,208),(95,209)
SIGN 0.0 bounds: (119,199),(137,198),(137,206),(119,207)
22244318 0.0 bounds: (1,212),(75,209),(76,226),(2,229)
| 0.0 bounds: (82,209),(86,209),(87,225),(83,225)
42110055 0.0 bounds: (88,209),(166,206),(167,222),(89,225)
RAJ 0.0 bounds: (167,194),(187,192),(188,202),(168,204)
DIAMONDS 0.0 bounds: (192,194),(256,189),(256,198),(193,203)
TONCELL 0.0 bounds: (301,281),(337,298),(333,307),(297,290)
NN 0.0 bounds: (345,300),(371,313),(366,323),(340,311)
DO 0.0 bounds: (44,395),(55,395),(55,401),(44,401)
NOT 0.0 bounds: (57,394),(65,394),(65,400),(57,400)
DRINK 0.0 bounds: (68,394),(84,393),(84,399),(68,400)
AND 0.0 bounds: (89,393),(99,393),(99,399),(89,399)
DRIVE 0.0 bounds: (102,392),(118,391),(118,398),(102,399)
SALE 0.0 bounds: (3,459),(32,457),(33,470),(4,472)
S, 0.0 bounds: (38,461),(48,460),(49,468),(39,469)
LE 0.0 bounds: (55,456),(67,455),(68,466),(56,467)
SE 0.0 bounds: (77,453),(99,451),(100,464),(78,466)
LESALE 0.0 bounds: (101,451),(148,447),(149,460),(102,464)
SAi 0.0 bounds: (152,447),(171,446),(172,459),(153,460)
*- 0.0 bounds: (177,445),(198,443),(199,456),(178,458)
