SEA
citibank
RUGS &RICHES
SSOUND
HORN
पतजि ीकि
-JI-AF
 0.0 bounds: (14,330),(1002,330),(1002,522),(14,522)
SEA 0.0 bounds: (47,330),(70,335),(68,342),(46,337)
citibank 0.0 bounds: (678,374),(746,374),(746,390),(678,390)
RUGS 0.0 bounds: (772,374),(847,372),(848,400),(773,402)
&RICHES 0.0 bounds: (858,372),(1001,369),(1001,395),(859,398)
SSOUND 0.0 bounds: (16,410),(54,415),(52,429),(14,424)
HORN 0.0 bounds: (115,424),(158,430),(156,442),(113,436)
पतजि 0.0 bounds: (936,509),(974,511),(973,520),(936,518)
ीकि 0.0 bounds: (975,511),(988,512),(987,522),(974,521)
-JI-AF 0.0 bounds: (43,472),(86,475),(85,486),(42,483)
