INFANT
INEANT
THE ICON
255P516125508740
2559516 2558740
 0.0 bounds: (328,353),(633,353),(633,392),(328,392)
INFANT 0.0 bounds: (328,358),(405,357),(405,379),(328,380)
INEANT 0.0 bounds: (532,353),(633,353),(633,382),(532,382)
THE 0.0 bounds: (471,365),(487,365),(487,374),(471,374)
ICON 0.0 bounds: (489,365),(502,365),(502,374),(489,374)
255P516125508740 0.0 bounds: (334,381),(407,382),(407,391),(334,390)
2559516 0.0 bounds: (536,378),(582,380),(582,390),(536,388)
2558740 0.0 bounds: (588,380),(633,382),(633,392),(588,390)
