TIN2L50
SHELLERS
eliurA MARSO ENE R ANGALORE-5W002
 0.0 bounds: (665,-7),(884,-7),(884,242),(665,242)
TIN2L50 0.0 bounds: (848,14),(873,-6),(883,7),(859,27)
SHELLERS 0.0 bounds: (686,155),(778,34),(804,54),(711,174)
eliurA 0.0 bounds: (665,232),(685,209),(697,219),(677,242)
MARSO 0.0 bounds: (686,206),(702,187),(715,198),(699,217)
ENE 0.0 bounds: (709,179),(741,142),(754,153),(722,190)
R 0.0 bounds: (745,142),(748,139),(760,149),(757,152)
ANGALORE-5W002 0.0 bounds: (756,126),(812,61),(826,73),(770,138)
