Chac
Ns BRACELETS GIMSTON
Panganata Manon
మిళనాల్జ గల్ అవరింగా
Meenakshi
Gold (oreridecete రిe తేమెల జ్యూయలర రానా
O SRI Kamala
JEWELLERY HOUSE
Larmi Chains DAS odae
Teming Jeellery
21.K Miosl Patd ewlery
aeilery
CHANSA BRACELES
2FLOOR
DON TSTETAT
Burs
V. AMANTHAPAMANAHAAH & SON
JEWELLERS
JEWILLIIS
ridal jewellery
dur
Astic Jewellery
RANGANATHA MANSION
Specialist in all guntd coveringilery
DE DE 1G G
AEDIMRA V E
 0.0 bounds: (0,-7),(1031,-7),(1031,680),(0,680)
Chac 0.0 bounds: (982,-7),(1031,22),(1012,55),(963,26)
Ns 0.0 bounds: (918,0),(934,10),(932,14),(915,4)
BRACELETS 0.0 bounds: (939,6),(984,33),(977,45),(932,18)
GIMSTON 0.0 bounds: (995,41),(1029,62),(1023,73),(988,52)
Panganata 0.0 bounds: (874,194),(909,206),(905,218),(870,206)
Manon 0.0 bounds: (911,206),(933,213),(929,226),(907,218)
మిళనాల్జ 0.0 bounds: (191,129),(241,141),(237,154),(188,142)
గల్ 0.0 bounds: (246,143),(280,151),(277,164),(243,156)
అవరింగా 0.0 bounds: (283,152),(321,161),(318,174),(280,165)
Meenakshi 0.0 bounds: (211,152),(342,183),(336,212),(204,181)
Gold 0.0 bounds: (188,186),(224,194),(223,198),(187,190)
(oreridecete 0.0 bounds: (233,183),(354,210),(349,232),(228,205)
రిe 0.0 bounds: (390,218),(413,223),(409,245),(385,239)
తేమెల 0.0 bounds: (417,224),(480,238),(475,261),(412,246)
జ్యూయలర 0.0 bounds: (492,241),(557,255),(553,276),(487,262)
రానా 0.0 bounds: (562,256),(605,266),(600,288),(557,278)
O 0.0 bounds: (415,254),(432,257),(426,291),(409,289)
SRI 0.0 bounds: (434,257),(467,262),(461,298),(428,293)
Kamala 0.0 bounds: (470,263),(609,286),(603,321),(464,299)
JEWELLERY 0.0 bounds: (459,301),(551,315),(549,331),(457,318)
HOUSE 0.0 bounds: (561,317),(616,325),(614,344),(558,336)
Larmi 0.0 bounds: (821,331),(857,338),(855,353),(818,346)
Chains 0.0 bounds: (863,339),(897,345),(895,360),(860,354)
DAS 0.0 bounds: (909,348),(924,351),(921,367),(906,364)
odae 0.0 bounds: (928,351),(988,362),(985,376),(925,365)
Teming 0.0 bounds: (243,215),(266,218),(264,229),(241,226)
Jeellery 0.0 bounds: (268,219),(293,223),(291,233),(267,229)
21.K 0.0 bounds: (240,226),(257,229),(255,237),(239,234)
Miosl 0.0 bounds: (260,230),(285,235),(283,242),(259,238)
Patd 0.0 bounds: (293,236),(306,238),(304,246),(292,244)
ewlery 0.0 bounds: (308,239),(330,243),(328,251),(307,247)
aeilery 0.0 bounds: (238,235),(277,247),(275,253),(236,242)
CHANSA 0.0 bounds: (827,349),(854,353),(852,363),(825,359)
BRACELES 0.0 bounds: (856,353),(883,357),(881,367),(854,363)
2FLOOR 0.0 bounds: (842,363),(869,366),(868,371),(841,368)
DON 0.0 bounds: (988,391),(955,386),(958,373),(990,378)
TSTETAT 0.0 bounds: (953,385),(903,377),(905,364),(955,372)
Burs 0.0 bounds: (987,391),(1015,393),(1014,402),(986,400)
V. 0.0 bounds: (661,332),(676,334),(673,351),(658,349)
AMANTHAPAMANAHAAH 0.0 bounds: (678,334),(783,350),(780,368),(675,352)
& 0.0 bounds: (784,351),(788,352),(785,368),(781,368)
SON 0.0 bounds: (790,352),(803,354),(800,372),(787,370)
JEWELLERS 0.0 bounds: (704,359),(769,369),(767,381),(702,371)
JEWILLIIS 0.0 bounds: (925,385),(970,392),(968,405),(923,398)
ridal 0.0 bounds: (239,250),(255,253),(254,257),(238,254)
jewellery 0.0 bounds: (257,253),(282,258),(281,264),(256,259)
dur 0.0 bounds: (824,371),(838,372),(837,380),(823,379)
Astic 0.0 bounds: (238,261),(251,263),(250,269),(237,267)
Jewellery 0.0 bounds: (252,264),(278,269),(276,275),(251,270)
RANGANATHA 0.0 bounds: (811,379),(861,384),(859,396),(810,391)
MANSION 0.0 bounds: (865,385),(893,388),(892,399),(864,396)
Specialist 0.0 bounds: (218,269),(247,274),(245,282),(217,277)
in 0.0 bounds: (250,277),(255,278),(254,281),(250,280)
all 0.0 bounds: (257,277),(264,278),(263,282),(256,281)
guntd 0.0 bounds: (266,276),(309,283),(308,293),(264,286)
coveringilery 0.0 bounds: (312,285),(362,293),(361,300),(311,292)
DE 0.0 bounds: (328,659),(283,661),(282,641),(327,639)
DE 0.0 bounds: (260,663),(181,666),(180,643),(259,640)
1G 0.0 bounds: (146,666),(78,668),(77,645),(145,643)
G 0.0 bounds: (57,669),(2,671),(1,649),(56,647)
AEDIMRA 0.0 bounds: (59,676),(133,671),(133,675),(59,680)
V 0.0 bounds: (167,666),(170,666),(171,675),(168,675)
E 0.0 bounds: (190,664),(205,663),(206,672),(191,673)
