BMTC
Fabd soddade
AIC VEHICLE
TOLVO
NO HAND SIGNAL
 0.0 bounds: (385,128),(817,128),(817,353),(385,353)
BMTC 0.0 bounds: (492,137),(663,128),(664,158),(494,167)
Fabd 0.0 bounds: (541,284),(561,283),(561,296),(541,297)
soddade 0.0 bounds: (564,283),(604,282),(604,295),(564,296)
AIC 0.0 bounds: (752,288),(768,288),(768,296),(752,296)
VEHICLE 0.0 bounds: (772,287),(816,287),(816,296),(772,296)
TOLVO 0.0 bounds: (385,332),(485,327),(486,345),(386,350)
NO 0.0 bounds: (752,347),(762,347),(762,353),(752,353)
HAND 0.0 bounds: (766,346),(786,346),(786,353),(766,353)
SIGNAL 0.0 bounds: (790,346),(817,346),(817,353),(790,353)
