THE
GREAT
లేమెలా వేనోరిదో
GHICE
KAMLA PASAND
Na1 8
EN
RAN MASANA
SALE
WAANZNA EAA
విధాన
RLS
 0.0 bounds: (1,1),(996,1),(996,451),(1,451)
THE 0.0 bounds: (811,16),(841,1),(846,13),(817,28)
GREAT 0.0 bounds: (810,30),(856,7),(862,20),(816,43)
లేమెలా 0.0 bounds: (609,65),(644,57),(646,67),(611,75)
వేనోరిదో 0.0 bounds: (649,54),(693,44),(695,55),(651,65)
GHICE 0.0 bounds: (1,191),(31,187),(35,219),(5,223)
KAMLA 0.0 bounds: (285,146),(368,133),(373,167),(290,180)
PASAND 0.0 bounds: (372,131),(482,114),(487,149),(378,167)
Na1 0.0 bounds: (37,225),(60,223),(61,233),(38,235)
8 0.0 bounds: (76,221),(80,221),(81,231),(77,231)
EN 0.0 bounds: (1,238),(7,237),(8,246),(2,247)
RAN 0.0 bounds: (526,143),(543,141),(544,153),(527,155)
MASANA 0.0 bounds: (547,141),(575,138),(576,150),(548,153)
SALE 0.0 bounds: (836,92),(871,78),(875,89),(840,102)
WAANZNA 0.0 bounds: (213,230),(448,200),(454,247),(219,278)
EAA 0.0 bounds: (537,188),(701,167),(707,214),(543,235)
విధాన 0.0 bounds: (961,198),(995,195),(996,206),(962,209)
RLS 0.0 bounds: (889,443),(912,444),(912,451),(889,450)
