t OF PICE
edd qo e o dona e ed dona
mr r u R
MEMUT
 0.0 bounds: (832,370),(1002,370),(1002,406),(832,406)
t 0.0 bounds: (970,370),(974,370),(974,376),(970,376)
OF 0.0 bounds: (976,370),(981,370),(981,376),(976,376)
PICE 0.0 bounds: (983,370),(1001,370),(1001,376),(983,376)
edd 0.0 bounds: (832,388),(841,388),(841,392),(832,392)
qo 0.0 bounds: (845,388),(862,388),(862,393),(845,393)
e 0.0 bounds: (866,387),(868,387),(868,393),(866,393)
o 0.0 bounds: (882,387),(891,387),(891,393),(882,393)
dona 0.0 bounds: (914,388),(936,388),(936,393),(914,393)
e 0.0 bounds: (939,389),(963,389),(963,393),(939,393)
ed 0.0 bounds: (967,389),(975,389),(975,394),(967,394)
dona 0.0 bounds: (978,389),(1002,389),(1002,394),(978,394)
mr 0.0 bounds: (832,396),(848,396),(848,399),(832,399)
r 0.0 bounds: (864,395),(878,395),(878,401),(864,401)
u 0.0 bounds: (903,397),(918,397),(918,400),(903,400)
R 0.0 bounds: (962,396),(974,396),(974,402),(962,402)
MEMUT 0.0 bounds: (878,401),(901,401),(901,406),(878,406)
