KORAMANG
CLOSE TO THE BUZ
YET AWAY FROM TI
 0.0 bounds: (754,138),(1023,138),(1023,274),(754,274)
KORAMANG 0.0 bounds: (895,165),(1018,138),(1022,157),(899,184)
CLOSE 0.0 bounds: (754,235),(840,220),(843,236),(757,252)
TO 0.0 bounds: (851,217),(886,211),(890,229),(854,236)
THE 0.0 bounds: (888,207),(956,195),(960,219),(892,232)
BUZ 0.0 bounds: (970,192),(1018,183),(1023,208),(974,217)
YET 0.0 bounds: (757,257),(799,250),(802,267),(760,274)
AWAY 0.0 bounds: (806,249),(887,236),(890,255),(809,268)
FROM 0.0 bounds: (908,229),(985,217),(989,241),(912,253)
TI 0.0 bounds: (994,216),(1018,212),(1021,235),(998,239)
