airporl
indicast
wbn AIM
SHAFIYA
A TA
S.R. CARV D FURNITURE
 0.0 bounds: (19,121),(517,121),(517,286),(19,286)
airporl 0.0 bounds: (94,121),(140,139),(135,151),(89,133)
indicast 0.0 bounds: (167,155),(199,168),(196,174),(164,162)
wbn 0.0 bounds: (176,170),(197,177),(194,186),(173,178)
AIM 0.0 bounds: (202,178),(218,184),(215,193),(199,187)
SHAFIYA 0.0 bounds: (259,185),(293,198),(288,211),(254,198)
A 0.0 bounds: (465,250),(484,249),(486,285),(467,286)
TA 0.0 bounds: (486,249),(515,247),(517,283),(488,285)
S.R. 0.0 bounds: (21,236),(45,238),(43,256),(20,254)
CARV 0.0 bounds: (44,238),(73,240),(71,258),(43,256)
D 0.0 bounds: (77,245),(82,245),(81,255),(76,255)
FURNITURE 0.0 bounds: (88,246),(134,250),(133,260),(87,256)
