VITM
లయ
SOUTHERA NGHA
SCIENCE FAIR-1016
MUSE
NGINE HAL
NOSAUR A
SCIENCE
SCTROTEC
EL HALL OF
ENTRY
PROHIBITED
IN THE LAWHAREA
 0.0 bounds: (-1,3),(1021,3),(1021,646),(-1,646)
VITM 0.0 bounds: (577,3),(599,13),(595,22),(573,12)
లయ 0.0 bounds: (5,141),(86,154),(81,188),(0,175)
SOUTHERA 0.0 bounds: (478,335),(513,339),(511,350),(477,346)
NGHA 0.0 bounds: (514,342),(530,344),(529,351),(513,349)
SCIENCE 0.0 bounds: (466,348),(499,352),(498,362),(465,358)
FAIR-1016 0.0 bounds: (502,353),(539,358),(537,367),(501,363)
MUSE 0.0 bounds: (994,339),(1021,339),(1021,344),(994,344)
NGINE 0.0 bounds: (985,361),(1005,361),(1005,367),(985,367)
HAL 0.0 bounds: (1009,363),(1019,363),(1019,366),(1009,366)
NOSAUR 0.0 bounds: (984,369),(1015,368),(1015,374),(984,375)
A 0.0 bounds: (1018,369),(1020,369),(1020,372),(1018,372)
SCIENCE 0.0 bounds: (1000,379),(1021,379),(1021,385),(1000,385)
SCTROTEC 0.0 bounds: (992,386),(1021,386),(1021,391),(992,391)
EL 0.0 bounds: (985,423),(992,423),(992,429),(985,429)
HALL 0.0 bounds: (995,424),(1009,424),(1009,428),(995,428)
OF 0.0 bounds: (1012,424),(1019,424),(1019,428),(1012,428)
ENTRY 0.0 bounds: (93,603),(121,595),(123,602),(95,611)
PROHIBITED 0.0 bounds: (78,620),(133,605),(135,614),(80,629)
IN 0.0 bounds: (60,635),(74,631),(78,642),(63,646)
THE 0.0 bounds: (78,630),(95,625),(98,635),(81,641)
LAWHAREA 0.0 bounds: (97,624),(145,609),(148,621),(100,635)
