WAY
NUTES
GALO
Tow
845 in
AENIARNE
Home
ORCHARDS
 0.0 bounds: (1,16),(1028,16),(1028,242),(1,242)
WAY 0.0 bounds: (2,16),(32,18),(31,29),(1,27)
NUTES 0.0 bounds: (7,26),(47,32),(45,46),(5,40)
GALO 0.0 bounds: (64,40),(103,40),(103,50),(64,50)
Tow 0.0 bounds: (73,81),(103,82),(103,89),(73,88)
845 0.0 bounds: (7,196),(27,198),(26,204),(6,202)
in 0.0 bounds: (41,198),(51,199),(50,206),(40,205)
AENIARNE 0.0 bounds: (104,217),(136,220),(135,226),(103,223)
Home 0.0 bounds: (973,217),(1019,198),(1027,218),(981,237)
ORCHARDS 0.0 bounds: (88,225),(159,232),(158,242),(87,235)
