Regain Smnsured- No Sub-imits
Buy/Renew @ hdfcergo.
B-TRAC
LAQSH
MEDIA GRO
Advertttg Soluslotis
611 Free:
Thyagroup.com
O Xin
Design
మోరి బిది
Dadnoshri Sous
COMMERCIAL STREET I CMH ROAD IN
ASIS CENTRE, KORAMANGALA ELEMENTS
MONTE CARLO A
dadepadmas
EXCLUS
SANS KRUTI
SIJ S
Padmashri Plus
CCIDEN
 0.0 bounds: (0,31),(1023,31),(1023,557),(0,557)
Regain 0.0 bounds: (904,40),(923,39),(924,46),(905,48)
Smnsured- 0.0 bounds: (926,38),(974,34),(974,42),(927,46)
No 0.0 bounds: (976,34),(983,33),(984,40),(977,41)
Sub-imits 0.0 bounds: (986,33),(1014,31),(1015,39),(987,41)
Buy/Renew 0.0 bounds: (934,49),(974,45),(975,53),(935,57)
@ 0.0 bounds: (979,45),(986,44),(987,51),(980,52)
hdfcergo. 0.0 bounds: (989,44),(1022,41),(1023,49),(990,52)
B-TRAC 0.0 bounds: (444,44),(501,88),(483,112),(426,68)
LAQSH 0.0 bounds: (908,98),(1018,92),(1019,121),(910,127)
MEDIA 0.0 bounds: (941,133),(979,131),(979,136),(941,138)
GRO 0.0 bounds: (995,128),(1015,127),(1015,134),(995,135)
Advertttg 0.0 bounds: (915,158),(965,155),(965,162),(915,165)
Soluslotis 0.0 bounds: (975,155),(1015,153),(1015,159),(975,161)
611 0.0 bounds: (981,186),(991,185),(991,192),(981,193)
Free: 0.0 bounds: (996,186),(1020,185),(1020,192),(996,193)
Thyagroup.com 0.0 bounds: (899,192),(963,190),(963,196),(899,198)
O 0.0 bounds: (817,206),(832,207),(830,237),(815,236)
Xin 0.0 bounds: (834,207),(857,209),(855,240),(832,238)
Design 0.0 bounds: (5,210),(45,222),(40,238),(0,226)
మోరి 0.0 bounds: (795,263),(820,266),(819,276),(794,273)
బిది 0.0 bounds: (825,267),(842,269),(841,279),(824,277)
Dadnoshri 0.0 bounds: (564,265),(596,263),(596,270),(564,272)
Sous 0.0 bounds: (600,263),(623,262),(623,269),(600,270)
COMMERCIAL 0.0 bounds: (880,352),(929,353),(929,359),(880,358)
STREET 0.0 bounds: (933,353),(961,353),(961,358),(933,358)
I 0.0 bounds: (965,351),(969,351),(969,358),(965,358)
CMH 0.0 bounds: (971,351),(986,351),(986,358),(971,358)
ROAD 0.0 bounds: (989,353),(1011,353),(1011,359),(989,359)
IN 0.0 bounds: (1017,355),(1022,355),(1022,359),(1017,359)
ASIS 0.0 bounds: (858,358),(882,358),(882,367),(858,367)
CENTRE, 0.0 bounds: (884,358),(910,358),(910,368),(884,368)
KORAMANGALA 0.0 bounds: (912,358),(973,359),(973,367),(912,366)
ELEMENTS 0.0 bounds: (981,359),(1023,360),(1023,369),(981,368)
MONTE 0.0 bounds: (540,346),(578,345),(578,354),(540,355)
CARLO 0.0 bounds: (582,346),(620,345),(620,355),(582,356)
A 0.0 bounds: (623,343),(640,343),(640,355),(623,355)
dadepadmas 0.0 bounds: (567,368),(641,371),(641,382),(567,379)
EXCLUS 0.0 bounds: (594,376),(640,378),(639,387),(594,385)
SANS 0.0 bounds: (758,383),(822,385),(822,403),(758,401)
KRUTI 0.0 bounds: (838,385),(924,387),(924,406),(838,404)
SIJ 0.0 bounds: (801,400),(863,403),(862,420),(800,417)
S 0.0 bounds: (865,403),(872,403),(871,420),(864,420)
Padmashri 0.0 bounds: (576,390),(616,392),(616,400),(576,398)
Plus 0.0 bounds: (623,392),(639,393),(639,402),(623,401)
CCIDEN 0.0 bounds: (648,544),(683,548),(682,557),(647,553)
