690
Adityaa mil
Ice Cream
2WHEELER Y
INSURANCE
AVAILABLE
EXI
 0.0 bounds: (174,298),(778,298),(778,746),(174,746)
690 0.0 bounds: (174,298),(203,298),(203,306),(174,306)
Adityaa 0.0 bounds: (232,317),(294,319),(293,341),(231,339)
mil 0.0 bounds: (301,319),(320,320),(319,336),(300,335)
Ice 0.0 bounds: (245,336),(270,337),(270,348),(245,347)
Cream 0.0 bounds: (274,339),(320,341),(320,350),(274,348)
2WHEELER 0.0 bounds: (373,349),(397,349),(397,355),(373,355)
Y 0.0 bounds: (399,349),(404,349),(404,357),(399,357)
INSURANCE 0.0 bounds: (372,396),(416,398),(415,412),(371,410)
AVAILABLE 0.0 bounds: (374,413),(421,416),(420,429),(373,426)
EXI 0.0 bounds: (779,375),(724,746),(645,734),(700,363)
