Fe 500 D
PANTHER
TMT REBARS
AM0DUCT O LOMT Ph : 080
34700
 0.0 bounds: (601,488),(770,488),(770,563),(601,563)
Fe 0.0 bounds: (708,488),(713,488),(713,494),(708,494)
500 0.0 bounds: (718,488),(728,488),(728,494),(718,494)
D 0.0 bounds: (731,489),(734,489),(734,494),(731,494)
PANTHER 0.0 bounds: (602,523),(666,525),(665,539),(601,537)
TMT 0.0 bounds: (607,537),(617,537),(617,543),(607,543)
REBARS 0.0 bounds: (621,537),(643,538),(643,544),(621,543)
AM0DUCT 0.0 bounds: (603,551),(621,552),(621,556),(603,555)
O 0.0 bounds: (623,552),(626,552),(626,556),(623,556)
LOMT 0.0 bounds: (641,552),(681,554),(681,560),(641,558)
Ph 0.0 bounds: (693,553),(700,553),(700,561),(693,561)
: 0.0 bounds: (707,554),(710,554),(710,561),(707,561)
080 0.0 bounds: (712,554),(725,554),(725,562),(712,562)
34700 0.0 bounds: (745,554),(770,553),(770,562),(745,563)
