O ale
mention Centre
ernees Exh ens
TRe 38
Sengalard
Matt
 0.0 bounds: (0,123),(81,123),(81,399),(0,399)
O 0.0 bounds: (61,123),(65,123),(65,130),(61,130)
ale 0.0 bounds: (67,123),(77,124),(76,132),(66,131)
mention 0.0 bounds: (5,129),(42,133),(41,145),(4,141)
Centre 0.0 bounds: (49,133),(81,136),(80,148),(48,145)
ernees 0.0 bounds: (9,152),(36,155),(35,162),(8,159)
Exh 0.0 bounds: (39,155),(52,156),(51,163),(38,162)
ens 0.0 bounds: (66,158),(73,159),(72,166),(65,165)
TRe 0.0 bounds: (7,339),(40,342),(38,360),(5,357)
38 0.0 bounds: (47,343),(67,345),(65,363),(45,361)
Sengalard 0.0 bounds: (1,375),(70,380),(69,391),(0,386)
Matt 0.0 bounds: (17,388),(47,389),(46,399),(17,398)
