te ECGC
Now, shop
for grocenies
SABOO
dyro
amazo inow
JAMAWAR ARTS
APOP
JAMAIAR ARTS EMPORIUM
 0.0 bounds: (0,48),(597,48),(597,317),(0,317)
te 0.0 bounds: (1,48),(19,50),(18,58),(0,57)
ECGC 0.0 bounds: (19,49),(45,51),(44,61),(18,59)
Now, 0.0 bounds: (475,208),(490,209),(489,214),(475,213)
shop 0.0 bounds: (493,209),(506,210),(505,216),(492,215)
for 0.0 bounds: (472,215),(479,216),(478,222),(471,221)
grocenies 0.0 bounds: (481,215),(508,217),(507,224),(480,222)
SABOO 0.0 bounds: (305,245),(346,253),(345,259),(304,251)
dyro 0.0 bounds: (577,291),(597,293),(596,302),(576,300)
amazo 0.0 bounds: (444,296),(472,300),(471,307),(443,303)
inow 0.0 bounds: (477,298),(499,301),(498,310),(476,307)
JAMAWAR 0.0 bounds: (32,255),(96,264),(95,275),(30,266)
ARTS 0.0 bounds: (103,264),(137,269),(135,282),(101,277)
APOP 0.0 bounds: (154,274),(189,276),(188,286),(153,284)
JAMAIAR 0.0 bounds: (246,289),(300,298),(299,307),(245,298)
ARTS 0.0 bounds: (303,297),(328,301),(326,311),(301,307)
EMPORIUM 0.0 bounds: (332,302),(374,309),(373,317),(331,310)
