seBRAVES CE TA
99456 91029
MEENAKSHI
55OD TMT
10e
 0.0 bounds: (209,384),(624,384),(624,457),(209,457)
seBRAVES 0.0 bounds: (226,385),(257,384),(257,391),(226,392)
CE 0.0 bounds: (271,385),(274,385),(274,391),(271,391)
TA 0.0 bounds: (275,385),(293,385),(293,391),(275,391)
99456 0.0 bounds: (233,389),(258,390),(258,398),(233,397)
91029 0.0 bounds: (263,390),(284,391),(284,399),(263,398)
MEENAKSHI 0.0 bounds: (209,438),(285,438),(285,447),(209,447)
55OD 0.0 bounds: (216,449),(245,449),(245,455),(216,455)
TMT 0.0 bounds: (251,450),(280,450),(280,457),(251,457)
10e 0.0 bounds: (602,443),(624,443),(624,452),(602,452)
