Everything in Silver
Anything i Silver
Sunrise
JEWELLERS
BINCEI 1900
SPORTS CUPS
SHIELD
MEDAL
TROPH
WHOLE SALE
SONS
ga
PATARAUA
《20《的3AEY&
 0.0 bounds: (-1,0),(787,0),(787,307),(-1,307)
Everything 0.0 bounds: (614,117),(701,162),(688,187),(601,142)
in 0.0 bounds: (703,161),(720,158),(723,176),(706,179)
Silver 0.0 bounds: (725,157),(764,135),(774,153),(735,174)
Anything 0.0 bounds: (613,63),(701,46),(707,77),(619,94)
i 0.0 bounds: (711,52),(719,54),(714,75),(706,73)
Silver 0.0 bounds: (745,61),(787,97),(771,116),(729,80)
Sunrise 0.0 bounds: (628,82),(763,103),(758,137),(623,117)
JEWELLERS 0.0 bounds: (628,115),(747,134),(746,146),(626,127)
BINCEI 0.0 bounds: (662,136),(693,141),(692,147),(661,142)
1900 0.0 bounds: (697,141),(717,144),(716,151),(696,148)
SPORTS 0.0 bounds: (521,202),(547,204),(547,209),(521,207)
CUPS 0.0 bounds: (551,203),(568,204),(567,211),(550,210)
SHIELD 0.0 bounds: (530,210),(553,212),(552,217),(529,215)
MEDAL 0.0 bounds: (530,219),(553,222),(552,227),(529,224)
TROPH 0.0 bounds: (526,227),(550,231),(549,239),(525,235)
WHOLE 0.0 bounds: (230,190),(268,200),(265,209),(228,199)
SALE 0.0 bounds: (272,204),(291,209),(290,214),(271,209)
SONS 0.0 bounds: (106,273),(134,278),(132,285),(105,280)
ga 0.0 bounds: (2,291),(19,294),(16,307),(0,304)
PATARAUA 0.0 bounds: (574,2),(563,181),(527,178),(538,0)
《 0.0 bounds: (138,170),(137,185),(126,184),(127,169)
20 0.0 bounds: (137,189),(136,204),(123,203),(124,188)
《 0.0 bounds: (140,207),(139,215),(114,212),(115,205)
的 0.0 bounds: (132,218),(132,223),(122,222),(122,217)
3AEY 0.0 bounds: (134,227),(130,263),(114,261),(117,225)
& 0.0 bounds: (127,266),(127,271),(115,270),(115,265)
