BRUHATH BANGALORE MAHANAGAR PALIKE
PUBLIC TOILET
www. N A G
RMD
 0.0 bounds: (142,361),(589,361),(589,437),(142,437)
BRUHATH 0.0 bounds: (142,409),(184,398),(187,409),(145,421)
BANGALORE 0.0 bounds: (190,396),(234,384),(238,396),(193,408)
MAHANAGAR 0.0 bounds: (238,383),(280,372),(284,384),(241,396)
PALIKE 0.0 bounds: (285,371),(310,364),(313,375),(288,382)
PUBLIC 0.0 bounds: (185,413),(233,402),(235,409),(187,421)
TOILET 0.0 bounds: (236,400),(284,389),(286,397),(238,409)
www. 0.0 bounds: (152,430),(165,426),(167,433),(154,437)
N 0.0 bounds: (194,419),(200,417),(201,423),(196,425)
A 0.0 bounds: (203,416),(205,415),(207,421),(205,422)
G 0.0 bounds: (218,411),(220,410),(222,416),(220,417)
RMD 0.0 bounds: (556,372),(586,361),(589,368),(559,380)
