IGO NATION
ACCOUNTANTS
SHOPPERS STOP M Myntra JABOI.
తాటి తానరా
WROGN
BMEAKAWAY YOU
COPY CORNER
Xerox, Printouts, Binding. Lamination
HSM Paper Shredders
adale 2 Shirts
CASUALS 499/
JTShirts
499/-
rame Wa
Shoes For
349/-*
Shirts
99/-*
F-Shirts
99/-*
HONDA
Aleta
 0.0 bounds: (231,82),(1023,82),(1023,712),(231,712)
IGO 0.0 bounds: (231,82),(251,83),(251,91),(231,90)
NATION 0.0 bounds: (250,84),(279,85),(279,91),(250,90)
ACCOUNTANTS 0.0 bounds: (235,193),(329,197),(328,215),(234,211)
SHOPPERS 0.0 bounds: (676,216),(748,197),(751,209),(679,228)
STOP 0.0 bounds: (756,194),(801,182),(804,197),(760,209)
M 0.0 bounds: (841,170),(865,164),(870,182),(846,188)
Myntra 0.0 bounds: (870,163),(919,150),(924,170),(875,182)
JABOI. 0.0 bounds: (943,144),(1002,129),(1006,144),(947,159)
తాటి 0.0 bounds: (840,218),(875,207),(878,217),(843,228)
తానరా 0.0 bounds: (887,200),(970,174),(975,188),(891,214)
WROGN 0.0 bounds: (508,227),(630,191),(638,220),(516,256)
BMEAKAWAY 0.0 bounds: (507,264),(551,251),(553,259),(509,272)
YOU 0.0 bounds: (552,249),(564,245),(568,256),(555,260)
COPY 0.0 bounds: (813,243),(876,226),(880,244),(818,260)
CORNER 0.0 bounds: (884,222),(1003,190),(1008,210),(889,242)
Xerox, 0.0 bounds: (821,262),(848,255),(851,268),(824,275)
Printouts, 0.0 bounds: (850,259),(889,250),(891,259),(852,269)
Binding. 0.0 bounds: (892,248),(929,239),(932,250),(895,259)
Lamination 0.0 bounds: (935,238),(992,224),(995,234),(937,248)
HSM 0.0 bounds: (871,267),(895,262),(897,270),(873,275)
Paper 0.0 bounds: (902,257),(937,250),(940,262),(905,270)
Shredders 0.0 bounds: (924,254),(1020,234),(1022,245),(926,266)
adale 0.0 bounds: (642,275),(677,264),(680,274),(645,285)
2 0.0 bounds: (685,262),(693,260),(696,269),(688,272)
Shirts 0.0 bounds: (695,259),(710,254),(713,264),(698,269)
CASUALS 0.0 bounds: (574,310),(652,284),(660,308),(582,334)
499/ 0.0 bounds: (670,276),(717,261),(725,285),(678,301)
JTShirts 0.0 bounds: (677,298),(713,289),(716,300),(680,309)
499/- 0.0 bounds: (679,309),(709,303),(712,317),(682,324)
rame 0.0 bounds: (606,333),(630,328),(632,336),(608,341)
Wa 0.0 bounds: (634,331),(646,329),(647,332),(635,335)
Shoes 0.0 bounds: (588,398),(622,398),(622,408),(588,408)
For 0.0 bounds: (627,398),(642,398),(642,409),(627,409)
349/-* 0.0 bounds: (587,418),(644,417),(644,435),(587,436)
Shirts 0.0 bounds: (606,509),(636,508),(636,519),(606,520)
99/-* 0.0 bounds: (603,526),(640,523),(641,539),(604,542)
F-Shirts 0.0 bounds: (604,553),(641,551),(642,562),(605,564)
99/-* 0.0 bounds: (603,571),(640,568),(641,585),(604,588)
HONDA 0.0 bounds: (399,621),(432,620),(432,625),(399,626)
Aleta 0.0 bounds: (292,704),(328,703),(328,711),(292,712)
