(NECY EXT
EICHER
OSind
AINDWO CARCO
ERSTORE
 0.0 bounds: (197,375),(282,375),(282,523),(197,523)
(NECY 0.0 bounds: (237,375),(269,376),(269,383),(237,382)
EXT 0.0 bounds: (271,377),(282,377),(282,384),(271,384)
EICHER 0.0 bounds: (224,433),(280,438),(279,447),(223,442)
OSind 0.0 bounds: (200,479),(272,482),(271,501),(199,498)
AINDWO 0.0 bounds: (197,500),(218,501),(218,506),(197,505)
CARCO 0.0 bounds: (221,500),(250,501),(250,507),(221,506)
ERSTORE 0.0 bounds: (204,518),(238,518),(238,523),(204,523)
