Happine
SALE
UP TO SINOF
CENTRAL
RESIDENCY POAD
Ooyce
Cese
REET SAMART
Kaushik
 0.0 bounds: (291,29),(676,29),(676,266),(291,266)
Happine 0.0 bounds: (600,37),(642,29),(646,47),(603,55)
SALE 0.0 bounds: (598,56),(657,47),(660,64),(601,73)
UP 0.0 bounds: (599,72),(615,70),(616,81),(600,83)
TO 0.0 bounds: (617,69),(627,68),(628,80),(619,81)
SINOF 0.0 bounds: (631,68),(662,64),(663,75),(632,79)
CENTRAL 0.0 bounds: (615,133),(663,127),(665,144),(617,150)
RESIDENCY 0.0 bounds: (610,161),(652,155),(653,166),(611,172)
POAD 0.0 bounds: (655,155),(675,152),(676,162),(656,165)
Ooyce 0.0 bounds: (292,225),(329,223),(329,231),(293,233)
Cese 0.0 bounds: (291,234),(323,231),(324,239),(292,242)
REET 0.0 bounds: (629,179),(649,177),(649,181),(629,183)
SAMART 0.0 bounds: (652,176),(671,174),(671,179),(653,181)
Kaushik 0.0 bounds: (428,259),(462,238),(467,245),(433,267)
