Showroom Space Availabi
Call: 91 08 894352
WHO
SAMS
 0.0 bounds: (895,277),(1024,277),(1024,425),(895,425)
Showroom 0.0 bounds: (895,312),(944,299),(948,314),(899,327)
Space 0.0 bounds: (950,300),(977,293),(981,306),(954,314)
Availabi 0.0 bounds: (979,288),(1019,277),(1023,295),(984,305)
Call: 0.0 bounds: (913,333),(935,328),(937,336),(915,342)
91 0.0 bounds: (941,327),(952,324),(954,333),(943,336)
08 0.0 bounds: (959,322),(972,319),(974,330),(962,333)
894352 0.0 bounds: (978,316),(1021,306),(1024,318),(981,328)
WHO 0.0 bounds: (993,402),(1023,398),(1024,410),(995,414)
SAMS 0.0 bounds: (994,417),(1022,414),(1023,422),(995,425)
