www.mybmte
BMTC Helpline No-1800 4
VAJRA
KAU
14771
23)
13
 0.0 bounds: (138,344),(1023,344),(1023,692),(138,692)
www.mybmte 0.0 bounds: (777,361),(1020,344),(1023,381),(780,398)
BMTC 0.0 bounds: (682,374),(765,375),(764,413),(681,412)
Helpline 0.0 bounds: (780,376),(880,378),(879,417),(779,415)
No-1800 0.0 bounds: (884,378),(1003,380),(1002,415),(883,413)
4 0.0 bounds: (1014,384),(1023,384),(1023,405),(1014,405)
VAJRA 0.0 bounds: (246,414),(302,413),(303,441),(247,442)
KAU 0.0 bounds: (155,647),(193,643),(195,661),(157,665)
14771 0.0 bounds: (138,665),(202,655),(206,681),(142,692)
23) 0.0 bounds: (305,458),(306,537),(271,537),(270,458)
13 0.0 bounds: (272,456),(273,510),(246,511),(245,457)
