asa
ST8SY TS
PHILIPS
olive
venm
glasglow
SONINIVA
MUNALS
end
1550N T2
SLVITIN .
REROAD
996/2238 9996
RI SRINIVASAJN
 0.0 bounds: (0,195),(663,195),(663,517),(0,517)
asa 0.0 bounds: (35,195),(140,196),(140,231),(35,230)
ST8SY 0.0 bounds: (98,293),(17,293),(17,271),(98,271)
TS 0.0 bounds: (14,293),(1,293),(1,271),(14,271)
PHILIPS 0.0 bounds: (443,262),(468,261),(468,269),(443,270)
olive 0.0 bounds: (362,269),(405,268),(405,283),(362,284)
venm 0.0 bounds: (368,295),(393,294),(393,299),(368,300)
glasglow 0.0 bounds: (365,324),(409,321),(410,332),(366,335)
SONINIVA 0.0 bounds: (153,350),(35,353),(35,337),(153,334)
MUNALS 0.0 bounds: (63,367),(154,367),(154,384),(63,384)
end 0.0 bounds: (644,341),(663,341),(663,353),(644,353)
1550N 0.0 bounds: (630,354),(647,353),(648,366),(631,367)
T2 0.0 bounds: (649,353),(654,353),(655,365),(650,365)
SLVITIN 0.0 bounds: (148,419),(47,422),(46,400),(147,397)
. 0.0 bounds: (41,421),(32,421),(31,400),(40,400)
REROAD 0.0 bounds: (1,435),(90,432),(91,462),(2,465)
996/2238 0.0 bounds: (1,467),(103,463),(104,483),(2,487)
9996 0.0 bounds: (108,462),(156,460),(157,480),(109,482)
RI 0.0 bounds: (1,497),(30,496),(30,516),(1,517)
SRINIVASAJN 0.0 bounds: (32,497),(153,494),(153,513),(32,516)
