99456 91020RS
SRI BYRAVES ARA
2RIS
||
MEENAKSHI"
550D TMT
 0.0 bounds: (50,355),(191,355),(191,463),(50,463)
99456 0.0 bounds: (100,362),(130,362),(130,370),(100,370)
91020RS 0.0 bounds: (136,360),(190,356),(191,369),(137,373)
SRI 0.0 bounds: (82,357),(94,357),(94,363),(82,363)
BYRAVES 0.0 bounds: (98,356),(125,356),(125,363),(98,363)
ARA 0.0 bounds: (142,355),(153,355),(153,362),(142,362)
2RIS 0.0 bounds: (111,385),(132,385),(132,391),(111,391)
|| 0.0 bounds: (52,395),(69,395),(69,401),(52,401)
MEENAKSHI" 0.0 bounds: (50,433),(177,434),(177,447),(50,446)
550D 0.0 bounds: (60,449),(107,450),(107,461),(60,460)
TMT 0.0 bounds: (115,451),(159,452),(159,462),(115,461)
