SHIVA
ENTERPRISES
XCUSIVA
POSTERS
SSCA
SSAS VES
WALL
PAPER
VERTICAL&
VENETION BLINDS
 0.0 bounds: (-1,173),(599,173),(599,401),(-1,401)
SHIVA 0.0 bounds: (495,175),(592,173),(592,191),(495,193)
ENTERPRISES 0.0 bounds: (487,194),(596,192),(596,211),(487,213)
XCUSIVA 0.0 bounds: (27,204),(181,243),(171,284),(17,245)
POSTERS 0.0 bounds: (486,237),(599,236),(599,259),(486,260)
SSCA 0.0 bounds: (22,293),(120,305),(115,345),(17,333)
SSAS 0.0 bounds: (179,321),(79,302),(86,265),(186,284)
VES 0.0 bounds: (71,300),(0,287),(7,249),(78,263)
WALL 0.0 bounds: (500,288),(587,288),(587,326),(500,326)
PAPER 0.0 bounds: (494,326),(593,326),(593,358),(494,358)
VERTICAL& 0.0 bounds: (511,367),(575,367),(575,380),(511,380)
VENETION 0.0 bounds: (492,383),(549,382),(549,400),(492,401)
BLINDS 0.0 bounds: (551,383),(591,383),(591,400),(551,400)
