BANGALORE CITY TRAPEIC POLIcE
RAMCO
22 22 1111
SUPERGRADE
Engineered lor Concrete
 0.0 bounds: (0,392),(264,392),(264,515),(0,515)
BANGALORE 0.0 bounds: (160,392),(200,398),(197,415),(158,409)
CITY 0.0 bounds: (202,398),(216,400),(213,417),(200,415)
TRAPEIC 0.0 bounds: (218,401),(242,404),(239,420),(216,417)
POLIcE 0.0 bounds: (244,405),(264,408),(261,424),(242,421)
RAMCO 0.0 bounds: (134,448),(236,454),(234,489),(132,483)
22 0.0 bounds: (2,458),(15,460),(13,471),(0,469)
22 0.0 bounds: (15,463),(24,465),(22,473),(14,471)
1111 0.0 bounds: (28,466),(44,469),(43,475),(27,472)
SUPERGRADE 0.0 bounds: (124,482),(227,486),(226,498),(124,494)
Engineered 0.0 bounds: (119,506),(171,506),(171,515),(119,515)
lor 0.0 bounds: (175,506),(186,506),(186,513),(175,513)
Concrete 0.0 bounds: (190,506),(224,506),(224,514),(190,514)
