गेड
SRI VADIRAJA'S
SRI VADIRAJS
TS
ARA STORE
CompacT
 0.0 bounds: (8,150),(358,150),(358,553),(8,553)
गेड 0.0 bounds: (167,178),(209,186),(207,199),(164,191)
SRI 0.0 bounds: (14,150),(67,165),(61,185),(8,170)
VADIRAJA'S 0.0 bounds: (79,168),(236,211),(231,232),(73,188)
SRI 0.0 bounds: (114,383),(123,384),(122,390),(113,389)
VADIRAJS 0.0 bounds: (126,385),(160,390),(159,396),(125,391)
TS 0.0 bounds: (164,398),(196,401),(195,413),(163,410)
ARA 0.0 bounds: (17,405),(48,409),(46,421),(15,417)
STORE 0.0 bounds: (52,410),(77,413),(75,425),(50,422)
CompacT 0.0 bounds: (297,543),(358,544),(358,553),(297,552)
