MORLE A
cta der Ulor Lake t
Indiranaga ↑
a de Faser Ton
SETRAC
PREMIUM WERSTES CON
BIGAPPCOMPAN
LE APPS
PRYMENT GAEN
953542220
 0.0 bounds: (269,82),(385,82),(385,230),(269,230)
MORLE 0.0 bounds: (282,182),(307,183),(307,194),(282,193)
A 0.0 bounds: (310,184),(313,184),(312,194),(309,194)
cta 0.0 bounds: (311,91),(329,90),(329,95),(311,97)
der 0.0 bounds: (333,86),(342,85),(343,93),(334,94)
Ulor 0.0 bounds: (344,85),(361,84),(362,94),(345,95)
Lake 0.0 bounds: (363,83),(372,82),(373,93),(364,94)
t 0.0 bounds: (377,83),(384,82),(385,91),(378,92)
Indiranaga 0.0 bounds: (339,98),(370,96),(371,107),(340,109)
↑ 0.0 bounds: (379,95),(384,95),(385,105),(380,105)
a 0.0 bounds: (311,116),(320,115),(321,123),(312,124)
de 0.0 bounds: (328,114),(338,113),(339,121),(329,122)
Faser 0.0 bounds: (344,110),(360,109),(361,120),(345,122)
Ton 0.0 bounds: (362,108),(374,107),(375,119),(363,120)
SETRAC 0.0 bounds: (329,125),(369,122),(369,129),(329,132)
PREMIUM 0.0 bounds: (275,148),(325,161),(320,183),(269,170)
WERSTES 0.0 bounds: (326,162),(362,171),(356,193),(320,183)
CON 0.0 bounds: (364,171),(377,174),(371,197),(358,193)
BIGAPPCOMPAN 0.0 bounds: (276,172),(319,180),(318,187),(275,180)
LE 0.0 bounds: (300,188),(305,189),(304,197),(299,196)
APPS 0.0 bounds: (308,190),(322,192),(321,200),(307,198)
PRYMENT 0.0 bounds: (282,194),(308,199),(306,208),(280,203)
GAEN 0.0 bounds: (310,199),(325,202),(323,211),(308,208)
953542220 0.0 bounds: (285,204),(373,213),(371,230),(283,221)
