LK3 & SAREES
NJINATHA SILAS S SAREES
Ad u moed
SP
నామి రి జంట
ARCHEBCO
SHREE MOH ISILKS ET
EANANATHA
 0.0 bounds: (422,59),(1040,59),(1040,284),(422,284)
LK3 0.0 bounds: (425,154),(444,151),(445,159),(426,162)
& 0.0 bounds: (449,151),(455,150),(456,157),(450,158)
SAREES 0.0 bounds: (460,149),(498,143),(499,150),(461,156)
NJINATHA 0.0 bounds: (422,200),(452,196),(453,207),(424,211)
SILAS 0.0 bounds: (454,197),(468,195),(469,206),(456,208)
S 0.0 bounds: (471,196),(474,196),(475,204),(472,204)
SAREES 0.0 bounds: (476,195),(494,193),(495,201),(477,204)
Ad 0.0 bounds: (437,223),(448,222),(449,229),(438,230)
u 0.0 bounds: (454,223),(464,222),(464,227),(455,228)
moed 0.0 bounds: (469,220),(492,217),(493,224),(470,227)
SP 0.0 bounds: (977,127),(1022,107),(1039,146),(995,166)
నామి 0.0 bounds: (875,214),(908,202),(913,215),(880,227)
రి 0.0 bounds: (916,199),(940,190),(945,203),(921,212)
జంట 0.0 bounds: (953,186),(996,170),(1001,182),(958,198)
ARCHEBCO 0.0 bounds: (788,252),(819,241),(823,252),(792,262)
SHREE 0.0 bounds: (761,271),(787,263),(791,276),(765,284)
MOH 0.0 bounds: (792,262),(811,256),(815,268),(796,274)
ISILKS 0.0 bounds: (819,253),(864,239),(868,252),(823,266)
ET 0.0 bounds: (944,215),(986,202),(990,214),(948,227)
EANANATHA 0.0 bounds: (488,59),(500,140),(483,143),(471,61)
