Vinay Arcade
S IndianMone
E tndianMonY
uneyplant
C
TM
dnalaka Bak
 0.0 bounds: (0,-4),(420,-4),(420,412),(0,412)
Vinay 0.0 bounds: (354,306),(375,305),(375,310),(354,311)
Arcade 0.0 bounds: (379,303),(405,302),(405,307),(379,308)
S 0.0 bounds: (349,321),(356,321),(356,331),(349,331)
IndianMone 0.0 bounds: (358,320),(413,318),(413,329),(358,331)
E 0.0 bounds: (352,336),(359,336),(359,346),(352,346)
tndianMonY 0.0 bounds: (360,336),(420,333),(420,344),(360,347)
uneyplant 0.0 bounds: (1,348),(36,350),(35,364),(0,362)
C 0.0 bounds: (91,360),(105,360),(105,366),(91,366)
TM 0.0 bounds: (1,364),(60,362),(61,410),(2,412)
dnalaka 0.0 bounds: (253,-4),(293,38),(280,50),(240,9)
Bak 0.0 bounds: (299,45),(317,64),(305,76),(287,57)
