Manay NX
MANDIR
PRI IHO ST
SOLE DISIRIBUT
1st FLOOR
AMFE MA
a
KMT
KMT
he bthe
INHALL
FAST F
ule utlh
SRISILK
 0.0 bounds: (311,0),(978,0),(978,670),(311,670)
Manay 0.0 bounds: (709,222),(741,192),(753,205),(721,235)
NX 0.0 bounds: (745,190),(765,171),(774,182),(755,200)
MANDIR 0.0 bounds: (311,293),(388,295),(388,310),(311,308)
PRI 0.0 bounds: (652,256),(665,256),(665,262),(652,262)
IHO 0.0 bounds: (670,257),(679,257),(679,263),(670,263)
ST 0.0 bounds: (682,257),(688,257),(688,263),(682,263)
SOLE 0.0 bounds: (643,268),(661,269),(661,279),(643,278)
DISIRIBUT 0.0 bounds: (663,269),(689,270),(689,279),(663,278)
1st 0.0 bounds: (321,317),(339,318),(338,330),(320,329)
FLOOR 0.0 bounds: (343,318),(377,320),(376,332),(342,330)
AMFE 0.0 bounds: (622,283),(667,284),(667,301),(622,300)
MA 0.0 bounds: (673,284),(697,284),(697,301),(673,301)
a 0.0 bounds: (402,386),(415,386),(415,404),(402,404)
KMT 0.0 bounds: (761,501),(796,499),(797,516),(762,518)
KMT 0.0 bounds: (918,468),(968,452),(978,485),(928,500)
he 0.0 bounds: (854,495),(884,488),(885,492),(855,499)
bthe 0.0 bounds: (887,488),(901,485),(902,489),(888,492)
INHALL 0.0 bounds: (614,529),(718,496),(729,531),(625,564)
FAST 0.0 bounds: (890,660),(903,659),(903,669),(890,670)
F 0.0 bounds: (906,662),(908,662),(908,668),(906,668)
ule 0.0 bounds: (798,511),(805,560),(765,565),(758,517)
utlh 0.0 bounds: (806,562),(811,601),(772,606),(766,568)
SRISILK 0.0 bounds: (380,1),(373,309),(314,308),(321,0)
