SHINDE
AKSHMI BHAVAN
Prbun 0
CeNPETERIED H
CYC TESTNe
SENTACT LEPICE
Bobe SBACZI2ON
BUY
GET
FREE
33aW-
SRI LAKSHMI
BHAVAN
SRI LANSHMI BAYAR
6333 10 0
 0.0 bounds: (-1,142),(328,142),(328,540),(-1,540)
SHINDE 0.0 bounds: (243,146),(320,142),(321,172),(245,176)
AKSHMI 0.0 bounds: (16,180),(105,221),(88,258),(-1,216)
BHAVAN 0.0 bounds: (107,223),(180,257),(164,293),(91,258)
Prbun 0.0 bounds: (256,188),(296,181),(299,199),(259,206)
0 0.0 bounds: (300,179),(325,175),(328,194),(303,198)
CeNPETERIED 0.0 bounds: (253,254),(302,255),(302,264),(253,263)
H 0.0 bounds: (310,254),(327,254),(327,264),(310,264)
CYC 0.0 bounds: (259,265),(269,265),(269,270),(259,270)
TESTNe 0.0 bounds: (272,264),(296,263),(296,269),(272,270)
SENTACT 0.0 bounds: (253,314),(280,313),(280,320),(253,321)
LEPICE 0.0 bounds: (282,314),(309,313),(309,320),(282,321)
Bobe 0.0 bounds: (253,322),(266,321),(266,329),(253,330)
SBACZI2ON 0.0 bounds: (269,322),(311,320),(311,328),(269,330)
BUY 0.0 bounds: (140,328),(191,335),(189,350),(138,343)
GET 0.0 bounds: (140,344),(191,349),(190,361),(139,357)
FREE 0.0 bounds: (140,353),(218,364),(215,388),(137,377)
33aW- 0.0 bounds: (175,399),(210,399),(210,409),(175,409)
SRI 0.0 bounds: (154,415),(177,414),(177,428),(154,429)
LAKSHMI 0.0 bounds: (179,415),(229,414),(229,428),(179,429)
BHAVAN 0.0 bounds: (169,436),(215,436),(215,447),(169,447)
SRI 0.0 bounds: (135,526),(156,525),(157,539),(136,540)
LANSHMI 0.0 bounds: (158,524),(196,522),(197,537),(159,539)
BAYAR 0.0 bounds: (198,522),(226,521),(227,535),(199,536)
6333 0.0 bounds: (220,523),(170,524),(170,508),(220,507)
10 0.0 bounds: (165,525),(150,525),(150,509),(165,509)
0 0.0 bounds: (148,525),(138,525),(138,509),(148,509)
