EVASHE
PAN CARD
AG OU
JOHNSON EN
SPECIALIT IN HE
BMTC
 0.0 bounds: (0,8),(1032,8),(1032,353),(0,353)
EVASHE 0.0 bounds: (5,274),(68,291),(63,308),(0,291)
PAN 0.0 bounds: (778,96),(789,87),(795,94),(785,104)
CARD 0.0 bounds: (792,86),(805,75),(811,82),(798,93)
AG 0.0 bounds: (966,45),(991,27),(996,33),(971,52)
OU 0.0 bounds: (996,24),(1017,9),(1022,15),(1001,31)
JOHNSON 0.0 bounds: (949,79),(1004,44),(1013,59),(959,94)
EN 0.0 bounds: (1004,39),(1020,29),(1032,47),(1016,57)
SPECIALIT 0.0 bounds: (970,95),(1000,77),(1004,84),(974,102)
IN 0.0 bounds: (1003,77),(1006,75),(1009,79),(1006,81)
HE 0.0 bounds: (1011,72),(1019,67),(1022,73),(1014,77)
BMTC 0.0 bounds: (580,347),(601,342),(603,348),(581,353)
