TERRACE (ARDEN
Get togethers Farties
Grand wed egs
CENTRUM
 0.0 bounds: (41,439),(950,439),(950,574),(41,574)
TERRACE 0.0 bounds: (41,442),(102,441),(102,453),(41,454)
(ARDEN 0.0 bounds: (110,439),(158,439),(158,454),(110,454)
Get 0.0 bounds: (61,474),(73,474),(73,482),(61,482)
togethers 0.0 bounds: (75,474),(107,474),(107,482),(75,482)
Farties 0.0 bounds: (120,474),(145,474),(145,482),(120,482)
Grand 0.0 bounds: (72,483),(92,483),(92,489),(72,489)
wed 0.0 bounds: (96,484),(111,484),(111,488),(96,488)
egs 0.0 bounds: (115,483),(130,483),(130,489),(115,489)
CENTRUM 0.0 bounds: (898,551),(950,556),(948,573),(896,569)
