EXIDELIFE
isurance
RELIANCE
Kohol's
KENGRY t0 WIN
DeutscheBank
KITO RON
 0.0 bounds: (301,268),(891,268),(891,686),(301,686)
EXIDELIFE 0.0 bounds: (837,280),(889,269),(891,278),(839,290)
isurance 0.0 bounds: (837,291),(873,283),(874,289),(838,297)
RELIANCE 0.0 bounds: (756,386),(785,371),(788,377),(759,392)
Kohol's 0.0 bounds: (520,519),(570,521),(569,535),(519,533)
KENGRY 0.0 bounds: (740,498),(769,488),(774,500),(744,510)
t0 0.0 bounds: (771,487),(779,484),(783,497),(775,499)
WIN 0.0 bounds: (780,484),(790,480),(794,492),(784,495)
DeutscheBank 0.0 bounds: (301,647),(357,643),(358,653),(302,657)
KITO 0.0 bounds: (424,676),(440,674),(441,683),(426,686)
RON 0.0 bounds: (441,673),(450,672),(452,683),(443,684)
