SHIVA
ENTERPRISES
POSTERS
ADSmilh
వాలో ఉపడో
WALL
PAPER
VERTICAL &
VENETION BLINDS
 0.0 bounds: (106,71),(396,71),(396,385),(106,385)
SHIVA 0.0 bounds: (114,71),(255,82),(253,104),(112,93)
ENTERPRISES 0.0 bounds: (111,100),(256,109),(254,131),(110,122)
POSTERS 0.0 bounds: (109,163),(260,169),(259,194),(108,188)
ADSmilh 0.0 bounds: (342,195),(396,203),(395,213),(341,205)
వాలో 0.0 bounds: (106,200),(169,201),(169,221),(106,220)
ఉపడో 0.0 bounds: (181,202),(259,204),(259,226),(181,224)
WALL 0.0 bounds: (120,231),(247,232),(247,275),(120,274)
PAPER 0.0 bounds: (110,285),(256,286),(256,328),(110,327)
VERTICAL 0.0 bounds: (139,339),(217,338),(217,360),(139,361)
& 0.0 bounds: (220,339),(232,339),(232,360),(220,360)
VENETION 0.0 bounds: (109,364),(192,361),(193,382),(110,385)
BLINDS 0.0 bounds: (197,363),(259,361),(260,380),(198,382)
