Balaji's TA.PManor
మొటా ఫనాన్నా
Muthoot Fhance
daha Bink
Andria
VISHAL
 0.0 bounds: (27,196),(566,196),(566,428),(27,428)
Balaji's 0.0 bounds: (38,219),(74,211),(78,227),(41,235)
TA.PManor 0.0 bounds: (77,210),(139,196),(142,211),(80,225)
మొటా 0.0 bounds: (27,369),(67,362),(69,372),(29,379)
ఫనాన్నా 0.0 bounds: (71,361),(102,355),(103,366),(73,372)
Muthoot 0.0 bounds: (28,381),(59,374),(61,384),(30,391)
Fhance 0.0 bounds: (61,374),(91,367),(93,377),(63,384)
daha 0.0 bounds: (94,419),(118,416),(119,423),(95,426)
Bink 0.0 bounds: (120,417),(133,416),(134,422),(121,423)
Andria 0.0 bounds: (96,424),(117,421),(117,425),(97,428)
VISHAL 0.0 bounds: (525,333),(559,314),(565,325),(531,344)
