7056
O SHUBH O
Bengaluru Tvatfe Police
proaching
ZERO TOLERANCE JUNCTION
You Are Under Camena
Survellance For Tratic Viclation
 0.0 bounds: (178,145),(304,145),(304,312),(178,312)
7056 0.0 bounds: (273,145),(304,165),(298,174),(267,154)
O 0.0 bounds: (184,179),(193,183),(187,197),(178,193)
SHUBH 0.0 bounds: (195,184),(229,198),(223,212),(189,198)
O 0.0 bounds: (232,204),(239,207),(235,217),(228,214)
Bengaluru 0.0 bounds: (213,252),(244,252),(244,257),(213,257)
Tvatfe 0.0 bounds: (248,252),(267,252),(267,256),(248,256)
Police 0.0 bounds: (270,252),(289,252),(289,256),(270,256)
proaching 0.0 bounds: (249,264),(280,263),(280,270),(249,271)
ZERO 0.0 bounds: (202,271),(218,271),(218,275),(202,275)
TOLERANCE 0.0 bounds: (223,269),(263,269),(263,277),(223,277)
JUNCTION 0.0 bounds: (266,269),(298,269),(298,276),(266,276)
You 0.0 bounds: (215,298),(224,298),(224,303),(215,303)
Are 0.0 bounds: (227,299),(236,299),(236,303),(227,303)
Under 0.0 bounds: (240,299),(257,299),(257,303),(240,303)
Camena 0.0 bounds: (260,299),(282,299),(282,303),(260,303)
Survellance 0.0 bounds: (199,307),(234,307),(234,311),(199,311)
For 0.0 bounds: (237,307),(246,307),(246,311),(237,311)
Tratic 0.0 bounds: (249,307),(267,307),(267,311),(249,311)
Viclation 0.0 bounds: (269,307),(294,307),(294,312),(269,312)
