CALL O 777NA
MERU CABS-4422 4422
KA-05
AD-7903
 0.0 bounds: (11,209),(699,209),(699,379),(11,379)
CALL 0.0 bounds: (649,209),(665,209),(665,215),(649,215)
O 0.0 bounds: (667,210),(672,210),(672,216),(667,216)
777NA 0.0 bounds: (679,210),(699,210),(699,216),(679,216)
MERU 0.0 bounds: (568,326),(587,326),(587,331),(568,331)
CABS-4422 0.0 bounds: (590,324),(630,324),(630,331),(590,331)
4422 0.0 bounds: (634,324),(654,324),(654,331),(634,331)
KA-05 0.0 bounds: (11,351),(31,350),(31,361),(11,362)
AD-7903 0.0 bounds: (11,367),(35,366),(36,378),(12,379)
