dacide doridad fes
HOTEL
BANGALORE GATE
ADIGA'S
 0.0 bounds: (241,239),(409,239),(409,339),(241,339)
dacide 0.0 bounds: (241,239),(276,240),(276,246),(241,245)
doridad 0.0 bounds: (284,241),(321,242),(321,248),(284,247)
fes 0.0 bounds: (327,243),(344,244),(344,250),(327,249)
HOTEL 0.0 bounds: (369,243),(408,244),(408,253),(369,252)
BANGALORE 0.0 bounds: (241,253),(354,256),(354,271),(241,268)
GATE 0.0 bounds: (363,257),(409,258),(409,271),(363,270)
ADIGA'S 0.0 bounds: (352,321),(401,321),(401,339),(352,339)
