YES BAN
Banking
VES BANK
యనా బ్యాంతో
t og Aok
Wend &
LORD'S
STATIO
SRI DHANALAKSHMI
OK CENTER
5OO
 0.0 bounds: (595,-3),(1024,-3),(1024,465),(595,465)
YES 0.0 bounds: (595,47),(622,28),(632,43),(605,62)
BAN 0.0 bounds: (639,19),(670,-3),(679,10),(648,32)
Banking 0.0 bounds: (936,15),(969,-2),(974,9),(941,26)
VES 0.0 bounds: (636,224),(671,211),(677,229),(643,242)
BANK 0.0 bounds: (675,211),(741,187),(747,204),(681,228)
యనా 0.0 bounds: (791,192),(824,180),(830,197),(797,209)
బ్యాంతో 0.0 bounds: (829,178),(861,166),(867,183),(835,195)
t 0.0 bounds: (951,231),(958,229),(960,240),(953,242)
og 0.0 bounds: (959,231),(972,228),(973,234),(960,237)
Aok 0.0 bounds: (984,223),(1021,215),(1023,226),(986,234)
Wend 0.0 bounds: (999,233),(1017,229),(1018,237),(1001,241)
& 0.0 bounds: (1019,229),(1020,229),(1021,236),(1020,236)
LORD'S 0.0 bounds: (834,378),(894,370),(897,391),(837,400)
STATIO 0.0 bounds: (834,404),(872,394),(875,407),(837,417)
SRI 0.0 bounds: (847,459),(857,447),(865,453),(855,465)
DHANALAKSHMI 0.0 bounds: (858,444),(899,395),(908,402),(866,451)
OK 0.0 bounds: (869,446),(878,434),(885,439),(875,451)
CENTER 0.0 bounds: (879,433),(893,416),(900,422),(886,439)
5OO 0.0 bounds: (865,454),(876,441),(880,445),(870,458)
