Kosty'
ARTA
FRESH
FRUTS
Monarch
M Hotel
EIFTH
 0.0 bounds: (233,218),(992,218),(992,338),(233,338)
Kosty' 0.0 bounds: (234,240),(260,240),(260,247),(234,247)
ARTA 0.0 bounds: (233,256),(254,256),(254,262),(233,262)
FRESH 0.0 bounds: (961,221),(990,218),(990,224),(962,227)
FRUTS 0.0 bounds: (961,227),(991,224),(991,230),(962,233)
Monarch 0.0 bounds: (422,305),(469,301),(470,313),(423,317)
M 0.0 bounds: (441,319),(446,319),(447,329),(442,329)
Hotel 0.0 bounds: (451,318),(473,316),(474,326),(452,328)
EIFTH 0.0 bounds: (866,329),(898,326),(899,335),(867,338)
