SPECIALITY CEN
INN EAL Dn S.FAGE
ఇటి లనవు నోం
4.GE
REGIALIST
s,SHINNG SC
ROANC
SCHO
 0.0 bounds: (897,230),(1027,230),(1027,327),(897,327)
SPECIALITY 0.0 bounds: (949,278),(999,253),(1010,274),(960,299)
CEN 0.0 bounds: (1002,253),(1017,245),(1027,265),(1012,273)
INN 0.0 bounds: (902,300),(928,294),(931,307),(905,313)
EAL 0.0 bounds: (930,294),(956,288),(959,300),(933,306)
Dn 0.0 bounds: (958,287),(986,281),(989,293),(961,300)
S.FAGE 0.0 bounds: (989,280),(1017,274),(1020,286),(992,293)
ఇటి 0.0 bounds: (897,291),(919,279),(925,291),(903,302)
లనవు 0.0 bounds: (922,277),(989,241),(996,253),(929,289)
నోం 0.0 bounds: (992,240),(1010,230),(1017,241),(998,251)
4.GE 0.0 bounds: (1002,279),(1018,273),(1021,280),(1005,286)
REGIALIST 0.0 bounds: (972,297),(1018,282),(1020,291),(975,306)
s,SHINNG 0.0 bounds: (955,315),(996,305),(998,314),(957,324)
SC 0.0 bounds: (1003,307),(1014,304),(1015,309),(1004,312)
ROANC 0.0 bounds: (962,320),(1001,319),(1001,326),(962,327)
SCHO 0.0 bounds: (1003,308),(1021,301),(1023,307),(1005,314)
