FREE ATERATION CAMP
FIRST TIME EVER
PLANET FASHIO
LOUIS PHILIPPE
YANHERSEN
Alen Soly
In
bandand Shivajinagar
BOTA de Ulsoor Lakee
habr Jayamahal →
8-TRAC
 0.0 bounds: (368,53),(935,53),(935,327),(368,327)
FREE 0.0 bounds: (860,53),(880,58),(877,70),(857,65)
ATERATION 0.0 bounds: (882,59),(915,68),(912,79),(879,71)
CAMP 0.0 bounds: (917,68),(935,73),(932,84),(914,80)
FIRST 0.0 bounds: (878,89),(894,94),(891,104),(875,100)
TIME 0.0 bounds: (896,94),(908,97),(904,108),(893,105)
EVER 0.0 bounds: (909,98),(920,101),(916,112),(906,109)
PLANET 0.0 bounds: (879,109),(903,114),(901,125),(877,120)
FASHIO 0.0 bounds: (905,115),(925,119),(922,129),(903,125)
LOUIS 0.0 bounds: (736,128),(759,132),(757,138),(735,134)
PHILIPPE 0.0 bounds: (764,132),(798,139),(797,148),(762,141)
YANHERSEN 0.0 bounds: (812,142),(847,148),(846,156),(811,150)
Alen 0.0 bounds: (867,154),(880,156),(879,162),(866,160)
Soly 0.0 bounds: (882,157),(896,159),(895,166),(881,164)
In 0.0 bounds: (866,319),(876,319),(876,327),(866,327)
bandand 0.0 bounds: (373,242),(408,251),(404,266),(369,258)
Shivajinagar 0.0 bounds: (416,251),(459,261),(454,279),(412,268)
BOTA 0.0 bounds: (372,261),(400,267),(397,281),(369,275)
de 0.0 bounds: (403,269),(417,272),(414,285),(400,282)
Ulsoor 0.0 bounds: (419,272),(437,276),(433,290),(416,286)
Lakee 0.0 bounds: (440,277),(469,284),(466,297),(437,291)
habr 0.0 bounds: (371,280),(405,287),(402,301),(368,294)
Jayamahal 0.0 bounds: (415,290),(447,297),(445,310),(412,303)
→ 0.0 bounds: (454,298),(466,301),(463,313),(451,311)
8-TRAC 0.0 bounds: (412,306),(441,311),(439,319),(411,314)
