KANCHEEVARAM DRESS MATERI
DEADYMADE AMIENS WOMENS
SIndars
WHOL ESALE
AYA EWELLERY
Eashie kw
COLLECTONS
RU
RUKMIN
WALL
EWELLERY
MLME
A sacto dade ad
SRI MARUTHỊ
V SILKS
EMNGS
 0.0 bounds: (191,-11),(1024,-11),(1024,421),(191,421)
KANCHEEVARAM 0.0 bounds: (719,145),(847,86),(855,104),(727,162)
DRESS 0.0 bounds: (854,84),(919,55),(926,71),(861,100)
MATERI 0.0 bounds: (921,53),(1015,10),(1023,28),(929,70)
DEADYMADE 0.0 bounds: (721,161),(807,125),(817,149),(731,185)
AMIENS 0.0 bounds: (813,123),(880,95),(890,118),(823,146)
WOMENS 0.0 bounds: (890,91),(1014,40),(1023,63),(900,114)
SIndars 0.0 bounds: (722,83),(951,-11),(966,27),(738,121)
WHOL 0.0 bounds: (770,107),(836,76),(843,91),(777,121)
ESALE 0.0 bounds: (866,62),(933,31),(940,45),(873,76)
AYA 0.0 bounds: (277,250),(301,244),(307,266),(283,272)
EWELLERY 0.0 bounds: (302,239),(359,224),(367,253),(310,268)
Eashie 0.0 bounds: (312,259),(335,254),(336,263),(314,268)
kw 0.0 bounds: (337,256),(348,254),(349,260),(338,262)
COLLECTONS 0.0 bounds: (385,261),(420,264),(419,272),(384,269)
RU 0.0 bounds: (743,209),(789,217),(781,263),(735,254)
RUKMIN 0.0 bounds: (879,192),(908,188),(909,197),(880,201)
WALL 0.0 bounds: (883,201),(905,199),(906,206),(884,208)
EWELLERY 0.0 bounds: (506,309),(539,302),(542,316),(509,323)
MLME 0.0 bounds: (395,342),(417,341),(417,347),(395,348)
A 0.0 bounds: (191,388),(197,387),(199,396),(193,397)
sacto 0.0 bounds: (204,386),(230,381),(231,390),(206,395)
dade 0.0 bounds: (233,380),(254,376),(255,386),(235,390)
ad 0.0 bounds: (256,376),(266,374),(267,383),(258,385)
SRI 0.0 bounds: (198,401),(218,398),(220,410),(200,414)
MARUTHỊ 0.0 bounds: (220,400),(279,390),(281,399),(222,409)
V 0.0 bounds: (253,410),(260,409),(261,420),(254,421)
SILKS 0.0 bounds: (262,408),(286,405),(287,417),(264,420)
EMNGS 0.0 bounds: (400,415),(422,414),(422,420),(400,421)
