LIMITED PERIOD PRE-LAUNCH OFFER
pebble bay
BEDROOM APARIME
goKINGS NOW OFEN
88012222 8088023331
బెంగేళూరు సేగేరే నెంబారె వూలజనో
BANGALORE CITY TRAFFIC POLICE
ON PARK ES
ARKING
ca
DON'T DRINK AND DRIVE.
Kuson
BIRLA
SHAKTI
CEMENT
RLA
Trusted Technolon
 0.0 bounds: (166,220),(821,220),(821,768),(166,768)
LIMITED 0.0 bounds: (393,220),(423,226),(422,232),(392,226)
PERIOD 0.0 bounds: (426,227),(453,232),(451,238),(425,233)
PRE-LAUNCH 0.0 bounds: (456,232),(500,241),(499,248),(454,240)
OFFER 0.0 bounds: (503,242),(522,246),(521,251),(502,247)
pebble 0.0 bounds: (382,267),(408,269),(407,277),(381,275)
bay 0.0 bounds: (411,271),(423,272),(423,278),(411,277)
BEDROOM 0.0 bounds: (486,280),(513,284),(512,291),(485,287)
APARIME 0.0 bounds: (516,284),(542,288),(541,296),(515,292)
goKINGS 0.0 bounds: (357,294),(388,297),(387,307),(356,304)
NOW 0.0 bounds: (390,297),(406,299),(405,309),(389,307)
OFEN 0.0 bounds: (407,302),(424,304),(423,309),(407,307)
88012222 0.0 bounds: (356,303),(400,307),(399,317),(355,313)
8088023331 0.0 bounds: (408,308),(463,314),(462,325),(407,319)
బెంగేళూరు 0.0 bounds: (530,596),(638,603),(636,626),(529,619)
సేగేరే 0.0 bounds: (644,605),(681,607),(680,623),(643,621)
నెంబారె 0.0 bounds: (688,607),(744,610),(743,627),(687,624)
వూలజనో 0.0 bounds: (751,609),(818,613),(816,636),(750,632)
BANGALORE 0.0 bounds: (168,587),(232,589),(231,606),(167,604)
CITY 0.0 bounds: (234,589),(258,590),(257,607),(233,606)
TRAFFIC 0.0 bounds: (261,590),(309,592),(308,609),(260,607)
POLICE 0.0 bounds: (311,589),(359,591),(358,612),(310,610)
ON 0.0 bounds: (764,633),(783,634),(782,644),(763,643)
PARK 0.0 bounds: (785,634),(803,635),(802,645),(784,644)
ES 0.0 bounds: (811,637),(821,638),(820,647),(810,646)
ARKING 0.0 bounds: (659,640),(768,648),(766,667),(658,659)
ca 0.0 bounds: (308,614),(321,614),(321,623),(308,623)
DON'T 0.0 bounds: (167,617),(226,620),(225,639),(166,636)
DRINK 0.0 bounds: (230,622),(274,624),(273,640),(229,638)
AND 0.0 bounds: (279,625),(306,626),(305,641),(278,640)
DRIVE. 0.0 bounds: (310,626),(360,628),(359,643),(309,641)
Kuson 0.0 bounds: (338,689),(362,689),(362,700),(338,700)
BIRLA 0.0 bounds: (245,690),(338,698),(335,726),(242,718)
SHAKTI 0.0 bounds: (239,715),(341,726),(339,747),(237,736)
CEMENT 0.0 bounds: (240,736),(339,745),(337,765),(238,756)
RLA 0.0 bounds: (696,729),(801,737),(798,768),(694,760)
Trusted 0.0 bounds: (184,753),(215,755),(214,764),(183,762)
Technolon 0.0 bounds: (218,756),(264,760),(263,768),(217,764)
