resin LS
A Arp
NAL M N
ONCOLOor
 0.0 bounds: (-1,62),(198,62),(198,393),(-1,393)
resin 0.0 bounds: (4,62),(24,73),(19,81),(0,70)
LS 0.0 bounds: (45,83),(70,97),(65,106),(40,92)
A 0.0 bounds: (149,362),(154,362),(154,368),(149,368)
Arp 0.0 bounds: (188,362),(198,362),(198,368),(188,368)
NAL 0.0 bounds: (153,379),(168,379),(168,385),(153,385)
M 0.0 bounds: (170,379),(172,379),(172,385),(170,385)
N 0.0 bounds: (187,379),(189,379),(189,385),(187,385)
ONCOLOor 0.0 bounds: (144,387),(171,386),(171,392),(144,393)
