UN IN
HO EL
GOOD WILL CAR
BUY ING SELLING S.
ARS EXCHAINGING ALTigec OF
OM INDIAN GLIMPORTED CAS
ar, Bangalere 560021
KAUS AF 1546
 0.0 bounds: (0,88),(977,88),(977,730),(0,730)
UN 0.0 bounds: (905,88),(936,92),(934,107),(903,103)
IN 0.0 bounds: (953,93),(974,96),(972,110),(951,107)
HO 0.0 bounds: (906,105),(932,108),(930,125),(904,122)
EL 0.0 bounds: (948,110),(977,113),(975,130),(946,127)
GOOD 0.0 bounds: (191,290),(255,318),(246,339),(182,311)
WILL 0.0 bounds: (258,321),(299,339),(292,355),(251,338)
CAR 0.0 bounds: (303,344),(331,356),(325,369),(297,357)
BUY 0.0 bounds: (52,459),(74,459),(74,469),(52,469)
ING 0.0 bounds: (77,458),(93,458),(93,468),(77,468)
SELLING 0.0 bounds: (101,456),(142,456),(142,469),(101,469)
S. 0.0 bounds: (145,456),(156,456),(156,470),(145,470)
ARS 0.0 bounds: (3,462),(54,464),(53,484),(2,482)
EXCHAINGING 0.0 bounds: (52,465),(114,468),(113,488),(51,485)
ALTigec 0.0 bounds: (116,468),(147,469),(146,489),(115,488)
OF 0.0 bounds: (149,470),(157,470),(156,489),(148,489)
OM 0.0 bounds: (0,489),(34,488),(34,504),(0,505)
INDIAN 0.0 bounds: (53,488),(86,487),(86,499),(53,500)
GLIMPORTED 0.0 bounds: (88,486),(136,485),(136,502),(89,503)
CAS 0.0 bounds: (138,485),(153,485),(153,501),(138,501)
ar, 0.0 bounds: (7,505),(22,505),(22,516),(7,516)
Bangalere 0.0 bounds: (21,505),(60,505),(60,516),(21,516)
560021 0.0 bounds: (65,506),(95,506),(95,514),(65,514)
KAUS 0.0 bounds: (545,717),(571,718),(571,730),(545,729)
AF 0.0 bounds: (573,718),(583,718),(583,729),(573,729)
1546 0.0 bounds: (585,718),(603,718),(603,729),(585,729)
