Adea 36
C RELATIONS OFFICE
STRY OF OFFENCE
 0.0 bounds: (932,482),(1024,482),(1024,571),(932,571)
Adea 0.0 bounds: (932,482),(949,482),(949,493),(932,493)
36 0.0 bounds: (958,483),(966,483),(966,490),(958,490)
C 0.0 bounds: (956,547),(962,547),(961,558),(955,558)
RELATIONS 0.0 bounds: (964,547),(1000,550),(999,562),(963,559)
OFFICE 0.0 bounds: (1001,552),(1024,554),(1023,563),(1000,561)
STRY 0.0 bounds: (957,559),(976,560),(975,568),(956,567)
OF 0.0 bounds: (978,561),(986,562),(985,569),(977,568)
OFFENCE 0.0 bounds: (993,564),(1019,566),(1019,571),(993,569)
