CER
LAKMÉ ABSOLUTE SALON
Ging buman
Rs. 99 MENU
Swamy dananda Road
 0.0 bounds: (192,46),(851,46),(851,411),(192,411)
CER 0.0 bounds: (192,46),(217,46),(217,59),(192,59)
LAKMÉ 0.0 bounds: (198,171),(268,173),(267,198),(197,196)
ABSOLUTE 0.0 bounds: (270,173),(402,177),(401,203),(269,199)
SALON 0.0 bounds: (413,177),(489,179),(488,205),(412,203)
Ging 0.0 bounds: (293,303),(309,303),(309,313),(293,313)
buman 0.0 bounds: (311,303),(328,303),(328,311),(311,311)
Rs. 0.0 bounds: (435,317),(449,318),(448,327),(434,326)
99 0.0 bounds: (448,320),(456,321),(456,328),(448,327)
MENU 0.0 bounds: (459,322),(475,323),(475,329),(459,328)
Swamy 0.0 bounds: (794,399),(814,400),(814,410),(794,409)
dananda 0.0 bounds: (821,401),(839,402),(839,410),(821,409)
Road 0.0 bounds: (841,403),(851,403),(851,411),(841,411)
