C arthahal Kathriguppe
ఫీజరిలో అా
HALE
BACE
EALE
FAVOURITE
ts SHOP
UPTO 29th JAM
Street Kammanahal
CEMENT
N STR
37
 0.0 bounds: (94,76),(899,76),(899,377),(94,377)
C 0.0 bounds: (722,145),(724,146),(722,152),(720,152)
arthahal 0.0 bounds: (741,148),(770,149),(770,156),(741,155)
Kathriguppe 0.0 bounds: (781,146),(821,144),(821,153),(781,155)
ఫీజరిలో 0.0 bounds: (741,77),(769,76),(769,85),(741,86)
అా 0.0 bounds: (772,77),(787,76),(787,82),(772,83)
HALE 0.0 bounds: (831,80),(882,78),(883,100),(832,102)
BACE 0.0 bounds: (643,100),(702,104),(700,123),(642,119)
EALE 0.0 bounds: (645,121),(701,120),(701,138),(645,139)
FAVOURITE 0.0 bounds: (753,95),(806,93),(806,103),(753,105)
ts 0.0 bounds: (734,103),(759,102),(760,117),(735,118)
SHOP 0.0 bounds: (757,101),(784,100),(785,114),(758,115)
UPTO 0.0 bounds: (747,128),(765,127),(765,132),(747,133)
29th 0.0 bounds: (768,127),(783,126),(783,131),(768,132)
JAM 0.0 bounds: (786,126),(799,125),(799,129),(786,130)
Street 0.0 bounds: (759,141),(779,140),(779,144),(759,145)
Kammanahal 0.0 bounds: (782,139),(831,136),(831,141),(782,145)
CEMENT 0.0 bounds: (857,183),(895,177),(899,196),(860,203)
N 0.0 bounds: (879,206),(884,205),(885,216),(881,217)
STR 0.0 bounds: (886,205),(896,204),(897,214),(888,216)
37 0.0 bounds: (94,366),(111,362),(113,373),(97,377)
