TIME
Nater Resistant
Den
8880 55 5s/1800 311
49120
RCH
Low-light Camera (F1.7)
 0.0 bounds: (14,1),(634,1),(634,98),(14,98)
TIME 0.0 bounds: (89,21),(117,22),(117,34),(89,33)
Nater 0.0 bounds: (250,11),(289,7),(290,24),(252,28)
Resistant 0.0 bounds: (294,7),(350,2),(351,19),(296,24)
Den 0.0 bounds: (15,33),(39,35),(38,40),(15,38)
8880 0.0 bounds: (547,21),(565,17),(566,23),(548,27)
55 0.0 bounds: (567,15),(583,12),(584,19),(568,22)
5s/1800 0.0 bounds: (587,13),(618,7),(619,11),(588,18)
311 0.0 bounds: (622,3),(632,1),(633,9),(624,11)
49120 0.0 bounds: (97,56),(124,56),(124,65),(97,65)
RCH 0.0 bounds: (162,74),(184,71),(185,77),(163,80)
Low-light 0.0 bounds: (249,87),(295,81),(296,91),(251,98)
Camera 0.0 bounds: (298,81),(334,76),(335,84),(299,89)
(F1.7) 0.0 bounds: (337,75),(361,72),(362,81),(338,84)
