AYA BANK
ఎక్షిబిత్సే
2.
ROV RIDCETOP DENA
Coca-Cola
TEA
జ్యూగో జండలనోUICE JUNCTIN
FTS
 0.0 bounds: (-1,21),(808,21),(808,296),(-1,296)
AYA 0.0 bounds: (759,169),(783,168),(783,177),(759,178)
BANK 0.0 bounds: (788,169),(808,168),(808,177),(788,178)
ఎక్షిబిత్సే 0.0 bounds: (16,21),(93,63),(80,88),(3,46)
2. 0.0 bounds: (73,78),(82,82),(80,88),(70,85)
ROV 0.0 bounds: (270,189),(294,201),(289,212),(264,201)
RIDCETOP 0.0 bounds: (298,202),(326,216),(320,227),(292,214)
DENA 0.0 bounds: (327,217),(344,225),(339,236),(322,228)
Coca-Cola 0.0 bounds: (159,174),(204,195),(195,214),(150,193)
TEA 0.0 bounds: (349,276),(384,287),(382,296),(346,285)
జ్యూగో 0.0 bounds: (66,189),(101,201),(95,217),(60,205)
జండలనోUICE 0.0 bounds: (103,203),(162,223),(156,239),(97,219)
JUNCTIN 0.0 bounds: (164,224),(195,235),(190,251),(158,240)
FTS 0.0 bounds: (4,197),(26,204),(22,218),(0,211)
