THE TENTHG PROPIE
וח
Ontrack SMSONG
PREFERRED PARTNER
Connectto smartphone
RIDHI SIDHI MOBILES
TES
ocielo
ANOS
 0.0 bounds: (76,117),(669,117),(669,723),(76,723)
THE 0.0 bounds: (268,117),(304,131),(299,146),(262,132)
TENTHG 0.0 bounds: (305,134),(371,159),(368,169),(301,144)
PROPIE 0.0 bounds: (373,161),(424,180),(420,192),(369,172)
וח 0.0 bounds: (81,261),(145,269),(140,306),(76,299)
Ontrack 0.0 bounds: (425,331),(556,346),(552,382),(421,367)
SMSONG 0.0 bounds: (567,344),(669,356),(665,397),(562,385)
PREFERRED 0.0 bounds: (321,358),(367,364),(365,374),(320,368)
PARTNER 0.0 bounds: (368,367),(401,372),(400,379),(367,374)
Connectto 0.0 bounds: (472,380),(535,387),(533,404),(470,397)
smartphone 0.0 bounds: (569,390),(667,401),(665,419),(567,408)
RIDHI 0.0 bounds: (132,700),(176,691),(179,704),(135,713)
SIDHI 0.0 bounds: (181,689),(217,682),(220,694),(184,702)
MOBILES 0.0 bounds: (221,681),(274,670),(277,683),(224,694)
TES 0.0 bounds: (216,713),(250,707),(252,717),(218,723)
ocielo 0.0 bounds: (351,688),(316,699),(313,691),(349,680)
ANOS 0.0 bounds: (637,459),(644,525),(625,527),(618,461)
