WAY TO MUSEUM & VENKATAPPA
ART GALLERY
చే నంగ్రడాలయి మకపంజబ
జిప్రాలగే దారి
 0.0 bounds: (593,299),(774,299),(774,357),(593,357)
WAY 0.0 bounds: (593,304),(613,304),(613,311),(593,311)
TO 0.0 bounds: (619,303),(631,303),(631,310),(619,310)
MUSEUM 0.0 bounds: (636,302),(682,301),(682,309),(636,310)
& 0.0 bounds: (688,300),(696,300),(696,311),(688,311)
VENKATAPPA 0.0 bounds: (699,300),(774,299),(774,309),(699,310)
ART 0.0 bounds: (643,316),(662,316),(662,323),(643,323)
GALLERY 0.0 bounds: (668,315),(717,314),(717,323),(668,324)
చే 0.0 bounds: (595,332),(615,332),(615,341),(595,341)
నంగ్రడాలయి 0.0 bounds: (622,328),(683,328),(683,341),(622,341)
మకపంజబ 0.0 bounds: (689,328),(758,328),(758,341),(689,341)
జిప్రాలగే 0.0 bounds: (640,345),(692,345),(692,357),(640,357)
దారి 0.0 bounds: (694,347),(719,347),(719,355),(694,355)
