మ చేరదో
GREAT
KAMLA PRSAND
2020 m
kya mil
2020
१2020
LArャ
 0.0 bounds: (220,200),(989,200),(989,319),(220,319)
మ 0.0 bounds: (444,217),(463,217),(463,223),(444,223)
చేరదో 0.0 bounds: (467,215),(490,215),(490,221),(467,221)
GREAT 0.0 bounds: (549,213),(574,206),(577,218),(552,225)
KAMLA 0.0 bounds: (220,234),(281,234),(281,258),(220,258)
PRSAND 0.0 bounds: (287,234),(360,234),(360,257),(287,257)
2020 0.0 bounds: (887,202),(955,201),(955,217),(887,218)
m 0.0 bounds: (966,200),(989,200),(989,218),(966,218)
kya 0.0 bounds: (882,228),(925,226),(926,246),(883,248)
mil 0.0 bounds: (935,224),(980,221),(981,243),(936,246)
2020 0.0 bounds: (710,251),(730,251),(730,258),(710,258)
१2020 0.0 bounds: (837,247),(858,246),(858,254),(837,255)
LAr 0.0 bounds: (465,284),(618,285),(618,319),(465,318)
ャ 0.0 bounds: (620,285),(675,285),(675,318),(620,318)
