WORLD of TITAN
OTEL
ATE
* TITAN WE
MOHAN ARTS
PROFESSIONAL
COURIERS
DOCKUNI
 0.0 bounds: (54,157),(592,157),(592,569),(54,569)
WORLD 0.0 bounds: (68,157),(145,200),(131,224),(54,181)
of 0.0 bounds: (152,204),(167,212),(155,233),(140,225)
TITAN 0.0 bounds: (173,215),(240,252),(230,272),(162,234)
OTEL 0.0 bounds: (539,382),(585,381),(585,398),(539,399)
ATE 0.0 bounds: (524,394),(592,394),(592,423),(524,423)
* 0.0 bounds: (411,380),(421,379),(422,390),(412,391)
TITAN 0.0 bounds: (431,378),(462,376),(463,388),(432,390)
WE 0.0 bounds: (471,376),(490,375),(490,384),(472,385)
MOHAN 0.0 bounds: (471,470),(499,471),(499,480),(471,479)
ARTS 0.0 bounds: (502,471),(519,471),(519,480),(502,480)
PROFESSIONAL 0.0 bounds: (263,541),(391,541),(391,555),(263,555)
COURIERS 0.0 bounds: (341,556),(377,554),(377,559),(341,561)
DOCKUNI 0.0 bounds: (268,560),(304,562),(304,569),(268,567)
