Basket
ad
all for Free Home Delivery
NIANES
 0.0 bounds: (0,19),(292,19),(292,579),(0,579)
Basket 0.0 bounds: (10,19),(57,43),(50,57),(3,32)
ad 0.0 bounds: (6,224),(19,228),(17,235),(4,231)
all 0.0 bounds: (3,252),(12,255),(9,263),(0,261)
for 0.0 bounds: (15,257),(27,261),(25,267),(13,264)
Free 0.0 bounds: (31,263),(50,269),(48,274),(29,269)
Home 0.0 bounds: (54,269),(80,277),(78,283),(52,276)
Delivery 0.0 bounds: (83,278),(118,289),(116,296),(81,286)
NIANES 0.0 bounds: (293,580),(270,580),(270,574),(293,574)
