AVITEPHOTOGRAPHY
১
E RE
AU SALL FANCE
ATH
 0.0 bounds: (-1,127),(924,127),(924,474),(-1,474)
AVITEPHOTOGRAPHY 0.0 bounds: (14,127),(158,233),(144,253),(0,146)
১ 0.0 bounds: (6,152),(11,156),(4,164),(0,161)
E 0.0 bounds: (893,466),(907,464),(908,472),(894,474)
RE 0.0 bounds: (911,461),(923,459),(924,469),(912,471)
AU 0.0 bounds: (15,302),(26,306),(23,316),(11,311)
SALL 0.0 bounds: (28,307),(43,313),(39,322),(24,316)
FANCE 0.0 bounds: (46,313),(61,319),(57,330),(42,324)
ATH 0.0 bounds: (84,365),(97,366),(96,373),(83,372)
