Pre
Stayo
e x MoX4
VISITTHE NEWY OENED
LUNCH BUFFET
AT INR 499 +GST
BUY 4 GET 1
celbrate EREF
 0.0 bounds: (708,228),(1023,228),(1023,387),(708,387)
Pre 0.0 bounds: (1000,228),(1023,228),(1023,243),(1000,243)
Stayo 0.0 bounds: (719,299),(741,300),(741,305),(719,304)
e 0.0 bounds: (708,310),(757,308),(757,320),(708,322)
x 0.0 bounds: (765,310),(773,310),(773,319),(765,319)
MoX4 0.0 bounds: (781,307),(817,306),(817,316),(781,317)
VISITTHE 0.0 bounds: (763,327),(782,327),(782,332),(763,332)
NEWY 0.0 bounds: (784,327),(801,327),(801,332),(784,332)
OENED 0.0 bounds: (803,327),(815,327),(815,332),(803,332)
LUNCH 0.0 bounds: (761,344),(786,344),(786,349),(761,349)
BUFFET 0.0 bounds: (790,345),(816,345),(816,350),(790,350)
AT 0.0 bounds: (758,353),(768,353),(768,357),(758,357)
INR 0.0 bounds: (771,353),(782,353),(782,357),(771,357)
499 0.0 bounds: (785,353),(796,353),(796,358),(785,358)
+GST 0.0 bounds: (800,354),(815,354),(815,358),(800,358)
BUY 0.0 bounds: (760,361),(779,362),(779,369),(760,368)
4 0.0 bounds: (782,362),(787,362),(787,368),(782,368)
GET 0.0 bounds: (791,362),(809,363),(809,371),(791,370)
1 0.0 bounds: (813,363),(815,363),(815,369),(813,369)
celbrate 0.0 bounds: (713,376),(745,375),(745,384),(713,385)
EREF 0.0 bounds: (773,375),(810,374),(810,386),(773,387)
