8884393575
EWLY OPENED
K.S.R.
PG
GENTS
FOR
ouble Road
Bus Stop
884393575
74366893
TAKE 'A' BREAK
VEG & NONVEG
Restaurant
BIRIYANI
FRIED RICE
VEG MEALS ITHALD
FISH CURRY MEALS
KERALA MEALS
PAROTA
93575 88843935
CHAPATHI
CHINESE
8884393575 8884393575 888439357
 0.0 bounds: (0,-4),(452,-4),(452,761),(0,761)
8884393575 0.0 bounds: (177,2),(341,87),(327,115),(163,30)
EWLY 0.0 bounds: (110,-4),(162,24),(155,37),(103,9)
OPENED 0.0 bounds: (170,31),(234,66),(228,78),(163,43)
K.S.R. 0.0 bounds: (126,21),(230,75),(210,112),(107,58)
PG 0.0 bounds: (80,32),(321,128),(261,276),(21,180)
GENTS 0.0 bounds: (21,187),(288,257),(267,337),(0,267)
FOR 0.0 bounds: (47,131),(166,176),(149,220),(30,175)
ouble 0.0 bounds: (10,288),(166,316),(155,373),(0,345)
Road 0.0 bounds: (183,318),(286,336),(276,394),(173,375)
Bus 0.0 bounds: (7,347),(115,365),(108,407),(0,389)
Stop 0.0 bounds: (134,366),(238,383),(231,424),(127,407)
884393575 0.0 bounds: (3,406),(285,415),(282,503),(0,494)
74366893 0.0 bounds: (20,516),(287,496),(292,565),(25,585)
TAKE 0.0 bounds: (373,574),(400,574),(400,583),(373,583)
'A' 0.0 bounds: (404,574),(415,574),(415,583),(404,583)
BREAK 0.0 bounds: (420,575),(451,575),(451,583),(420,583)
VEG 0.0 bounds: (366,588),(390,588),(390,599),(366,599)
& 0.0 bounds: (395,589),(402,589),(402,599),(395,599)
NONVEG 0.0 bounds: (407,588),(452,588),(452,598),(407,598)
Restaurant 0.0 bounds: (392,604),(433,604),(433,611),(392,611)
BIRIYANI 0.0 bounds: (354,624),(389,622),(390,635),(355,637)
FRIED 0.0 bounds: (355,642),(379,640),(380,651),(356,653)
RICE 0.0 bounds: (381,640),(395,639),(396,650),(382,651)
VEG 0.0 bounds: (354,659),(371,658),(372,670),(355,671)
MEALS 0.0 bounds: (373,658),(393,656),(394,668),(374,670)
ITHALD 0.0 bounds: (395,656),(419,654),(420,666),(396,668)
FISH 0.0 bounds: (353,676),(374,674),(375,686),(354,688)
CURRY 0.0 bounds: (376,674),(398,672),(399,684),(377,686)
MEALS 0.0 bounds: (400,672),(418,670),(419,682),(401,684)
KERALA 0.0 bounds: (354,694),(381,691),(382,704),(356,707)
MEALS 0.0 bounds: (383,691),(403,689),(404,700),(384,703)
PAROTA 0.0 bounds: (351,713),(382,709),(383,721),(353,725)
93575 0.0 bounds: (7,611),(118,590),(125,624),(14,645)
88843935 0.0 bounds: (127,588),(277,559),(284,593),(134,622)
CHAPATHI 0.0 bounds: (350,733),(387,728),(388,740),(352,745)
CHINESE 0.0 bounds: (353,750),(382,746),(383,757),(354,761)
8884393575 0.0 bounds: (327,108),(325,244),(294,243),(296,107)
8884393575 0.0 bounds: (325,251),(323,388),(292,387),(294,250)
888439357 0.0 bounds: (322,401),(320,528),(289,527),(291,400)
