এ भारत सरकार
TATA MINISTRY OF DEFENCE Aaieo LX
a GOVT OF INDIA
 0.0 bounds: (337,343),(577,343),(577,384),(337,384)
এ 0.0 bounds: (430,354),(449,352),(450,363),(431,365)
भारत 0.0 bounds: (453,351),(478,348),(479,358),(454,361)
सरकार 0.0 bounds: (484,347),(519,343),(520,355),(485,359)
TATA 0.0 bounds: (428,364),(452,362),(453,373),(429,375)
MINISTRY 0.0 bounds: (456,364),(483,362),(484,368),(457,371)
OF 0.0 bounds: (486,361),(492,360),(493,366),(487,367)
DEFENCE 0.0 bounds: (495,360),(521,358),(522,366),(496,368)
Aaieo 0.0 bounds: (525,356),(559,353),(560,363),(526,366)
LX 0.0 bounds: (564,356),(576,355),(577,361),(565,362)
a 0.0 bounds: (337,373),(344,372),(345,383),(338,384)
GOVT 0.0 bounds: (347,374),(368,372),(369,380),(348,382)
OF 0.0 bounds: (372,373),(382,372),(383,379),(373,380)
INDIA 0.0 bounds: (386,371),(408,369),(409,377),(387,379)
