SBL
BHAGYALAKSHMI
Sound o
K Horn.
407
Stop Sgnal
KA SLA 3882
 0.0 bounds: (395,305),(807,305),(807,561),(395,561)
SBL 0.0 bounds: (458,305),(537,309),(535,348),(456,344)
BHAGYALAKSHMI 0.0 bounds: (679,330),(756,332),(756,344),(679,342)
Sound 0.0 bounds: (441,412),(519,416),(518,440),(440,436)
o 0.0 bounds: (534,423),(551,424),(550,441),(533,440)
K 0.0 bounds: (671,423),(692,424),(691,454),(670,453)
Horn. 0.0 bounds: (685,427),(767,430),(766,452),(684,449)
407 0.0 bounds: (560,495),(631,498),(630,522),(559,519)
Stop 0.0 bounds: (397,515),(462,522),(459,543),(395,536)
Sgnal 0.0 bounds: (465,522),(494,525),(491,547),(463,544)
KA 0.0 bounds: (704,540),(727,541),(726,553),(703,552)
SLA 0.0 bounds: (731,539),(769,541),(768,557),(730,555)
3882 0.0 bounds: (772,542),(807,544),(806,560),(771,558)
