abgnalabrieb
Saad
CE
Peitd
landematharam Association
స 217, ఆరో.బి.టీ
doridac - 53
I20
 0.0 bounds: (100,80),(819,80),(819,647),(100,647)
abgnalabrieb 0.0 bounds: (438,97),(484,80),(489,93),(442,109)
Saad 0.0 bounds: (109,356),(199,371),(190,420),(101,404)
CE 0.0 bounds: (799,368),(814,359),(819,368),(804,377)
Peitd 0.0 bounds: (397,463),(427,461),(428,470),(398,472)
landematharam 0.0 bounds: (400,474),(459,470),(459,479),(401,483)
Association 0.0 bounds: (463,470),(504,467),(504,474),(463,477)
స 0.0 bounds: (399,514),(409,514),(409,518),(399,518)
217, 0.0 bounds: (416,511),(432,510),(432,516),(416,517)
ఆరో.బి.టీ 0.0 bounds: (438,509),(474,507),(474,517),(438,519)
doridac 0.0 bounds: (399,524),(437,521),(437,528),(399,531)
- 0.0 bounds: (444,525),(445,525),(445,525),(444,525)
53 0.0 bounds: (452,521),(462,520),(462,525),(452,526)
I20 0.0 bounds: (287,635),(316,633),(317,645),(288,647)
