go de coeto
foshy's Chillout
iny
Panaidet Stone
HTERE
TE PARKING
圖
 0.0 bounds: (101,133),(904,133),(904,463),(101,463)
go 0.0 bounds: (653,184),(671,182),(672,192),(654,194)
de 0.0 bounds: (670,184),(678,183),(679,189),(671,190)
coeto 0.0 bounds: (683,183),(727,179),(728,187),(684,191)
foshy's 0.0 bounds: (257,221),(391,213),(393,256),(260,264)
Chillout 0.0 bounds: (406,217),(567,207),(568,234),(408,244)
iny 0.0 bounds: (204,234),(227,232),(228,242),(205,244)
Panaidet 0.0 bounds: (277,295),(483,292),(484,364),(278,367)
Stone 0.0 bounds: (444,293),(623,290),(624,361),(445,364)
HTERE 0.0 bounds: (101,433),(131,433),(131,438),(101,438)
TE 0.0 bounds: (864,451),(874,452),(873,463),(863,462)
PARKING 0.0 bounds: (878,454),(904,456),(904,463),(878,461)
圖 0.0 bounds: (239,133),(238,190),(215,190),(216,133)
