A.C.R
GICICI PRUDENTIAL
LIFE
INSU EANCE
Advaith H
All New CRETA
The Ultimate SUV
 0.0 bounds: (393,102),(853,102),(853,701),(393,701)
A.C.R 0.0 bounds: (561,104),(626,102),(626,114),(561,116)
GICICI 0.0 bounds: (396,479),(497,492),(494,515),(393,502)
PRUDENTIAL 0.0 bounds: (510,493),(627,508),(624,532),(507,517)
LIFE 0.0 bounds: (418,514),(459,519),(458,526),(417,521)
INSU 0.0 bounds: (483,520),(530,524),(529,534),(482,530)
EANCE 0.0 bounds: (533,525),(597,531),(596,541),(532,535)
Advaith 0.0 bounds: (722,584),(821,597),(817,629),(718,616)
H 0.0 bounds: (829,598),(853,601),(849,632),(825,629)
All 0.0 bounds: (640,682),(648,682),(648,688),(640,688)
New 0.0 bounds: (651,682),(668,683),(668,689),(651,688)
CRETA 0.0 bounds: (672,683),(698,684),(698,693),(672,692)
The 0.0 bounds: (652,691),(666,692),(666,699),(652,698)
Ultimate 0.0 bounds: (669,691),(703,692),(703,700),(669,699)
SUV 0.0 bounds: (706,694),(722,695),(722,701),(706,700)
