NUE
SHOIE
suta
CATY
thinted he caonobles
AlandnenSAACa
Glope
 0.0 bounds: (-2,415),(386,415),(386,654),(-2,654)
NUE 0.0 bounds: (5,415),(41,420),(36,452),(0,447)
SHOIE 0.0 bounds: (18,462),(-1,457),(1,447),(21,451)
suta 0.0 bounds: (375,472),(386,472),(386,475),(375,475)
CATY 0.0 bounds: (251,515),(287,516),(287,523),(251,522)
thinted 0.0 bounds: (92,622),(114,622),(114,628),(92,628)
he 0.0 bounds: (116,622),(124,622),(124,628),(116,628)
caonobles 0.0 bounds: (126,624),(162,624),(162,628),(126,628)
AlandnenSAACa 0.0 bounds: (91,630),(159,630),(159,636),(91,636)
Glope 0.0 bounds: (91,648),(112,648),(112,654),(91,654)
