ADASHBUTERS
SUPERSOMIC CARRIER
SO Sagar
RIERS LIMITED
Alravat
club class
 0.0 bounds: (113,228),(1007,228),(1007,423),(113,423)
ADASHBUTERS 0.0 bounds: (825,236),(879,234),(879,242),(825,244)
SUPERSOMIC 0.0 bounds: (911,231),(966,229),(966,241),(911,243)
CARRIER 0.0 bounds: (972,229),(1006,228),(1006,240),(972,241)
SO 0.0 bounds: (823,286),(864,286),(864,297),(823,297)
Sagar 0.0 bounds: (876,286),(918,286),(918,297),(876,297)
RIERS 0.0 bounds: (819,305),(848,305),(848,317),(819,317)
LIMITED 0.0 bounds: (852,308),(885,308),(885,316),(852,316)
Alravat 0.0 bounds: (118,349),(225,358),(220,418),(113,410)
club 0.0 bounds: (194,412),(208,412),(208,423),(194,423)
class 0.0 bounds: (210,412),(225,412),(225,422),(210,422)
