cdae
XMI
SULIKCS
SIVE WEDDING COLLECTIONS
Sce
CHIPURAM SOCIETY SAREES G
LomdnakeAu
 0.0 bounds: (0,200),(653,200),(653,457),(0,457)
cdae 0.0 bounds: (611,209),(647,200),(649,210),(613,219)
XMI 0.0 bounds: (15,282),(73,295),(66,325),(8,312)
SULIKCS 0.0 bounds: (57,322),(115,334),(111,352),(53,341)
SIVE 0.0 bounds: (2,337),(16,340),(14,348),(0,346)
WEDDING 0.0 bounds: (19,340),(50,346),(49,355),(17,349)
COLLECTIONS 0.0 bounds: (53,346),(95,354),(93,364),(51,356)
Sce 0.0 bounds: (288,358),(361,376),(352,412),(279,394)
CHIPURAM 0.0 bounds: (3,361),(60,370),(57,390),(0,381)
SOCIETY 0.0 bounds: (64,374),(104,380),(101,396),(61,390)
SAREES 0.0 bounds: (109,381),(143,386),(140,401),(107,396)
G 0.0 bounds: (146,385),(160,387),(157,404),(143,402)
LomdnakeAu 0.0 bounds: (601,450),(653,446),(653,453),(601,457)
