STAR
CADE OF IRUST
A DECADE OF
PROTECTING HEALTH.
IMAGINATION IS THE BEGINGR
OF CREATION
SMS STAR" to 55677
LAQIHMDs OROUP SA oro
HP
Free : 1800-20
WEGSIGI
 0.0 bounds: (96,99),(572,99),(572,408),(96,408)
STAR 0.0 bounds: (496,104),(532,99),(534,115),(498,120)
CADE 0.0 bounds: (485,151),(517,148),(518,162),(487,166)
OF 0.0 bounds: (521,151),(531,150),(532,159),(522,160)
IRUST 0.0 bounds: (535,146),(563,143),(564,158),(537,161)
A 0.0 bounds: (498,171),(506,170),(508,182),(500,184)
DECADE 0.0 bounds: (508,169),(536,164),(538,178),(510,183)
OF 0.0 bounds: (538,164),(550,162),(552,176),(540,178)
PROTECTING 0.0 bounds: (483,192),(532,186),(533,196),(484,202)
HEALTH. 0.0 bounds: (536,183),(570,179),(572,192),(538,197)
IMAGINATION 0.0 bounds: (96,269),(202,256),(203,266),(97,279)
IS 0.0 bounds: (210,254),(226,252),(228,267),(212,269)
THE 0.0 bounds: (226,254),(251,251),(252,260),(227,263)
BEGINGR 0.0 bounds: (258,247),(321,239),(322,255),(260,263)
OF 0.0 bounds: (175,276),(193,274),(194,284),(176,286)
CREATION 0.0 bounds: (199,272),(270,264),(271,275),(200,283)
SMS 0.0 bounds: (493,241),(507,239),(508,246),(494,248)
STAR" 0.0 bounds: (511,239),(537,235),(538,242),(512,246)
to 0.0 bounds: (538,236),(545,235),(546,240),(539,241)
55677 0.0 bounds: (547,231),(569,228),(570,237),(549,241)
LAQIHMDs 0.0 bounds: (113,310),(180,302),(182,311),(114,319)
OROUP 0.0 bounds: (182,301),(206,298),(207,308),(183,311)
SA 0.0 bounds: (208,298),(216,297),(217,307),(209,308)
oro 0.0 bounds: (241,294),(256,292),(257,302),(242,304)
HP 0.0 bounds: (205,320),(239,313),(243,331),(209,338)
Free 0.0 bounds: (105,348),(140,343),(141,354),(106,359)
: 0.0 bounds: (143,343),(151,342),(152,353),(144,354)
1800-20 0.0 bounds: (153,341),(199,335),(200,347),(155,353)
WEGSIGI 0.0 bounds: (346,400),(393,393),(395,400),(347,408)
