AWAY
OSCH
72 ASH SALE
SAVE 127 LACS
AUT SHEEN U CAR AKARSHAN
MOOD SONY J
 0.0 bounds: (8,394),(1019,394),(1019,501),(8,501)
AWAY 0.0 bounds: (478,394),(494,394),(494,400),(478,400)
OSCH 0.0 bounds: (9,462),(42,464),(41,477),(8,475)
72 0.0 bounds: (504,473),(519,473),(519,482),(504,482)
ASH 0.0 bounds: (521,474),(536,474),(536,482),(521,482)
SALE 0.0 bounds: (538,474),(554,475),(554,485),(538,484)
SAVE 0.0 bounds: (505,495),(519,494),(519,500),(505,501)
127 0.0 bounds: (523,493),(532,492),(533,499),(524,500)
LACS 0.0 bounds: (536,493),(552,492),(552,497),(536,498)
AUT 0.0 bounds: (811,488),(828,484),(830,497),(814,501)
SHEEN 0.0 bounds: (834,482),(874,473),(877,486),(837,496)
U 0.0 bounds: (880,472),(888,470),(891,483),(883,485)
CAR 0.0 bounds: (897,468),(913,464),(916,477),(900,481)
AKARSHAN 0.0 bounds: (915,464),(965,453),(968,466),(918,478)
MOOD 0.0 bounds: (966,491),(987,489),(988,495),(967,497)
SONY 0.0 bounds: (989,488),(1010,486),(1011,492),(990,494)
J 0.0 bounds: (1015,485),(1018,485),(1019,491),(1016,491)
