Kismet
CUCKOO CLOCKS
BUKH BAGAE
Ho
GO KUL
Bea
STUD
MADAN'S
 0.0 bounds: (8,171),(944,171),(944,384),(8,384)
Kismet 0.0 bounds: (896,171),(944,182),(939,202),(891,190)
CUCKOO 0.0 bounds: (880,198),(912,205),(909,220),(877,213)
CLOCKS 0.0 bounds: (915,205),(942,211),(939,227),(912,221)
BUKH 0.0 bounds: (660,246),(679,246),(679,248),(660,248)
BAGAE 0.0 bounds: (681,245),(710,245),(710,249),(681,249)
Ho 0.0 bounds: (13,257),(43,266),(38,281),(8,271)
GO 0.0 bounds: (236,262),(265,263),(264,279),(235,278)
KUL 0.0 bounds: (267,263),(291,264),(290,280),(266,279)
Bea 0.0 bounds: (802,328),(898,296),(909,329),(813,360)
STUD 0.0 bounds: (813,354),(890,336),(897,366),(820,384)
MADAN'S 0.0 bounds: (794,356),(824,348),(825,354),(796,362)
