Custe c cet
RTION
SOCIETY
SAREE
EMERALO
Sen
THA
 0.0 bounds: (1,114),(985,114),(985,466),(1,466)
Custe 0.0 bounds: (33,114),(70,124),(66,139),(29,128)
c 0.0 bounds: (71,126),(86,130),(83,143),(68,139)
cet 0.0 bounds: (90,132),(105,136),(102,149),(87,145)
RTION 0.0 bounds: (181,165),(250,186),(246,199),(177,177)
SOCIETY 0.0 bounds: (947,227),(985,226),(985,231),(947,232)
SAREE 0.0 bounds: (952,234),(979,233),(979,241),(952,242)
EMERALO 0.0 bounds: (111,436),(153,437),(153,448),(111,447)
Sen 0.0 bounds: (129,447),(146,447),(146,453),(129,453)
THA 0.0 bounds: (1,434),(35,431),(37,463),(3,466)
