MI
SILK
SILKS
LAXME
NNA
ColoRS
KXCLOSIVE WESDINS COLLE
KANCHIPURAM SOCIETY SAREES O
AX
 0.0 bounds: (0,-2),(262,-2),(262,372),(0,372)
MI 0.0 bounds: (194,-2),(228,16),(220,30),(187,12)
SILK 0.0 bounds: (196,21),(229,36),(225,45),(192,29)
SILKS 0.0 bounds: (85,132),(155,119),(158,135),(88,149)
LAXME 0.0 bounds: (120,272),(199,287),(193,315),(115,301)
NNA 0.0 bounds: (3,262),(55,267),(52,301),(0,297)
ColoRS 0.0 bounds: (16,295),(79,300),(77,326),(14,321)
KXCLOSIVE 0.0 bounds: (131,320),(162,324),(160,334),(130,330)
WESDINS 0.0 bounds: (164,325),(184,328),(182,338),(163,335)
COLLE 0.0 bounds: (186,328),(203,330),(202,340),(185,338)
KANCHIPURAM 0.0 bounds: (136,342),(194,348),(192,364),(134,358)
SOCIETY 0.0 bounds: (196,348),(225,351),(223,368),(194,365)
SAREES 0.0 bounds: (227,352),(251,355),(249,371),(225,368)
O 0.0 bounds: (254,356),(262,357),(260,372),(252,371)
AX 0.0 bounds: (131,0),(132,67),(104,67),(103,0)
