బి.బిరెప్
B.Byrappa Saree M
B.Byragpe
Sarce Maseum
ANCHEEPURAN SOCET SHTEES
AspSWASTIK
ve Sarees & Dress Materials
 0.0 bounds: (373,97),(1024,97),(1024,558),(373,558)
బి.బిరెప్ 0.0 bounds: (416,97),(538,156),(520,192),(399,133)
B.Byrappa 0.0 bounds: (631,149),(831,122),(838,173),(638,201)
Saree 0.0 bounds: (839,119),(969,101),(975,145),(845,163)
M 0.0 bounds: (974,103),(1018,97),(1023,140),(980,146)
B.Byragpe 0.0 bounds: (393,179),(529,232),(510,282),(374,228)
Sarce 0.0 bounds: (402,245),(455,261),(448,283),(395,267)
Maseum 0.0 bounds: (432,254),(516,280),(509,302),(425,276)
ANCHEEPURAN 0.0 bounds: (400,286),(454,298),(450,315),(396,303)
SOCET 0.0 bounds: (456,299),(479,304),(476,321),(452,316)
SHTEES 0.0 bounds: (485,306),(511,312),(507,329),(481,323)
AspSWASTIK 0.0 bounds: (512,419),(1023,467),(1016,539),(505,491)
ve 0.0 bounds: (755,516),(774,519),(772,533),(753,531)
Sarees 0.0 bounds: (777,519),(816,524),(814,540),(775,535)
& 0.0 bounds: (824,526),(832,527),(830,542),(822,541)
Dress 0.0 bounds: (837,527),(875,532),(873,548),(835,543)
Materials 0.0 bounds: (881,533),(946,542),(944,558),(879,549)
