Washing
Sti Vinayaka
Bikes
For Dasara
SRI VINAYAKA
BIKE WORK
క్రిక నాయ గురు రాబర శైర్ిండో
SRI SAI GURU
RUBBER STAMP
CATUL
POLYMER SEAL
MOB 9379739113
 0.0 bounds: (65,31),(518,31),(518,486),(65,486)
Washing 0.0 bounds: (175,198),(221,204),(218,222),(173,216)
Sti 0.0 bounds: (69,31),(109,36),(105,65),(65,60)
Vinayaka 0.0 bounds: (117,37),(214,49),(211,78),(113,66)
Bikes 0.0 bounds: (70,62),(191,66),(190,93),(69,89)
For 0.0 bounds: (89,100),(112,102),(111,112),(88,110)
Dasara 0.0 bounds: (113,103),(158,107),(157,115),(112,111)
SRI 0.0 bounds: (75,130),(115,133),(113,154),(74,151)
VINAYAKA 0.0 bounds: (122,133),(224,140),(222,162),(120,155)
BIKE 0.0 bounds: (96,153),(142,155),(141,172),(95,170)
WORK 0.0 bounds: (153,154),(208,156),(207,176),(152,174)
క్రిక 0.0 bounds: (79,234),(97,235),(96,250),(78,249)
నాయ 0.0 bounds: (102,237),(132,239),(131,252),(101,250)
గురు 0.0 bounds: (141,240),(167,242),(166,252),(140,250)
రాబర 0.0 bounds: (175,241),(202,243),(201,258),(174,256)
శైర్ిండో 0.0 bounds: (210,243),(241,245),(240,260),(209,258)
SRI 0.0 bounds: (97,259),(131,260),(130,279),(96,278)
SAI 0.0 bounds: (139,261),(171,262),(170,281),(138,280)
GURU 0.0 bounds: (179,262),(234,264),(233,283),(178,281)
RUBBER 0.0 bounds: (85,283),(167,285),(166,303),(84,301)
STAMP 0.0 bounds: (178,285),(239,287),(238,306),(177,304)
CATUL 0.0 bounds: (454,342),(518,339),(518,346),(454,349)
POLYMER 0.0 bounds: (178,451),(210,425),(217,434),(185,460)
SEAL 0.0 bounds: (213,422),(229,409),(236,417),(220,431)
MOB 0.0 bounds: (110,474),(142,471),(143,483),(111,486)
9379739113 0.0 bounds: (159,469),(243,460),(244,473),(160,482)
