DOWNLOAD TE APP NOW
Use Code
YO
HONE
TUKTUK
For Extra Cash
CASHIFY.in
NDS
ASH
 0.0 bounds: (2,338),(272,338),(272,451),(2,451)
DOWNLOAD 0.0 bounds: (186,339),(224,339),(224,343),(186,343)
TE 0.0 bounds: (226,338),(237,338),(237,343),(226,343)
APP 0.0 bounds: (241,340),(253,340),(253,344),(241,344)
NOW 0.0 bounds: (255,340),(272,340),(272,345),(255,345)
Use 0.0 bounds: (211,356),(224,356),(224,361),(211,361)
Code 0.0 bounds: (227,356),(246,356),(246,362),(227,362)
YO 0.0 bounds: (3,356),(39,359),(38,375),(2,372)
HONE 0.0 bounds: (4,371),(54,371),(54,387),(4,387)
TUKTUK 0.0 bounds: (203,369),(252,370),(252,379),(203,378)
For 0.0 bounds: (201,387),(213,388),(213,393),(201,392)
Extra 0.0 bounds: (216,387),(236,389),(235,395),(215,394)
Cash 0.0 bounds: (239,388),(256,389),(255,396),(238,395)
CASHIFY.in 0.0 bounds: (165,420),(248,422),(247,438),(165,436)
NDS 0.0 bounds: (5,423),(42,422),(42,437),(5,438)
ASH 0.0 bounds: (9,435),(40,434),(40,450),(9,451)
