69T APT.52
CAIL O
MERU CABS-4422 4422
TAVELLER AD-1903
 0.0 bounds: (107,172),(849,172),(849,401),(107,401)
69T 0.0 bounds: (142,177),(160,175),(161,188),(143,190)
APT.52 0.0 bounds: (162,175),(188,172),(189,185),(163,188)
CAIL 0.0 bounds: (827,227),(840,227),(840,232),(827,232)
O 0.0 bounds: (843,226),(849,226),(849,232),(843,232)
MERU 0.0 bounds: (756,352),(774,351),(774,357),(756,358)
CABS-4422 0.0 bounds: (775,350),(814,348),(814,355),(775,357)
4422 0.0 bounds: (818,348),(836,347),(836,354),(818,355)
TAVELLER 0.0 bounds: (107,388),(166,387),(166,400),(107,401)
AD-1903 0.0 bounds: (168,387),(195,387),(195,399),(168,399)
