HOUSE
Dress Materials . Sarees
• Dupattas . Ethnic Fabrics .
s o Croe Bo SWa
Bharati Bha
RSE & ISE
 0.0 bounds: (7,-6),(514,-6),(514,238),(7,238)
HOUSE 0.0 bounds: (7,49),(104,21),(114,57),(17,85)
Dress 0.0 bounds: (274,44),(305,35),(307,42),(276,52)
Materials 0.0 bounds: (310,32),(361,17),(363,25),(313,41)
. 0.0 bounds: (371,16),(378,14),(379,19),(372,21)
Sarees 0.0 bounds: (384,7),(426,-6),(429,5),(387,18)
• 0.0 bounds: (286,50),(293,48),(296,59),(289,61)
Dupattas 0.0 bounds: (295,47),(332,36),(336,47),(298,58)
. 0.0 bounds: (356,29),(364,27),(367,37),(359,40)
Ethnic 0.0 bounds: (366,25),(400,15),(403,27),(370,37)
Fabrics 0.0 bounds: (402,17),(450,3),(452,11),(405,26)
. 0.0 bounds: (460,2),(467,0),(468,6),(462,8)
s 0.0 bounds: (277,70),(329,55),(330,60),(278,75)
o 0.0 bounds: (401,32),(413,28),(415,35),(403,39)
Croe 0.0 bounds: (436,23),(451,19),(453,24),(438,29)
Bo 0.0 bounds: (458,15),(463,14),(465,20),(460,22)
SWa 0.0 bounds: (493,7),(512,1),(514,6),(494,12)
Bharati 0.0 bounds: (157,171),(216,160),(220,183),(162,195)
Bha 0.0 bounds: (219,160),(252,154),(257,175),(223,182)
RSE 0.0 bounds: (23,221),(49,221),(49,238),(23,238)
& 0.0 bounds: (51,221),(58,221),(58,238),(51,238)
ISE 0.0 bounds: (60,221),(73,221),(73,238),(60,238)
