A TAA RODUCT
JANİSHQ
ANGE OFFER
1 Kar
2 Kara
A of gold jewellery
idiamond jewellery
honar
simyakk
 0.0 bounds: (181,64),(1011,64),(1011,451),(181,451)
A 0.0 bounds: (678,81),(680,80),(681,84),(679,85)
TAA 0.0 bounds: (683,78),(699,73),(701,78),(684,83)
RODUCT 0.0 bounds: (703,72),(732,64),(734,70),(705,78)
JANİSHQ 0.0 bounds: (781,239),(879,225),(883,255),(785,269)
ANGE 0.0 bounds: (826,274),(883,268),(885,286),(828,292)
OFFER 0.0 bounds: (888,269),(946,263),(947,277),(889,283)
1 0.0 bounds: (721,328),(728,328),(728,339),(721,339)
Kar 0.0 bounds: (730,328),(744,328),(744,339),(730,339)
2 0.0 bounds: (704,348),(709,348),(709,356),(704,356)
Kara 0.0 bounds: (714,346),(751,345),(751,358),(714,359)
A 0.0 bounds: (827,321),(840,320),(842,334),(829,336)
of 0.0 bounds: (880,315),(891,314),(892,323),(881,324)
gold 0.0 bounds: (897,314),(924,311),(925,324),(898,327)
jewellery 0.0 bounds: (930,311),(993,304),(994,317),(931,324)
idiamond 0.0 bounds: (859,334),(940,328),(941,343),(860,349)
jewellery 0.0 bounds: (946,328),(1010,323),(1011,335),(947,340)
honar 0.0 bounds: (181,387),(205,387),(205,393),(181,393)
simyakk 0.0 bounds: (526,437),(566,434),(567,448),(527,451)
