98
STREET SMART
PMR
PMR
-Immigration
Real Estate
Move your wworle
SANTA FE
Relocation
Moving
We Make It Easy
 0.0 bounds: (367,-3),(1003,-3),(1003,272),(367,272)
98 0.0 bounds: (883,4),(900,-2),(907,17),(890,24)
STREET 0.0 bounds: (942,97),(971,95),(971,102),(942,104)
SMART 0.0 bounds: (975,96),(1002,94),(1002,102),(976,104)
PMR 0.0 bounds: (664,154),(696,152),(696,161),(665,163)
PMR 0.0 bounds: (577,165),(618,158),(620,170),(579,177)
-Immigration 0.0 bounds: (432,186),(472,185),(472,193),(432,194)
Real 0.0 bounds: (438,205),(450,205),(450,211),(438,211)
Estate 0.0 bounds: (453,205),(469,205),(469,211),(453,211)
Move 0.0 bounds: (643,187),(662,186),(662,192),(643,193)
your 0.0 bounds: (666,188),(679,187),(679,191),(666,192)
wworle 0.0 bounds: (683,187),(698,186),(698,191),(683,192)
SANTA 0.0 bounds: (367,222),(388,220),(388,225),(367,227)
FE 0.0 bounds: (390,219),(398,218),(399,225),(391,226)
Relocation 0.0 bounds: (436,226),(471,225),(471,231),(436,232)
Moving 0.0 bounds: (438,244),(466,245),(466,255),(438,254)
We 0.0 bounds: (429,263),(443,262),(444,271),(430,272)
Make 0.0 bounds: (446,264),(462,263),(462,268),(446,269)
It 0.0 bounds: (465,261),(468,261),(468,267),(465,267)
Easy 0.0 bounds: (471,260),(483,259),(484,268),(472,269)
