JOB
Todan!
Todag
135007145D 61 RTERLETCN
SOUND O
K HORN
 0.0 bounds: (79,260),(969,260),(969,480),(79,480)
JOB 0.0 bounds: (155,260),(198,264),(197,273),(154,269)
Todan! 0.0 bounds: (156,271),(191,274),(190,283),(155,280)
Todag 0.0 bounds: (106,269),(143,270),(143,281),(106,280)
135007145D 0.0 bounds: (80,294),(134,298),(133,306),(79,302)
61 0.0 bounds: (138,298),(151,299),(151,306),(138,305)
RTERLETCN 0.0 bounds: (168,300),(213,303),(212,310),(168,307)
SOUND 0.0 bounds: (710,447),(775,450),(774,464),(709,461)
O 0.0 bounds: (786,452),(802,453),(802,465),(786,464)
K 0.0 bounds: (906,455),(921,456),(920,477),(905,476)
HORN 0.0 bounds: (924,456),(969,459),(968,480),(923,477)
