HOSUR
dnedeborte
KORAMANNGALA
doruad olooe G a
BANGALORE INTERATIONAL AIRFOR
ANA SOUDHA
GRIGADE ROAD
 0.0 bounds: (659,264),(896,264),(896,299),(659,299)
HOSUR 0.0 bounds: (671,264),(695,265),(695,271),(671,270)
dnedeborte 0.0 bounds: (663,271),(720,273),(720,279),(663,277)
KORAMANNGALA 0.0 bounds: (662,279),(720,278),(720,285),(662,286)
doruad 0.0 bounds: (789,265),(815,266),(815,271),(789,270)
olooe 0.0 bounds: (819,267),(855,269),(855,274),(819,272)
G 0.0 bounds: (875,268),(880,268),(880,274),(875,274)
a 0.0 bounds: (879,270),(894,271),(894,275),(879,274)
BANGALORE 0.0 bounds: (788,272),(821,273),(821,278),(788,277)
INTERATIONAL 0.0 bounds: (826,273),(871,274),(871,281),(826,280)
AIRFOR 0.0 bounds: (877,274),(896,274),(896,281),(877,281)
ANA 0.0 bounds: (798,288),(814,288),(814,293),(798,293)
SOUDHA 0.0 bounds: (817,288),(840,288),(840,293),(817,293)
GRIGADE 0.0 bounds: (659,293),(697,293),(697,299),(659,299)
ROAD 0.0 bounds: (701,293),(722,293),(722,299),(701,299)
