శిఎనాఆరా
www.ksr:o.in
Araval
Chib Clasu:
KEEP DISTABOE
VOL
 0.0 bounds: (638,104),(870,104),(870,494),(638,494)
శిఎనాఆరా 0.0 bounds: (714,118),(827,104),(830,131),(717,145)
www.ksr:o.in 0.0 bounds: (746,227),(847,216),(849,229),(747,240)
Araval 0.0 bounds: (721,264),(868,257),(870,294),(723,301)
Chib 0.0 bounds: (803,291),(826,288),(827,299),(804,302)
Clasu: 0.0 bounds: (821,290),(864,285),(865,295),(822,300)
KEEP 0.0 bounds: (638,448),(661,447),(662,458),(639,459)
DISTABOE 0.0 bounds: (665,446),(709,444),(710,456),(666,458)
VOL 0.0 bounds: (682,482),(715,482),(715,494),(682,494)
