laa
AR
CIENTIFIC
STRU OGYI
Tith
THE UNIVERSAI wORLD
SCIENCE PRESENTS
*********
INE RI
 0.0 bounds: (43,317),(422,317),(422,570),(43,570)
laa 0.0 bounds: (88,317),(134,321),(133,332),(87,328)
AR 0.0 bounds: (68,338),(88,334),(90,345),(70,349)
CIENTIFIC 0.0 bounds: (91,339),(141,344),(140,355),(90,350)
STRU 0.0 bounds: (72,348),(98,351),(96,363),(70,360)
OGYI 0.0 bounds: (102,352),(136,356),(134,368),(100,364)
Tith 0.0 bounds: (67,361),(83,361),(83,369),(67,369)
THE 0.0 bounds: (43,391),(62,392),(62,400),(43,399)
UNIVERSAI 0.0 bounds: (66,391),(108,393),(107,402),(66,400)
wORLD 0.0 bounds: (113,394),(137,395),(137,402),(113,401)
SCIENCE 0.0 bounds: (57,401),(90,401),(90,414),(57,414)
PRESENTS 0.0 bounds: (92,401),(129,401),(129,414),(92,414)
********* 0.0 bounds: (53,414),(139,415),(139,425),(53,424)
INE 0.0 bounds: (326,523),(388,509),(399,556),(336,570)
RI 0.0 bounds: (391,508),(411,503),(422,550),(401,555)
