The La gest Optical Network in Bangalore
TM
The la l N
Shiva Vision Care
Shiva VisnCane
PTICAE PATE
d
Best Optical Store in Bangalore
by a . d Ay
AUNIT OF SHIVA OPTICALS PVT. LTD.
Upto 50 of
%.
Off
On Frames and Sunglasses
Buy Contact Lenses
Get a Frame/Sunglass
worth upto Rs. 1500/-
FREE
CHer for limited perid only
Buy Progressive Lenses
Get a Frame
See in Full
Pay in Parts
EMI
worth upto Rs. 7500/-
FREEL
one lo inl per
option
For more detali, walk-in to the nearest outlet.
www.shivavisioncare.com
is available now!
KA-01FA-2286
 0.0 bounds: (317,31),(814,31),(814,408),(317,408)
The 0.0 bounds: (476,109),(490,106),(492,116),(479,120)
La 0.0 bounds: (498,101),(515,97),(519,115),(502,119)
gest 0.0 bounds: (527,99),(546,94),(549,104),(529,109)
Optical 0.0 bounds: (551,91),(602,79),(605,94),(555,107)
Network 0.0 bounds: (607,74),(674,58),(678,73),(611,90)
in 0.0 bounds: (682,59),(695,56),(698,69),(685,72)
Bangalore 0.0 bounds: (704,51),(788,31),(792,49),(708,69)
TM 0.0 bounds: (742,73),(760,70),(761,77),(743,80)
The 0.0 bounds: (334,143),(342,141),(343,147),(335,149)
la 0.0 bounds: (344,139),(348,138),(350,146),(346,147)
l 0.0 bounds: (365,134),(380,130),(381,137),(367,141)
N 0.0 bounds: (382,130),(386,129),(388,136),(384,137)
Shiva 0.0 bounds: (492,127),(565,111),(575,155),(502,171)
Vision 0.0 bounds: (569,109),(671,87),(680,132),(579,154)
Care 0.0 bounds: (672,88),(758,69),(766,107),(680,126)
Shiva 0.0 bounds: (340,151),(366,146),(370,161),(343,167)
VisnCane 0.0 bounds: (369,146),(427,134),(430,150),(372,162)
PTICAE 0.0 bounds: (378,156),(410,150),(412,157),(380,164)
PATE 0.0 bounds: (413,149),(428,146),(429,154),(415,157)
d 0.0 bounds: (367,170),(397,162),(399,171),(369,179)
Best 0.0 bounds: (328,187),(344,184),(345,192),(330,195)
Optical 0.0 bounds: (346,182),(372,177),(374,189),(348,194)
Store 0.0 bounds: (375,176),(395,172),(397,182),(377,186)
in 0.0 bounds: (397,173),(405,171),(407,180),(399,182)
Bangalore 0.0 bounds: (408,170),(450,162),(452,173),(410,181)
by 0.0 bounds: (339,202),(345,201),(346,207),(340,208)
a 0.0 bounds: (348,196),(361,194),(363,205),(350,208)
. 0.0 bounds: (386,189),(390,188),(392,200),(388,201)
d 0.0 bounds: (392,189),(421,184),(422,193),(394,198)
Ay 0.0 bounds: (423,185),(451,180),(452,187),(424,192)
AUNIT 0.0 bounds: (494,171),(539,162),(542,178),(497,187)
OF 0.0 bounds: (543,163),(560,160),(562,171),(545,174)
SHIVA 0.0 bounds: (565,160),(602,153),(604,164),(567,171)
OPTICALS 0.0 bounds: (608,152),(679,138),(681,149),(610,163)
PVT. 0.0 bounds: (685,137),(713,131),(716,142),(687,148)
LTD. 0.0 bounds: (722,129),(753,123),(756,134),(724,140)
Upto 0.0 bounds: (317,214),(384,212),(385,265),(318,267)
50 0.0 bounds: (387,212),(456,210),(457,264),(388,266)
of 0.0 bounds: (459,210),(490,209),(491,263),(460,264)
%. 0.0 bounds: (449,208),(490,203),(494,233),(453,239)
Off 0.0 bounds: (453,234),(492,231),(494,258),(455,262)
On 0.0 bounds: (333,276),(353,274),(355,291),(335,293)
Frames 0.0 bounds: (354,275),(396,270),(397,282),(355,287)
and 0.0 bounds: (401,269),(422,267),(423,279),(402,281)
Sunglasses 0.0 bounds: (427,264),(501,256),(502,273),(429,281)
Buy 0.0 bounds: (544,192),(578,186),(580,202),(547,208)
Contact 0.0 bounds: (585,184),(668,170),(670,183),(587,198)
Lenses 0.0 bounds: (677,168),(751,155),(753,170),(680,183)
Get 0.0 bounds: (535,209),(573,203),(576,224),(538,230)
a 0.0 bounds: (578,203),(591,201),(594,222),(581,224)
Frame/Sunglass 0.0 bounds: (595,201),(774,174),(777,194),(598,221)
worth 0.0 bounds: (540,238),(595,229),(598,243),(542,252)
upto 0.0 bounds: (607,229),(656,221),(659,237),(610,245)
Rs. 0.0 bounds: (680,214),(711,209),(714,229),(683,234)
1500/- 0.0 bounds: (713,209),(773,199),(776,218),(716,228)
FREE 0.0 bounds: (698,238),(758,222),(762,236),(702,252)
CHer 0.0 bounds: (581,262),(599,260),(599,265),(582,267)
for 0.0 bounds: (611,258),(620,257),(621,263),(612,264)
limited 0.0 bounds: (622,255),(651,252),(652,262),(623,265)
perid 0.0 bounds: (653,252),(678,249),(679,258),(654,261)
only 0.0 bounds: (680,249),(695,247),(696,256),(681,258)
Buy 0.0 bounds: (335,310),(357,308),(358,320),(336,322)
Progressive 0.0 bounds: (364,306),(449,297),(450,310),(365,319)
Lenses 0.0 bounds: (457,297),(510,292),(511,302),(458,307)
Get 0.0 bounds: (371,320),(397,318),(398,328),(372,330)
a 0.0 bounds: (403,320),(411,319),(412,326),(404,327)
Frame 0.0 bounds: (419,315),(471,310),(472,322),(420,327)
See 0.0 bounds: (548,306),(586,302),(588,322),(550,326)
in 0.0 bounds: (592,302),(611,300),(613,319),(594,321)
Full 0.0 bounds: (618,300),(657,296),(659,316),(620,320)
Pay 0.0 bounds: (543,331),(578,328),(580,349),(545,352)
in 0.0 bounds: (584,326),(602,324),(604,345),(586,347)
Parts 0.0 bounds: (610,325),(667,320),(669,342),(612,347)
EMI 0.0 bounds: (665,268),(804,250),(814,324),(675,342)
worth 0.0 bounds: (338,351),(373,345),(374,355),(340,361)
upto 0.0 bounds: (380,340),(418,334),(420,351),(383,357)
Rs. 0.0 bounds: (422,334),(452,329),(454,346),(425,351)
7500/- 0.0 bounds: (453,329),(505,321),(508,337),(456,346)
FREEL 0.0 bounds: (445,350),(491,343),(494,356),(447,364)
one 0.0 bounds: (374,371),(387,370),(387,374),(374,375)
lo 0.0 bounds: (397,370),(403,370),(403,373),(397,373)
inl 0.0 bounds: (406,368),(425,367),(425,374),(406,375)
per 0.0 bounds: (428,366),(436,366),(436,374),(428,374)
option 0.0 bounds: (686,335),(714,333),(715,345),(687,347)
For 0.0 bounds: (663,352),(671,352),(671,359),(663,359)
more 0.0 bounds: (673,353),(687,352),(687,358),(673,359)
detali, 0.0 bounds: (689,352),(709,351),(709,357),(689,358)
walk-in 0.0 bounds: (711,350),(732,349),(732,354),(711,355)
to 0.0 bounds: (734,349),(740,349),(740,354),(734,354)
the 0.0 bounds: (742,347),(751,346),(751,353),(742,354)
nearest 0.0 bounds: (754,348),(776,347),(776,353),(754,354)
outlet. 0.0 bounds: (779,345),(800,344),(800,351),(779,352)
www.shivavisioncare.com 0.0 bounds: (543,360),(632,353),(632,361),(544,368)
is 0.0 bounds: (714,333),(725,332),(726,341),(715,342)
available 0.0 bounds: (729,330),(772,327),(773,339),(730,342)
now! 0.0 bounds: (776,327),(800,325),(801,335),(777,337)
KA-01FA-2286 0.0 bounds: (473,385),(586,380),(587,403),(474,408)
