రిజయ
VRL MEDIA LTD
OST DTH & CABLE NETWORKS
FOLLOW
Sale
SAMADUDAS
t Super Sale
EMEDEYET
ATTENTI
EICHER
OSindhu
O CAR0 IONITER
 0.0 bounds: (22,3),(947,3),(947,544),(22,544)
రిజయ 0.0 bounds: (180,6),(214,3),(215,15),(181,18)
VRL 0.0 bounds: (72,37),(89,40),(88,47),(71,44)
MEDIA 0.0 bounds: (93,41),(123,46),(122,52),(92,47)
LTD 0.0 bounds: (125,46),(142,49),(141,56),(124,53)
OST 0.0 bounds: (74,47),(94,50),(92,59),(72,56)
DTH 0.0 bounds: (95,52),(114,55),(113,62),(94,59)
& 0.0 bounds: (118,57),(123,58),(122,64),(117,63)
CABLE 0.0 bounds: (127,58),(156,63),(154,70),(126,65)
NETWORKS 0.0 bounds: (160,62),(212,71),(211,80),(158,71)
FOLLOW 0.0 bounds: (905,341),(947,343),(946,353),(905,351)
Sale 0.0 bounds: (25,316),(50,321),(47,334),(22,329)
SAMADUDAS 0.0 bounds: (151,334),(202,340),(200,351),(150,345)
t 0.0 bounds: (58,343),(77,352),(73,360),(54,351)
Super 0.0 bounds: (95,359),(110,366),(105,376),(90,369)
Sale 0.0 bounds: (112,367),(123,372),(118,382),(107,377)
EMEDEYET 0.0 bounds: (615,429),(652,430),(652,435),(615,434)
ATTENTI 0.0 bounds: (713,474),(746,476),(746,483),(713,481)
EICHER 0.0 bounds: (610,479),(660,482),(660,488),(610,485)
OSindhu 0.0 bounds: (590,514),(678,521),(677,536),(589,529)
O 0.0 bounds: (608,533),(613,533),(613,538),(608,538)
CAR0 0.0 bounds: (615,533),(635,535),(634,541),(614,539)
IONITER 0.0 bounds: (663,537),(680,538),(679,544),(662,543)
