PETPLAT
ZA
ASK CREATION
ILKS A SAREES
SOCIETY
SAREE
ద
amERAL
M MONDA
TUESDAV
WEDNESEAY
TARSDAY
FRDAY
SATURDAY
SUNDAY
 0.0 bounds: (55,-6),(1020,-6),(1020,550),(55,550)
PETPLAT 0.0 bounds: (74,-6),(209,60),(191,97),(56,31)
ZA 0.0 bounds: (207,63),(238,80),(217,118),(186,101)
ASK 0.0 bounds: (204,198),(248,213),(243,229),(198,214)
CREATION 0.0 bounds: (253,212),(307,231),(299,252),(246,234)
ILKS 0.0 bounds: (765,278),(785,277),(785,285),(765,286)
A 0.0 bounds: (790,278),(795,278),(795,285),(790,285)
SAREES 0.0 bounds: (797,277),(826,276),(826,283),(797,284)
SOCIETY 0.0 bounds: (981,292),(1020,292),(1020,300),(981,300)
SAREE 0.0 bounds: (982,300),(1013,300),(1013,305),(982,305)
ద 0.0 bounds: (197,396),(184,395),(185,388),(198,389)
amERAL 0.0 bounds: (211,474),(252,472),(253,482),(212,484)
M 0.0 bounds: (65,486),(72,486),(72,493),(65,493)
MONDA 0.0 bounds: (79,483),(106,482),(106,492),(79,493)
TUESDAV 0.0 bounds: (65,492),(111,494),(111,503),(65,501)
WEDNESEAY 0.0 bounds: (57,502),(119,502),(119,512),(57,512)
TARSDAY 0.0 bounds: (71,511),(113,510),(113,521),(71,522)
FRDAY 0.0 bounds: (64,521),(96,522),(96,532),(64,531)
SATURDAY 0.0 bounds: (63,530),(107,530),(107,539),(63,539)
SUNDAY 0.0 bounds: (64,541),(98,541),(98,550),(64,550)
