GOOD FOOD
THAT LOVES
YOU BACK
FreshiMenu
ORDER NOW
TET
 0.0 bounds: (653,430),(753,430),(753,557),(653,557)
GOOD 0.0 bounds: (660,430),(706,434),(705,445),(659,441)
FOOD 0.0 bounds: (711,436),(753,440),(752,451),(710,447)
THAT 0.0 bounds: (659,448),(681,451),(680,458),(658,456)
LOVES 0.0 bounds: (685,451),(713,454),(712,462),(684,459)
YOU 0.0 bounds: (658,460),(677,462),(676,469),(657,467)
BACK 0.0 bounds: (681,462),(705,464),(704,473),(680,471)
FreshiMenu 0.0 bounds: (657,477),(711,482),(709,497),(656,492)
ORDER 0.0 bounds: (654,498),(682,501),(681,510),(653,507)
NOW 0.0 bounds: (686,505),(701,507),(700,511),(686,509)
TET 0.0 bounds: (719,546),(748,548),(747,557),(719,555)
