->
మెణాతతే గాంధి రేస్సీ
MAHATMĀ GANDHI ROAD
SOOR LAKE
 0.0 bounds: (258,154),(501,154),(501,203),(258,203)
-> 0.0 bounds: (431,154),(443,154),(443,163),(431,163)
మెణాతతే 0.0 bounds: (371,168),(424,169),(424,185),(371,184)
గాంధి 0.0 bounds: (432,169),(470,169),(470,183),(432,183)
రేస్సీ 0.0 bounds: (481,167),(501,167),(501,185),(481,185)
MAHATMĀ 0.0 bounds: (371,188),(423,189),(423,201),(371,200)
GANDHI 0.0 bounds: (427,191),(467,192),(467,202),(427,201)
ROAD 0.0 bounds: (472,191),(501,191),(501,202),(472,202)
SOOR 0.0 bounds: (258,187),(302,187),(302,203),(258,203)
LAKE 0.0 bounds: (307,187),(350,187),(350,203),(307,203)
