विजया
TAKING
Joe1M
VUAYA Hope La
Temss
a the
EAS and
Temien
Toll Free N
 0.0 bounds: (19,11),(660,11),(660,347),(19,347)
विजया 0.0 bounds: (308,11),(431,80),(414,110),(291,41)
TAKING 0.0 bounds: (210,22),(241,40),(235,51),(204,33)
Joe1M 0.0 bounds: (60,56),(85,65),(83,72),(57,64)
VUAYA 0.0 bounds: (323,169),(347,177),(344,186),(320,178)
Hope 0.0 bounds: (348,178),(366,184),(363,193),(345,187)
La 0.0 bounds: (367,185),(375,188),(372,196),(364,194)
Temss 0.0 bounds: (21,73),(39,80),(37,84),(19,78)
a 0.0 bounds: (381,220),(383,221),(381,225),(380,225)
the 0.0 bounds: (388,222),(399,226),(398,230),(387,227)
EAS 0.0 bounds: (622,322),(641,328),(637,341),(618,335)
and 0.0 bounds: (649,331),(660,335),(657,346),(645,342)
Temien 0.0 bounds: (241,219),(270,227),(269,232),(240,224)
Toll 0.0 bounds: (36,198),(49,202),(47,207),(34,204)
Free 0.0 bounds: (53,203),(68,207),(67,212),(52,208)
N 0.0 bounds: (71,209),(78,211),(76,216),(70,214)
