AM
DEEPK TE
SOCIETY SAKS
INE NOAG GNTALCPLILE
Ruckenin Stois
mplex
GM
 0.0 bounds: (154,-3),(648,-3),(648,200),(154,200)
AM 0.0 bounds: (242,35),(288,-2),(311,26),(265,63)
DEEPK 0.0 bounds: (196,52),(222,53),(221,62),(196,61)
TE 0.0 bounds: (226,57),(232,57),(232,62),(226,62)
SOCIETY 0.0 bounds: (158,78),(187,78),(187,90),(158,90)
SAKS 0.0 bounds: (189,80),(205,80),(205,90),(189,90)
INE 0.0 bounds: (190,152),(222,135),(237,163),(205,180)
NOAG 0.0 bounds: (224,133),(245,122),(261,151),(240,162)
GNTALCPLILE 0.0 bounds: (249,121),(316,85),(331,113),(264,149)
Ruckenin 0.0 bounds: (154,185),(180,176),(186,191),(159,200)
Stois 0.0 bounds: (182,176),(202,169),(207,183),(187,190)
mplex 0.0 bounds: (598,43),(639,28),(647,50),(606,65)
GM 0.0 bounds: (374,177),(395,176),(396,193),(375,194)
