FONE D
ప్రళడియ్ఞనంతడార న్యాగతికి
3 CENTRAL
iveepo
groupm
ME MAR
Trinity
HALAXI CHAN
TAB
SALE
TAB
Hiti
 0.0 bounds: (1,30),(934,30),(934,423),(1,423)
FONE 0.0 bounds: (828,39),(846,33),(849,41),(831,47)
D 0.0 bounds: (848,34),(857,31),(860,37),(850,41)
ప్రళడియ్ఞనంతడార 0.0 bounds: (416,214),(557,185),(560,201),(419,231)
న్యాగతికి 0.0 bounds: (562,184),(596,177),(600,192),(565,200)
3 0.0 bounds: (884,149),(890,147),(893,158),(887,160)
CENTRAL 0.0 bounds: (891,146),(918,138),(921,149),(894,157)
iveepo 0.0 bounds: (484,219),(520,210),(522,218),(486,227)
groupm 0.0 bounds: (32,288),(70,296),(67,313),(29,305)
ME 0.0 bounds: (905,175),(910,173),(911,178),(907,180)
MAR 0.0 bounds: (912,170),(931,164),(933,172),(914,178)
Trinity 0.0 bounds: (484,278),(507,274),(508,282),(485,286)
HALAXI 0.0 bounds: (43,383),(108,387),(107,406),(42,402)
CHAN 0.0 bounds: (117,388),(143,390),(142,409),(116,407)
TAB 0.0 bounds: (1,397),(26,397),(26,414),(1,414)
SALE 0.0 bounds: (647,305),(664,301),(666,307),(649,312)
TAB 0.0 bounds: (114,409),(138,410),(137,423),(113,422)
Hiti 0.0 bounds: (771,60),(772,105),(741,106),(740,61)
