KANCHEE - co
PRI IST
SOLE DISIRIBU
AMFE MA
DIR
DOR
CHICKPET PLAZA
SRISIL
 0.0 bounds: (-6,221),(961,221),(961,759),(-6,759)
KANCHEE 0.0 bounds: (108,231),(159,253),(155,261),(104,239)
- 0.0 bounds: (165,252),(169,254),(164,264),(161,262)
co 0.0 bounds: (170,257),(183,263),(180,269),(167,263)
PRI 0.0 bounds: (355,578),(367,581),(365,588),(353,585)
IST 0.0 bounds: (373,584),(389,588),(388,595),(371,591)
SOLE 0.0 bounds: (336,588),(356,594),(354,600),(334,595)
DISIRIBU 0.0 bounds: (362,592),(386,599),(383,609),(359,603)
AMFE 0.0 bounds: (321,598),(364,610),(359,629),(316,617)
MA 0.0 bounds: (373,613),(387,617),(382,635),(368,631)
DIR 0.0 bounds: (10,537),(49,549),(43,569),(4,557)
DOR 0.0 bounds: (4,565),(25,571),(21,587),(0,581)
CHICKPET 0.0 bounds: (699,722),(841,687),(850,724),(708,759)
PLAZA 0.0 bounds: (843,687),(952,660),(961,697),(852,724)
SRISIL 0.0 bounds: (176,249),(56,515),(-4,488),(116,222)
