a 500 0
Lamguae estant
PANTHER
TMT REBARS
a34700
 0.0 bounds: (457,569),(636,569),(636,652),(457,652)
a 0.0 bounds: (570,570),(575,570),(575,580),(570,580)
500 0.0 bounds: (577,569),(588,569),(588,580),(577,580)
0 0.0 bounds: (590,569),(595,569),(595,579),(590,579)
Lamguae 0.0 bounds: (566,580),(592,580),(592,586),(566,586)
estant 0.0 bounds: (594,581),(615,581),(615,586),(594,586)
PANTHER 0.0 bounds: (458,610),(519,612),(518,631),(457,629)
TMT 0.0 bounds: (458,630),(471,630),(471,637),(458,637)
REBARS 0.0 bounds: (474,630),(496,630),(496,637),(474,637)
a34700 0.0 bounds: (595,645),(636,644),(636,651),(595,652)
