BONY
SONT
LLumar
FALKEN YOO
AUT COP
DN. TYRES
 0.0 bounds: (12,135),(383,135),(383,280),(12,280)
BONY 0.0 bounds: (18,135),(68,152),(62,170),(12,153)
SONT 0.0 bounds: (363,264),(383,266),(382,275),(362,273)
LLumar 0.0 bounds: (124,227),(162,237),(158,252),(120,242)
FALKEN 0.0 bounds: (221,245),(271,253),(269,267),(219,259)
YOO 0.0 bounds: (278,255),(295,258),(293,270),(276,268)
AUT 0.0 bounds: (165,264),(176,265),(174,280),(163,279)
COP 0.0 bounds: (182,266),(195,267),(194,280),(181,279)
DN. 0.0 bounds: (32,248),(52,252),(50,260),(30,256)
TYRES 0.0 bounds: (55,251),(91,258),(90,266),(53,259)
