AuaPAVA
WATER
PITERS
IVE DEMO
AXOR
TU
SIon
 0.0 bounds: (215,57),(1026,57),(1026,239),(215,239)
AuaPAVA 0.0 bounds: (215,233),(246,226),(248,232),(216,239)
WATER 0.0 bounds: (846,82),(865,67),(871,75),(852,90)
PITERS 0.0 bounds: (851,92),(873,75),(880,84),(858,101)
IVE 0.0 bounds: (782,119),(802,102),(810,112),(790,128)
DEMO 0.0 bounds: (804,102),(819,89),(827,98),(812,111)
AXOR 0.0 bounds: (887,185),(927,166),(934,182),(895,201)
TU 0.0 bounds: (991,123),(1016,108),(1025,124),(1000,138)
SIon 0.0 bounds: (738,83),(761,58),(769,65),(745,90)
