HOTEL MAYA INTERNAIIUN
GARDEN MULTICUISINE RESTAURA
Tand
( Thalis Available For Lunch
Indian
Chinese
2555
A/C ROOMS Available At Afferdable Rates Ph:-3591
Newly Opened
GARDEN RESTAURANT
Thalis Available For Lunch
Indian
Chinese
Tandeer
HOTEL MAYA INTERNATIONAL
A/C Rooms Available AI
Allordable Rates
MA
Contact #:- 25594365, 25596349
BYRAM
HOL
 0.0 bounds: (10,107),(960,107),(960,522),(10,522)
HOTEL 0.0 bounds: (718,112),(769,111),(769,131),(718,132)
MAYA 0.0 bounds: (778,111),(823,110),(823,130),(778,131)
INTERNAIIUN 0.0 bounds: (834,110),(946,107),(946,127),(834,130)
GARDEN 0.0 bounds: (736,131),(783,130),(783,143),(736,144)
MULTICUISINE 0.0 bounds: (789,129),(872,127),(872,143),(789,145)
RESTAURA 0.0 bounds: (875,127),(934,126),(934,142),(875,143)
Tand 0.0 bounds: (895,142),(943,140),(944,158),(896,160)
( 0.0 bounds: (758,166),(767,166),(768,182),(759,182)
Thalis 0.0 bounds: (769,165),(798,164),(799,181),(770,182)
Available 0.0 bounds: (805,167),(857,165),(857,175),(805,177)
For 0.0 bounds: (861,166),(878,165),(878,175),(861,176)
Lunch 0.0 bounds: (888,161),(928,160),(929,176),(889,177)
Indian 0.0 bounds: (728,148),(783,148),(783,162),(728,162)
Chinese 0.0 bounds: (814,142),(869,141),(869,160),(814,161)
2555 0.0 bounds: (930,174),(957,173),(957,185),(930,186)
A/C 0.0 bounds: (716,185),(741,184),(741,199),(716,200)
ROOMS 0.0 bounds: (743,184),(770,183),(770,199),(743,200)
Available 0.0 bounds: (773,183),(816,182),(816,198),(773,199)
At 0.0 bounds: (818,182),(829,182),(829,197),(818,197)
Afferdable 0.0 bounds: (831,182),(880,181),(880,196),(831,197)
Rates 0.0 bounds: (882,180),(909,179),(909,195),(882,196)
Ph:-3591 0.0 bounds: (914,179),(960,178),(960,194),(914,195)
Newly 0.0 bounds: (789,263),(842,263),(842,285),(789,285)
Opened 0.0 bounds: (845,263),(900,263),(900,286),(845,286)
GARDEN 0.0 bounds: (773,284),(828,285),(828,299),(773,298)
RESTAURANT 0.0 bounds: (835,285),(925,287),(925,302),(835,300)
Thalis 0.0 bounds: (774,303),(818,305),(817,321),(773,319)
Available 0.0 bounds: (825,308),(872,310),(872,322),(825,320)
For 0.0 bounds: (876,310),(892,311),(892,321),(876,320)
Lunch 0.0 bounds: (896,309),(926,310),(926,322),(896,321)
Indian 0.0 bounds: (772,326),(814,326),(814,340),(772,340)
Chinese 0.0 bounds: (772,343),(820,344),(820,359),(772,358)
Tandeer 0.0 bounds: (773,360),(821,361),(821,376),(773,375)
HOTEL 0.0 bounds: (772,378),(804,379),(804,393),(772,392)
MAYA 0.0 bounds: (808,376),(841,377),(841,394),(808,393)
INTERNATIONAL 0.0 bounds: (843,377),(934,379),(934,396),(843,394)
A/C 0.0 bounds: (822,332),(852,333),(851,349),(821,348)
Rooms 0.0 bounds: (854,333),(878,334),(877,350),(853,349)
Available 0.0 bounds: (881,335),(919,336),(919,349),(881,348)
AI 0.0 bounds: (921,335),(932,335),(931,351),(920,351)
Allordable 0.0 bounds: (846,354),(889,355),(889,368),(846,367)
Rates 0.0 bounds: (893,355),(915,356),(915,369),(893,368)
MA 0.0 bounds: (692,368),(716,368),(716,379),(692,379)
Contact 0.0 bounds: (783,393),(814,393),(814,401),(783,401)
#:- 0.0 bounds: (818,394),(827,394),(827,402),(818,402)
25594365, 0.0 bounds: (832,393),(874,394),(874,404),(832,403)
25596349 0.0 bounds: (878,394),(917,395),(917,405),(878,404)
BYRAM 0.0 bounds: (12,494),(56,494),(56,512),(12,512)
HOL 0.0 bounds: (10,516),(27,515),(27,521),(10,522)
