ఓయ
OYO
HOTEL
PROBIKES
SEINESS
HIGH STREET
CALYAI
SILKS
BREA
YUNTURI
& BREA
 0.0 bounds: (47,110),(387,110),(387,326),(47,326)
ఓయ 0.0 bounds: (181,111),(213,110),(213,121),(181,122)
OYO 0.0 bounds: (177,132),(213,130),(214,144),(178,146)
HOTEL 0.0 bounds: (64,199),(138,195),(139,209),(65,213)
PROBIKES 0.0 bounds: (277,200),(322,196),(323,209),(278,214)
SEINESS 0.0 bounds: (280,208),(323,206),(323,216),(280,218)
HIGH 0.0 bounds: (47,222),(82,220),(83,232),(48,234)
STREET 0.0 bounds: (90,221),(155,218),(155,229),(91,232)
CALYAI 0.0 bounds: (347,244),(387,242),(387,245),(347,247)
SILKS 0.0 bounds: (356,249),(382,248),(382,252),(356,253)
BREA 0.0 bounds: (197,269),(213,269),(213,284),(197,284)
YUNTURI 0.0 bounds: (278,265),(322,262),(323,272),(279,275)
& 0.0 bounds: (80,307),(91,306),(92,325),(81,326)
BREA 0.0 bounds: (93,306),(121,305),(122,324),(94,325)
