TOUR LIE
IN Y
www.se unsts.com
SEABIRD G
 0.0 bounds: (27,129),(781,129),(781,354),(27,354)
TOUR 0.0 bounds: (58,129),(98,147),(93,158),(53,140)
LIE 0.0 bounds: (101,148),(126,159),(121,170),(96,159)
IN 0.0 bounds: (33,134),(57,143),(52,159),(27,150)
Y 0.0 bounds: (59,145),(66,147),(60,162),(54,160)
www.se 0.0 bounds: (658,334),(707,331),(707,341),(659,344)
unsts.com 0.0 bounds: (735,330),(775,328),(776,339),(736,341)
SEABIRD 0.0 bounds: (725,347),(769,345),(769,352),(725,354)
G 0.0 bounds: (775,345),(781,345),(781,350),(775,350)
