WHOLE SALE
TAILI
00
a.
m
evellerrs
KA D2 AUBL
 0.0 bounds: (170,69),(1051,69),(1051,604),(170,604)
WHOLE 0.0 bounds: (211,162),(256,172),(254,179),(209,169)
SALE 0.0 bounds: (262,173),(289,179),(288,186),(260,180)
TAILI 0.0 bounds: (880,157),(1019,70),(1051,121),(912,208)
00 0.0 bounds: (170,386),(193,386),(193,401),(170,401)
a. 0.0 bounds: (851,437),(864,437),(864,448),(851,448)
m 0.0 bounds: (850,498),(869,497),(869,507),(850,508)
evellerrs 0.0 bounds: (836,530),(880,528),(881,539),(837,542)
KA 0.0 bounds: (347,592),(362,592),(362,603),(347,603)
D2 0.0 bounds: (364,592),(374,592),(374,603),(364,603)
AUBL 0.0 bounds: (376,592),(406,592),(406,604),(376,604)
