- Immigration
Real Estate
AFE
services
Relocation
SATAIE
Moving
MOWNG BICE
We Make It Easy
Tel: 91-80-40522222
SOUN
HORN
 0.0 bounds: (1,80),(288,80),(288,345),(1,345)
- 0.0 bounds: (61,87),(71,86),(72,104),(62,105)
Immigration 0.0 bounds: (72,86),(142,80),(143,97),(73,103)
Real 0.0 bounds: (66,126),(93,123),(95,140),(68,143)
Estate 0.0 bounds: (95,123),(127,120),(129,136),(97,140)
AFE 0.0 bounds: (1,165),(20,162),(22,176),(3,179)
services 0.0 bounds: (1,180),(24,176),(26,188),(3,192)
Relocation 0.0 bounds: (68,168),(127,163),(128,178),(69,183)
SATAIE 0.0 bounds: (241,185),(286,210),(272,236),(227,210)
Moving 0.0 bounds: (58,208),(111,204),(112,225),(59,229)
MOWNG 0.0 bounds: (240,228),(266,237),(260,255),(234,246)
BICE 0.0 bounds: (268,238),(288,245),(281,263),(262,256)
We 0.0 bounds: (49,255),(65,254),(66,267),(50,269)
Make 0.0 bounds: (70,250),(101,247),(102,263),(71,266)
It 0.0 bounds: (105,247),(113,246),(114,260),(106,261)
Easy 0.0 bounds: (118,245),(143,243),(145,261),(120,263)
Tel: 0.0 bounds: (52,298),(67,296),(68,308),(53,310)
91-80-40522222 0.0 bounds: (71,295),(144,286),(145,300),(73,309)
SOUN 0.0 bounds: (2,336),(25,335),(25,344),(2,345)
HORN 0.0 bounds: (53,333),(78,331),(79,340),(54,342)
