Real Love
Real Joy
Just born
9, Millerrs Road, Off Cunningham Road, Bangałore-
Mob: 098400 71000 TEL: +91-80-2225 8294.
CocaCola
TAKE BREAK
BIRIYANI & KABAB CENTRE
NATARAJ
BAR
B-TRA
 0.0 bounds: (447,58),(1024,58),(1024,497),(447,497)
Real 0.0 bounds: (878,100),(938,84),(943,103),(883,119)
Love 0.0 bounds: (941,76),(1007,58),(1014,87),(949,105)
Real 0.0 bounds: (886,125),(946,114),(951,141),(891,152)
Joy 0.0 bounds: (950,112),(1000,103),(1006,136),(956,145)
Just 0.0 bounds: (867,230),(935,218),(940,247),(872,259)
born 0.0 bounds: (938,216),(1018,202),(1023,233),(943,247)
9, 0.0 bounds: (649,330),(657,329),(658,337),(650,338)
Millerrs 0.0 bounds: (663,326),(709,319),(711,329),(665,336)
Road, 0.0 bounds: (716,318),(750,313),(751,324),(718,329)
Off 0.0 bounds: (756,311),(779,307),(780,318),(758,322)
Cunningham 0.0 bounds: (783,307),(875,293),(877,307),(785,321)
Road, 0.0 bounds: (881,291),(925,284),(927,295),(883,302)
Bangałore- 0.0 bounds: (934,282),(1021,269),(1023,284),(936,298)
Mob: 0.0 bounds: (679,342),(709,338),(710,347),(680,351)
098400 0.0 bounds: (713,334),(759,327),(762,342),(715,349)
71000 0.0 bounds: (762,326),(803,320),(805,336),(764,342)
TEL: 0.0 bounds: (812,322),(851,316),(852,326),(813,332)
+91-80-2225 0.0 bounds: (860,314),(953,300),(955,312),(862,326)
8294. 0.0 bounds: (959,299),(1002,293),(1003,305),(961,311)
CocaCola 0.0 bounds: (447,439),(504,438),(504,461),(447,462)
TAKE 0.0 bounds: (771,391),(797,387),(799,403),(774,407)
BREAK 0.0 bounds: (800,389),(846,382),(848,394),(802,402)
BIRIYANI 0.0 bounds: (742,408),(788,404),(789,415),(743,419)
& 0.0 bounds: (792,405),(799,404),(800,413),(793,414)
KABAB 0.0 bounds: (802,403),(841,400),(842,412),(803,415)
CENTRE 0.0 bounds: (841,400),(881,397),(882,407),(842,410)
NATARAJ 0.0 bounds: (527,447),(563,444),(564,454),(528,457)
BAR 0.0 bounds: (538,460),(554,459),(555,466),(539,467)
B-TRA 0.0 bounds: (862,485),(891,484),(891,496),(862,497)
