080 6608 4221
PARKWEST03 Seridedo
చిల ేడి లాుకన్న మోరుకి నమితి, బింగకయు.
మ్కర ిగల
e an teA n
Multiple
amenities.
One roof.
sers IOW t
10%
LUXURY | artng at 1
230 Near Ra tagar
ఏటవిని,దే బ్రిడా
APMC WEIGH BRIDGE
60 on
BLL POSSESSION
ON CY
odeed
जयटाठ
న అతమాన సల ి
చూ
5.
 0.0 bounds: (68,87),(929,87),(929,471),(68,471)
080 0.0 bounds: (190,87),(211,93),(209,102),(188,96)
6608 0.0 bounds: (213,93),(232,98),(230,108),(210,103)
4221 0.0 bounds: (234,99),(253,104),(251,114),(231,109)
PARKWEST03 0.0 bounds: (293,112),(398,135),(394,152),(289,130)
Seridedo 0.0 bounds: (400,135),(476,152),(472,169),(396,153)
చిల 0.0 bounds: (594,186),(618,192),(615,207),(590,201)
ేడి 0.0 bounds: (649,199),(680,207),(677,221),(645,214)
లాుకన్న 0.0 bounds: (685,208),(735,220),(731,235),(681,223)
మోరుకి 0.0 bounds: (742,221),(818,240),(814,255),(738,237)
నమితి, 0.0 bounds: (820,241),(859,250),(855,265),(816,256)
బింగకయు. 0.0 bounds: (864,251),(929,267),(925,282),(860,267)
మ్కర 0.0 bounds: (770,210),(807,219),(805,229),(768,220)
ిగల 0.0 bounds: (826,224),(845,229),(843,237),(824,233)
e 0.0 bounds: (364,197),(371,199),(369,204),(363,203)
an 0.0 bounds: (387,203),(400,206),(398,212),(386,209)
teA 0.0 bounds: (413,210),(437,216),(436,222),(412,216)
n 0.0 bounds: (466,222),(482,226),(480,232),(465,228)
Multiple 0.0 bounds: (244,232),(274,236),(273,244),(243,240)
amenities. 0.0 bounds: (241,240),(279,245),(277,253),(240,248)
One 0.0 bounds: (245,250),(259,252),(258,260),(244,258)
roof. 0.0 bounds: (260,254),(275,256),(274,262),(259,260)
sers 0.0 bounds: (358,335),(371,336),(370,343),(357,342)
IOW 0.0 bounds: (431,342),(456,344),(455,350),(430,348)
t 0.0 bounds: (477,346),(487,347),(486,353),(476,352)
10% 0.0 bounds: (287,342),(320,345),(318,362),(285,359)
LUXURY 0.0 bounds: (164,339),(199,342),(198,350),(163,347)
| 0.0 bounds: (204,342),(209,342),(208,351),(203,351)
artng 0.0 bounds: (209,344),(231,346),(230,354),(208,352)
at 0.0 bounds: (233,348),(238,348),(238,353),(233,353)
1 0.0 bounds: (241,346),(248,347),(247,356),(240,355)
230 0.0 bounds: (165,348),(198,351),(197,358),(164,355)
Near 0.0 bounds: (209,351),(222,352),(221,359),(208,358)
Ra 0.0 bounds: (225,353),(231,353),(230,360),(224,360)
tagar 0.0 bounds: (242,354),(258,355),(257,362),(241,361)
ఏటవిని,దే 0.0 bounds: (503,371),(557,380),(555,394),(501,385)
బ్రిడా 0.0 bounds: (561,381),(585,385),(582,399),(559,395)
APMC 0.0 bounds: (501,387),(534,391),(532,404),(499,400)
WEIGH 0.0 bounds: (537,391),(562,394),(560,407),(535,404)
BRIDGE 0.0 bounds: (564,395),(587,398),(585,411),(562,408)
60 0.0 bounds: (506,400),(528,402),(527,412),(505,410)
on 0.0 bounds: (569,405),(578,406),(577,416),(568,415)
BLL 0.0 bounds: (282,366),(295,367),(294,375),(281,374)
POSSESSION 0.0 bounds: (297,368),(325,371),(324,379),(296,376)
ON 0.0 bounds: (323,371),(299,368),(300,363),(324,366)
CY 0.0 bounds: (297,368),(286,367),(287,362),(298,363)
odeed 0.0 bounds: (419,428),(479,429),(479,442),(419,441)
जयटाठ 0.0 bounds: (416,444),(439,445),(439,454),(416,453)
న 0.0 bounds: (427,453),(435,453),(435,465),(427,465)
అతమాన 0.0 bounds: (440,453),(473,453),(473,465),(440,465)
సల 0.0 bounds: (476,453),(494,453),(494,465),(476,465)
ి 0.0 bounds: (520,453),(526,453),(526,465),(520,465)
చూ 0.0 bounds: (68,397),(94,397),(94,413),(68,413)
5. 0.0 bounds: (79,459),(122,459),(122,471),(79,471)
