ons
AMONDS
FREE PARKING FOR
PANTALOONS
CUSTOMERS!
RAJ DIAMONDS
NAVRATHAN
DEC CAN ENTERPRISES
AD-50 MG RAD
9845012538 9el45001377
FLOR ANAILABLI FOR
在益
 0.0 bounds: (10,53),(707,53),(707,365),(10,365)
ons 0.0 bounds: (24,85),(92,101),(83,139),(15,123)
AMONDS 0.0 bounds: (19,111),(190,131),(184,184),(13,164)
FREE 0.0 bounds: (265,212),(284,210),(285,221),(266,223)
PARKING 0.0 bounds: (287,209),(327,205),(328,216),(288,221)
FOR 0.0 bounds: (330,205),(347,203),(348,214),(331,216)
PANTALOONS 0.0 bounds: (278,227),(335,221),(336,234),(279,240)
CUSTOMERS! 0.0 bounds: (277,245),(338,239),(339,251),(278,257)
RAJ 0.0 bounds: (10,265),(52,265),(52,284),(10,284)
DIAMONDS 0.0 bounds: (54,265),(106,266),(106,286),(54,285)
NAVRATHAN 0.0 bounds: (583,265),(631,264),(631,271),(583,272)
DEC 0.0 bounds: (170,313),(192,312),(193,325),(171,326)
CAN 0.0 bounds: (195,312),(214,311),(215,324),(196,325)
ENTERPRISES 0.0 bounds: (216,310),(272,307),(273,321),(217,324)
AD-50 0.0 bounds: (193,326),(213,326),(213,335),(193,335)
MG 0.0 bounds: (216,327),(223,327),(223,332),(216,332)
RAD 0.0 bounds: (227,325),(243,325),(243,334),(227,334)
9845012538 0.0 bounds: (167,337),(219,334),(220,348),(168,351)
9el45001377 0.0 bounds: (221,335),(275,332),(276,346),(222,349)
FLOR 0.0 bounds: (177,353),(199,353),(199,365),(177,365)
ANAILABLI 0.0 bounds: (203,352),(236,351),(236,364),(203,365)
FOR 0.0 bounds: (243,354),(254,354),(254,364),(243,364)
在 0.0 bounds: (707,53),(708,115),(690,115),(689,53)
益 0.0 bounds: (708,117),(708,134),(690,134),(690,117)
