Balaji's TA.PManor
Muthoot Fance
Andha Bank
VISHAL
 0.0 bounds: (28,197),(567,197),(567,430),(28,430)
Balaji's 0.0 bounds: (38,220),(74,212),(77,227),(41,235)
TA.PManor 0.0 bounds: (77,211),(139,197),(142,211),(80,225)
Muthoot 0.0 bounds: (28,381),(59,375),(61,383),(30,390)
Fance 0.0 bounds: (62,374),(90,368),(92,378),(64,384)
Andha 0.0 bounds: (93,422),(118,417),(119,425),(95,430)
Bank 0.0 bounds: (119,417),(133,414),(134,422),(121,425)
VISHAL 0.0 bounds: (522,332),(559,311),(567,324),(529,345)
