LEGENDARY STYLE
OR LOST CULTURE
FELTHEOTHERSE
PELE
&prh
fRCASE DO NOT DRINATE"
TTTTTTTTTU
 0.0 bounds: (298,119),(993,119),(993,336),(298,336)
LEGENDARY 0.0 bounds: (298,128),(354,122),(355,133),(299,139)
STYLE 0.0 bounds: (357,122),(386,119),(387,128),(358,131)
OR 0.0 bounds: (298,141),(311,139),(312,148),(299,150)
LOST 0.0 bounds: (314,139),(338,136),(339,145),(315,148)
CULTURE 0.0 bounds: (341,136),(385,131),(386,141),(342,146)
FELTHEOTHERSE 0.0 bounds: (359,167),(411,159),(413,167),(360,175)
PELE 0.0 bounds: (380,178),(393,176),(394,183),(381,185)
&prh 0.0 bounds: (364,200),(394,193),(397,207),(367,214)
fRCASE 0.0 bounds: (861,286),(896,283),(897,301),(863,304)
DO 0.0 bounds: (901,283),(914,282),(915,299),(903,300)
NOT 0.0 bounds: (916,282),(935,280),(936,297),(918,299)
DRINATE" 0.0 bounds: (940,279),(991,274),(992,292),(942,297)
TTTTTTTTTU 0.0 bounds: (794,336),(710,337),(710,329),(794,328)
