MASIDE ABUL ON ENce
aw soort
MARON
AZRATHN AHANR
 0.0 bounds: (309,248),(734,248),(734,367),(309,367)
MASIDE 0.0 bounds: (312,248),(354,255),(352,273),(309,267)
ABUL 0.0 bounds: (356,255),(374,258),(371,277),(353,274)
ON 0.0 bounds: (376,258),(383,259),(380,278),(373,277)
ENce 0.0 bounds: (419,265),(479,274),(476,293),(416,284)
aw 0.0 bounds: (319,285),(350,291),(348,305),(316,299)
soort 0.0 bounds: (351,292),(393,300),(391,314),(348,306)
MARON 0.0 bounds: (692,353),(733,350),(734,364),(693,367)
AZRATHN 0.0 bounds: (334,325),(394,335),(391,351),(331,341)
AHANR 0.0 bounds: (396,335),(429,340),(426,356),(393,351)
