1Fxed d Floaring
pees el heh
MYRA
MEDICINE DELIVERY
IN 1 HOUR
990-252-20001 DOVWNLOAD APP
 0.0 bounds: (236,178),(450,178),(450,400),(236,400)
1Fxed 0.0 bounds: (236,187),(278,182),(279,193),(237,198)
d 0.0 bounds: (281,182),(289,181),(290,191),(282,192)
Floaring 0.0 bounds: (292,182),(320,178),(321,186),(293,190)
pees 0.0 bounds: (248,196),(304,189),(305,198),(249,205)
el 0.0 bounds: (308,190),(311,190),(312,195),(309,195)
heh 0.0 bounds: (314,189),(323,188),(324,194),(315,195)
MYRA 0.0 bounds: (383,287),(430,285),(430,295),(383,297)
MEDICINE 0.0 bounds: (324,313),(382,309),(383,323),(325,327)
DELIVERY 0.0 bounds: (388,309),(445,306),(446,320),(389,323)
IN 0.0 bounds: (356,325),(371,324),(372,337),(357,338)
1 0.0 bounds: (372,325),(376,325),(376,334),(372,334)
HOUR 0.0 bounds: (382,324),(415,322),(416,332),(383,334)
990-252-20001 0.0 bounds: (333,388),(386,386),(386,398),(333,400)
DOVWNLOAD 0.0 bounds: (389,388),(432,386),(432,396),(389,398)
APP 0.0 bounds: (435,388),(450,387),(450,392),(435,393)
