globaldesi
youe
O SHODC
Appa
INDES
THE
ries -
ot And
Piercing
Specialist in Kolapuri's
SUNLIE EREE
WIS
ineroo FME
 0.0 bounds: (1,29),(651,29),(651,377),(1,377)
globaldesi 0.0 bounds: (73,46),(141,30),(147,53),(79,69)
youe 0.0 bounds: (99,66),(140,56),(142,65),(101,75)
O 0.0 bounds: (266,105),(278,102),(281,114),(270,117)
SHODC 0.0 bounds: (280,101),(325,88),(329,100),(284,113)
Appa 0.0 bounds: (221,169),(261,154),(268,171),(228,187)
INDES 0.0 bounds: (300,210),(323,202),(325,209),(302,217)
THE 0.0 bounds: (332,222),(348,218),(350,223),(334,228)
ries 0.0 bounds: (1,338),(29,333),(31,346),(3,351)
- 0.0 bounds: (74,333),(76,333),(76,334),(74,334)
ot 0.0 bounds: (1,351),(25,347),(27,360),(3,364)
And 0.0 bounds: (27,347),(52,343),(54,357),(29,361)
Piercing 0.0 bounds: (8,369),(75,359),(76,367),(9,377)
Specialist 0.0 bounds: (102,342),(167,334),(168,350),(104,358)
in 0.0 bounds: (170,334),(184,332),(185,344),(171,346)
Kolapuri's 0.0 bounds: (186,333),(244,326),(245,340),(188,347)
SUNLIE 0.0 bounds: (593,247),(613,243),(614,251),(595,255)
EREE 0.0 bounds: (615,243),(627,241),(628,247),(616,250)
WIS 0.0 bounds: (592,257),(625,252),(626,258),(593,263)
ineroo 0.0 bounds: (588,294),(625,284),(627,292),(590,302)
FME 0.0 bounds: (631,283),(648,278),(651,287),(633,292)
