KANCHEEVARAM-DRESS MATERIALS raymoto
WEODING JEWELLERY
KUBERAN
SILKS
అంది అన్నావల్లరి
JAYA JWELLE Y
Sudarshan
SILK
Jewele
WHOLESALE PRICE
MEADYMADE-MENS-ONIENS- DK.DS
"JAYA JEWELLERY
BERAN
 0.0 bounds: (357,104),(940,104),(940,378),(357,378)
KANCHEEVARAM-DRESS 0.0 bounds: (544,280),(638,286),(637,301),(543,295)
MATERIALS 0.0 bounds: (643,285),(686,282),(687,295),(644,298)
raymoto 0.0 bounds: (691,281),(744,271),(746,284),(693,294)
WEODING 0.0 bounds: (360,108),(400,106),(400,117),(360,119)
JEWELLERY 0.0 bounds: (404,106),(452,104),(452,115),(404,117)
KUBERAN 0.0 bounds: (820,191),(939,187),(940,212),(821,216)
SILKS 0.0 bounds: (842,220),(915,219),(915,244),(842,245)
అంది 0.0 bounds: (357,253),(392,252),(393,274),(358,275)
అన్నావల్లరి 0.0 bounds: (394,252),(457,251),(458,274),(395,275)
JAYA 0.0 bounds: (361,278),(388,277),(389,296),(362,297)
JWELLE 0.0 bounds: (391,277),(439,276),(440,295),(392,296)
Y 0.0 bounds: (444,276),(452,276),(452,294),(444,294)
Sudarshan 0.0 bounds: (546,237),(688,236),(688,274),(546,275)
SILK 0.0 bounds: (701,228),(737,224),(739,245),(704,250)
Jewele 0.0 bounds: (690,250),(741,244),(743,261),(692,267)
WHOLESALE 0.0 bounds: (568,275),(647,273),(647,285),(568,287)
PRICE 0.0 bounds: (652,273),(697,272),(697,281),(652,282)
MEADYMADE-MENS-ONIENS- 0.0 bounds: (544,298),(681,296),(681,307),(544,309)
DK.DS 0.0 bounds: (683,296),(713,296),(713,307),(683,307)
"JAYA 0.0 bounds: (418,317),(437,316),(437,328),(418,329)
JEWELLERY 0.0 bounds: (439,316),(470,315),(470,328),(439,329)
BERAN 0.0 bounds: (898,369),(930,368),(930,377),(898,378)
