0390
REMASQ AGENCES
FYRE MASQ AGENCIES
SPARKLE
SPARKLE
Shivajinac
జయమజల
Jayama
 0.0 bounds: (138,-3),(876,-3),(876,368),(138,368)
0390 0.0 bounds: (411,-3),(461,20),(451,41),(401,18)
REMASQ 0.0 bounds: (302,171),(330,182),(326,191),(298,180)
AGENCES 0.0 bounds: (333,182),(358,192),(355,199),(330,189)
FYRE 0.0 bounds: (138,169),(157,167),(158,174),(139,176)
MASQ 0.0 bounds: (160,165),(179,163),(180,174),(161,176)
AGENCIES 0.0 bounds: (183,163),(219,159),(220,168),(184,172)
SPARKLE 0.0 bounds: (144,252),(197,252),(197,269),(144,269)
SPARKLE 0.0 bounds: (300,263),(341,268),(339,284),(298,279)
Shivajinac 0.0 bounds: (833,329),(876,329),(876,337),(833,337)
జయమజల 0.0 bounds: (829,346),(873,348),(873,357),(829,355)
Jayama 0.0 bounds: (829,358),(865,359),(865,368),(829,367)
