1975
కలాజు అక్షి రా
roaraj Lami Bar
బందిమా
Khadim's
LADIES TAILOR
 0.0 bounds: (473,-5),(881,-5),(881,152),(473,152)
1975 0.0 bounds: (490,9),(530,-5),(537,16),(497,30)
కలాజు 0.0 bounds: (473,118),(509,101),(516,115),(479,132)
అక్షి 0.0 bounds: (513,99),(528,92),(535,106),(520,114)
రా 0.0 bounds: (534,90),(560,78),(566,90),(539,102)
roaraj 0.0 bounds: (478,135),(516,120),(523,137),(485,152)
Lami 0.0 bounds: (518,120),(548,108),(554,125),(525,137)
Bar 0.0 bounds: (549,106),(570,97),(577,115),(556,124)
బందిమా 0.0 bounds: (843,16),(875,2),(880,14),(848,28)
Khadim's 0.0 bounds: (730,68),(858,25),(866,47),(738,91)
LADIES 0.0 bounds: (603,105),(619,99),(622,109),(606,114)
TAILOR 0.0 bounds: (621,99),(638,93),(641,103),(624,108)
