NOW
eilo to us on:
CA (ADVIE
Toll Free No. 1800 425 5885
 0.0 bounds: (30,-6),(751,-6),(751,226),(30,226)
NOW 0.0 bounds: (715,-2),(751,18),(744,31),(708,11)
eilo 0.0 bounds: (649,-6),(680,10),(675,21),(644,5)
to 0.0 bounds: (685,12),(702,21),(695,35),(678,26)
us 0.0 bounds: (700,22),(717,31),(713,39),(696,30)
on: 0.0 bounds: (722,33),(740,42),(735,51),(717,42)
CA 0.0 bounds: (422,185),(443,190),(438,211),(417,205)
(ADVIE 0.0 bounds: (433,188),(503,205),(498,226),(428,208)
Toll 0.0 bounds: (33,56),(53,61),(51,72),(30,68)
Free 0.0 bounds: (58,64),(83,70),(81,81),(56,75)
No. 0.0 bounds: (86,71),(117,78),(115,86),(84,79)
1800 0.0 bounds: (119,80),(140,85),(139,93),(117,88)
425 0.0 bounds: (145,86),(164,91),(163,98),(143,94)
5885 0.0 bounds: (172,92),(197,98),(195,107),(170,101)
