CAIL SO 77
MERU CABS-4422 4422
KA-05
AD-7903
 0.0 bounds: (9,208),(685,208),(685,380),(9,380)
CAIL 0.0 bounds: (648,209),(663,209),(663,214),(648,214)
SO 0.0 bounds: (665,208),(678,208),(678,215),(665,215)
77 0.0 bounds: (680,208),(685,208),(685,215),(680,215)
MERU 0.0 bounds: (565,323),(587,323),(587,331),(565,331)
CABS-4422 0.0 bounds: (590,324),(630,324),(630,331),(590,331)
4422 0.0 bounds: (634,324),(654,324),(654,330),(634,330)
KA-05 0.0 bounds: (11,351),(31,350),(31,361),(11,362)
AD-7903 0.0 bounds: (9,367),(35,366),(36,378),(10,380)
