tERAH-DRESS MATERIALS-Rayme
WEDDING JEWELERY
Wakthill Bills
అయ న్ానల్లి
S JAYIA JEWHLLE Y
Sudarshan
SIL
KUBERAN
SILKS
bue
Jewe
WHOLESALE PRICE
CHRBL
angaar
•MENS ORENS KIDS
KUBERAN
 0.0 bounds: (46,125),(968,125),(968,366),(46,366)
tERAH-DRESS 0.0 bounds: (443,282),(517,284),(517,297),(443,295)
MATERIALS-Rayme 0.0 bounds: (522,284),(591,280),(591,290),(523,294)
WEDDING 0.0 bounds: (274,125),(313,125),(313,135),(274,135)
JEWELERY 0.0 bounds: (316,126),(359,126),(359,132),(316,132)
Wakthill 0.0 bounds: (66,132),(163,179),(144,219),(47,172)
Bills 0.0 bounds: (166,180),(216,204),(197,244),(147,220)
అయ 0.0 bounds: (267,250),(299,251),(299,269),(267,268)
న్ానల్లి 0.0 bounds: (304,250),(352,251),(352,270),(304,269)
S 0.0 bounds: (267,275),(278,275),(278,286),(267,286)
JAYIA 0.0 bounds: (280,276),(302,276),(302,290),(280,290)
JEWHLLE 0.0 bounds: (304,276),(343,276),(343,290),(304,290)
Y 0.0 bounds: (351,277),(356,277),(356,288),(351,288)
Sudarshan 0.0 bounds: (435,239),(555,239),(555,274),(435,274)
SIL 0.0 bounds: (569,235),(591,234),(592,253),(570,254)
KUBERAN 0.0 bounds: (644,234),(713,235),(713,253),(644,252)
SILKS 0.0 bounds: (658,257),(698,257),(698,271),(658,271)
bue 0.0 bounds: (826,240),(901,237),(902,272),(827,275)
Jewe 0.0 bounds: (562,259),(591,257),(592,266),(563,268)
WHOLESALE 0.0 bounds: (445,272),(523,273),(523,283),(445,282)
PRICE 0.0 bounds: (529,274),(567,274),(567,282),(529,282)
CHRBL 0.0 bounds: (925,253),(955,245),(959,262),(929,269)
angaar 0.0 bounds: (927,283),(964,274),(968,290),(931,299)
•MENS 0.0 bounds: (476,297),(504,296),(504,307),(476,308)
ORENS 0.0 bounds: (506,296),(544,294),(544,304),(506,306)
KIDS 0.0 bounds: (555,294),(578,293),(578,302),(555,303)
KUBERAN 0.0 bounds: (679,360),(703,360),(703,366),(679,366)
