Invest in
TOGETHERNESS
Enter the e
Family
 0.0 bounds: (816,459),(904,459),(904,551),(816,551)
Invest 0.0 bounds: (834,465),(866,461),(867,468),(835,472)
in 0.0 bounds: (868,460),(873,459),(874,469),(869,470)
TOGETHERNESS 0.0 bounds: (816,479),(903,466),(904,474),(817,487)
Enter 0.0 bounds: (819,532),(839,530),(840,540),(820,542)
the 0.0 bounds: (841,529),(854,528),(855,537),(842,538)
e 0.0 bounds: (871,526),(884,525),(885,534),(872,535)
Family 0.0 bounds: (820,540),(850,535),(851,546),(822,551)
