8-TRAC
NO PARKING
NO HALTING
TOW AWAY ZONE
 0.0 bounds: (63,343),(165,343),(165,439),(63,439)
8-TRAC 0.0 bounds: (103,343),(143,346),(142,360),(102,357)
NO 0.0 bounds: (81,365),(100,367),(99,376),(80,374)
PARKING 0.0 bounds: (110,365),(162,369),(161,383),(109,379)
NO 0.0 bounds: (75,377),(110,380),(109,393),(74,390)
HALTING 0.0 bounds: (113,379),(160,383),(159,396),(112,392)
TOW 0.0 bounds: (64,424),(93,425),(92,436),(63,435)
AWAY 0.0 bounds: (98,427),(129,428),(129,438),(98,437)
ZONE 0.0 bounds: (134,427),(165,428),(164,439),(133,438)
