29T NPT 32
CAIL 777786
BALLER AD-7903
MERU CABS-4422 4422
 0.0 bounds: (107,171),(874,171),(874,401),(107,401)
29T 0.0 bounds: (142,177),(160,174),(162,187),(144,190)
NPT 0.0 bounds: (163,175),(178,173),(180,185),(165,187)
32 0.0 bounds: (180,172),(188,171),(190,184),(182,185)
CAIL 0.0 bounds: (829,226),(843,226),(843,232),(829,232)
777786 0.0 bounds: (856,225),(874,225),(874,231),(856,231)
BALLER 0.0 bounds: (107,389),(166,388),(166,400),(107,401)
AD-7903 0.0 bounds: (168,388),(195,388),(195,400),(168,400)
MERU 0.0 bounds: (760,352),(777,351),(777,358),(760,359)
CABS-4422 0.0 bounds: (780,351),(818,349),(818,356),(780,358)
4422 0.0 bounds: (822,349),(840,348),(840,355),(822,356)
