S
PR NS
SOLE DISIRM
AlefE M
a
CHICKPET PLAZA
RATBHREE NX
idarshan
SILKS
lewellers
KMT REATIAONS
OLESALE PRICE
RAM- DRESS MATERIALS-Rayinono
ENS WORERMS KIDS
KMT
PUTINIHALL
SRI MANJUNATHA
 0.0 bounds: (3,247),(1024,247),(1024,645),(3,645)
S 0.0 bounds: (14,264),(30,264),(30,284),(14,284)
PR 0.0 bounds: (317,247),(330,249),(329,256),(316,254)
NS 0.0 bounds: (335,251),(350,253),(349,260),(334,258)
SOLE 0.0 bounds: (299,257),(319,262),(318,269),(297,264)
DISIRM 0.0 bounds: (324,262),(350,268),(349,274),(323,268)
AlefE 0.0 bounds: (291,270),(333,278),(330,295),(288,287)
M 0.0 bounds: (338,279),(348,281),(345,298),(335,296)
a 0.0 bounds: (4,344),(22,345),(21,367),(3,366)
CHICKPET 0.0 bounds: (657,351),(780,310),(791,343),(668,384)
PLAZA 0.0 bounds: (789,307),(887,274),(898,308),(800,340)
RATBHREE 0.0 bounds: (835,404),(974,376),(980,403),(841,431)
NX 0.0 bounds: (983,378),(1019,371),(1024,393),(988,401)
idarshan 0.0 bounds: (51,469),(172,471),(171,503),(50,501)
SILKS 0.0 bounds: (179,471),(237,473),(236,489),(178,487)
lewellers 0.0 bounds: (178,487),(236,488),(236,499),(178,498)
KMT 0.0 bounds: (526,480),(589,465),(594,484),(530,499)
REATIAONS 0.0 bounds: (632,455),(688,442),(693,461),(637,474)
OLESALE 0.0 bounds: (74,498),(134,499),(134,509),(74,508)
PRICE 0.0 bounds: (139,499),(182,500),(182,509),(139,508)
RAM- 0.0 bounds: (66,510),(97,510),(97,521),(66,521)
DRESS 0.0 bounds: (99,511),(125,511),(125,518),(99,518)
MATERIALS-Rayinono 0.0 bounds: (127,510),(223,510),(223,521),(127,521)
ENS 0.0 bounds: (91,522),(113,521),(113,530),(91,531)
WORERMS 0.0 bounds: (115,521),(163,520),(163,530),(115,531)
KIDS 0.0 bounds: (170,519),(195,518),(195,528),(170,529)
KMT 0.0 bounds: (389,498),(425,499),(425,517),(389,516)
PUTINIHALL 0.0 bounds: (235,522),(352,492),(361,528),(244,558)
SRI 0.0 bounds: (936,637),(944,636),(945,644),(937,645)
MANJUNATHA 0.0 bounds: (947,637),(985,632),(986,639),(948,644)
