LLEPLE
3 PAGE
EPALHAR
RARA RESTAURAN
ADEENA WATER SUPPLY K
5556480333
ACISE BO
 0.0 bounds: (416,67),(1024,67),(1024,525),(416,525)
LLEPLE 0.0 bounds: (881,120),(1005,67),(1024,110),(899,163)
3 0.0 bounds: (550,249),(571,243),(580,270),(559,277)
PAGE 0.0 bounds: (577,244),(640,225),(648,250),(585,270)
EPALHAR 0.0 bounds: (701,222),(817,205),(821,233),(705,250)
RARA 0.0 bounds: (568,282),(588,278),(589,285),(570,290)
RESTAURAN 0.0 bounds: (592,273),(645,261),(647,273),(595,285)
ADEENA 0.0 bounds: (545,342),(606,337),(608,369),(548,374)
WATER 0.0 bounds: (609,337),(665,332),(667,364),(612,369)
SUPPLY 0.0 bounds: (678,332),(771,325),(773,355),(680,363)
K 0.0 bounds: (766,325),(877,316),(879,347),(768,356)
5556480333 0.0 bounds: (782,317),(876,307),(878,324),(784,334)
ACISE 0.0 bounds: (416,516),(440,516),(440,525),(416,525)
BO 0.0 bounds: (442,516),(450,516),(450,525),(442,525)
