Daboat o Richmond Road 2
OEs Dickenson Road
Du Trinity Circle
B B-TRAC
rer
 0.0 bounds: (69,124),(382,124),(382,294),(69,294)
Daboat 0.0 bounds: (266,129),(302,127),(302,136),(266,138)
o 0.0 bounds: (306,127),(316,127),(316,138),(306,138)
Richmond 0.0 bounds: (322,126),(350,125),(351,137),(323,138)
Road 0.0 bounds: (354,125),(370,124),(370,135),(354,136)
2 0.0 bounds: (375,126),(382,126),(382,133),(375,133)
OEs 0.0 bounds: (271,146),(297,145),(297,152),(271,153)
Dickenson 0.0 bounds: (322,140),(352,138),(353,151),(323,153)
Road 0.0 bounds: (355,139),(370,138),(371,150),(356,151)
Du 0.0 bounds: (269,159),(289,158),(290,171),(270,172)
Trinity 0.0 bounds: (319,156),(340,155),(341,168),(320,169)
Circle 0.0 bounds: (342,154),(359,153),(360,167),(343,168)
B 0.0 bounds: (298,172),(305,172),(305,181),(298,181)
B-TRAC 0.0 bounds: (328,174),(354,173),(354,179),(328,180)
rer 0.0 bounds: (72,276),(105,287),(103,294),(70,283)
