THEWEEK
CHETHARS HELMET WORLD
Globe
Vega STUDDS L52
JOURNALISM WITH A HUMAN TOUCH
RPRISES
SRI NANDISHWARA LUNCH HONE
MEGRA ENTE
MEGHA Enterprises
Glo
ACOR
LS.
BHARAHI UTOMOBILES
AY
 0.0 bounds: (9,195),(903,195),(903,490),(9,490)
THEWEEK 0.0 bounds: (21,195),(203,234),(191,287),(10,248)
CHETHARS 0.0 bounds: (553,275),(598,289),(594,300),(550,285)
HELMET 0.0 bounds: (601,290),(633,300),(630,311),(598,300)
WORLD 0.0 bounds: (637,302),(662,310),(659,319),(634,312)
Globe 0.0 bounds: (590,300),(638,317),(631,338),(583,321)
Vega 0.0 bounds: (528,313),(569,324),(564,339),(524,328)
STUDDS 0.0 bounds: (574,325),(605,333),(601,349),(570,340)
L52 0.0 bounds: (651,346),(679,354),(675,369),(647,361)
JOURNALISM 0.0 bounds: (17,251),(87,264),(85,274),(15,261)
WITH 0.0 bounds: (90,266),(116,271),(114,279),(88,274)
A 0.0 bounds: (120,272),(126,273),(124,281),(118,280)
HUMAN 0.0 bounds: (128,273),(164,280),(163,288),(126,281)
TOUCH 0.0 bounds: (167,281),(195,286),(194,294),(165,289)
RPRISES 0.0 bounds: (763,364),(802,358),(803,365),(764,371)
SRI 0.0 bounds: (39,286),(58,289),(56,299),(37,296)
NANDISHWARA 0.0 bounds: (60,289),(122,300),(120,310),(58,299)
LUNCH 0.0 bounds: (125,301),(150,305),(148,316),(123,312)
HONE 0.0 bounds: (153,306),(174,310),(172,319),(151,316)
MEGRA 0.0 bounds: (706,374),(738,370),(739,377),(707,381)
ENTE 0.0 bounds: (743,369),(761,367),(762,373),(744,375)
MEGHA 0.0 bounds: (826,398),(862,407),(858,423),(822,415)
Enterprises 0.0 bounds: (864,407),(903,417),(899,433),(860,424)
Glo 0.0 bounds: (644,387),(655,387),(655,394),(644,394)
ACOR 0.0 bounds: (640,397),(666,396),(666,405),(640,406)
LS. 0.0 bounds: (644,408),(661,408),(661,416),(644,416)
BHARAHI 0.0 bounds: (326,359),(361,365),(360,375),(324,369)
UTOMOBILES 0.0 bounds: (368,366),(424,376),(422,387),(366,377)
AY 0.0 bounds: (520,478),(537,478),(537,490),(520,490)
