ASCERAMIC
Raja Rad
H.M'S !
ald
mRadiators
ECT
ROYAL Er
MSN
 0.0 bounds: (0,112),(1023,112),(1023,440),(0,440)
ASCERAMIC 0.0 bounds: (79,255),(139,286),(131,302),(71,270)
Raja 0.0 bounds: (982,135),(999,123),(1008,135),(991,147)
Rad 0.0 bounds: (1002,121),(1014,112),(1023,124),(1011,133)
H.M'S 0.0 bounds: (866,210),(901,191),(907,202),(872,221)
! 0.0 bounds: (903,190),(915,183),(922,195),(909,201)
ald 0.0 bounds: (901,212),(915,205),(919,213),(905,220)
mRadiators 0.0 bounds: (926,214),(962,194),(966,201),(930,221)
ECT 0.0 bounds: (2,364),(25,367),(23,385),(0,382)
ROYAL 0.0 bounds: (3,414),(27,416),(26,430),(2,428)
Er 0.0 bounds: (31,418),(44,419),(43,431),(30,430)
MSN 0.0 bounds: (107,433),(122,433),(122,440),(107,440)
