HUDSON CIRCLE
our moor
APSRTC
R.CHMOND CRCLE
GARUDA
 0.0 bounds: (121,345),(534,345),(534,416),(121,416)
HUDSON 0.0 bounds: (122,345),(164,349),(163,359),(121,355)
CIRCLE 0.0 bounds: (170,352),(199,355),(198,363),(169,360)
our 0.0 bounds: (125,362),(145,364),(143,378),(124,376)
moor 0.0 bounds: (149,365),(173,368),(172,380),(148,378)
APSRTC 0.0 bounds: (493,384),(534,385),(534,391),(493,390)
R.CHMOND 0.0 bounds: (124,380),(173,384),(172,391),(123,388)
CRCLE 0.0 bounds: (178,385),(208,387),(207,393),(178,391)
GARUDA 0.0 bounds: (491,409),(533,409),(533,416),(491,416)
