Platinum Love Bands
rvour Day of Love
Crigtmas
NILGIRIS
MAGIC
20
D4 4
HOME STORIES
HO
 0.0 bounds: (25,342),(1021,342),(1021,452),(25,452)
Platinum 0.0 bounds: (26,342),(68,348),(66,357),(25,351)
Love 0.0 bounds: (72,351),(93,354),(92,361),(71,358)
Bands 0.0 bounds: (98,354),(122,358),(121,365),(97,362)
rvour 0.0 bounds: (40,356),(67,360),(66,367),(39,363)
Day 0.0 bounds: (71,361),(91,364),(90,371),(70,368)
of 0.0 bounds: (93,364),(100,365),(99,372),(92,371)
Love 0.0 bounds: (101,367),(120,370),(119,376),(100,373)
Crigtmas 0.0 bounds: (607,358),(666,353),(667,373),(609,378)
NILGIRIS 0.0 bounds: (614,389),(660,381),(662,390),(616,398)
MAGIC 0.0 bounds: (619,397),(654,395),(654,404),(620,406)
20 0.0 bounds: (998,390),(1019,389),(1020,399),(999,400)
D4 0.0 bounds: (1005,404),(1018,403),(1018,410),(1006,411)
4 0.0 bounds: (1017,404),(1021,404),(1021,409),(1017,409)
HOME 0.0 bounds: (821,421),(881,411),(886,442),(826,452)
STORIES 0.0 bounds: (872,413),(977,396),(981,422),(876,440)
HO 0.0 bounds: (995,414),(1009,413),(1010,424),(996,425)
