Keng City Cia
బ్యాలి
TALLY
SPOKEN ENGLISH
CONTENT WRITING I AUDIO & VIDEO EDITING
Computer Basics Adobe Photoshop & Painting Classes
B.V.K. IYENGAR ROAD
Ph: 7676058716 / 080-40975093
be rsdet n a
Vasthu
LODGE
 0.0 bounds: (404,73),(814,73),(814,369),(404,369)
Keng 0.0 bounds: (769,74),(780,74),(780,80),(769,80)
City 0.0 bounds: (783,73),(791,73),(791,80),(783,80)
Cia 0.0 bounds: (793,73),(805,73),(805,78),(793,78)
బ్యాలి 0.0 bounds: (665,80),(700,76),(701,85),(666,89)
TALLY 0.0 bounds: (694,86),(776,81),(777,106),(696,111)
SPOKEN 0.0 bounds: (680,111),(732,108),(733,118),(681,121)
ENGLISH 0.0 bounds: (740,107),(792,104),(793,115),(741,118)
CONTENT 0.0 bounds: (670,124),(697,122),(698,133),(671,135)
WRITING 0.0 bounds: (699,122),(725,120),(726,131),(700,133)
I 0.0 bounds: (727,120),(730,120),(731,130),(728,130)
AUDIO 0.0 bounds: (732,120),(752,119),(753,129),(733,130)
& 0.0 bounds: (754,118),(760,118),(761,128),(755,128)
VIDEO 0.0 bounds: (762,118),(780,117),(781,127),(763,128)
EDITING 0.0 bounds: (782,116),(807,114),(808,125),(783,127)
Computer 0.0 bounds: (665,134),(691,132),(692,142),(666,144)
Basics 0.0 bounds: (693,132),(709,131),(710,142),(694,143)
Adobe 0.0 bounds: (713,131),(731,130),(732,140),(714,141)
Photoshop 0.0 bounds: (733,129),(759,127),(760,138),(734,140)
& 0.0 bounds: (761,128),(764,128),(765,138),(762,138)
Painting 0.0 bounds: (766,127),(786,126),(787,137),(767,138)
Classes 0.0 bounds: (788,126),(808,125),(809,136),(789,137)
B.V.K. 0.0 bounds: (685,144),(715,142),(716,154),(686,156)
IYENGAR 0.0 bounds: (717,142),(763,139),(764,151),(718,154)
ROAD 0.0 bounds: (769,139),(793,137),(794,148),(770,150)
Ph: 0.0 bounds: (663,157),(685,156),(686,167),(664,168)
7676058716 0.0 bounds: (689,157),(739,154),(739,162),(690,165)
/ 0.0 bounds: (745,152),(749,152),(750,163),(746,163)
080-40975093 0.0 bounds: (749,151),(813,147),(814,159),(750,163)
be 0.0 bounds: (518,279),(526,280),(524,291),(516,290)
rsdet 0.0 bounds: (530,281),(545,283),(543,291),(529,289)
n 0.0 bounds: (550,283),(561,285),(559,297),(548,295)
a 0.0 bounds: (566,289),(569,289),(568,294),(565,294)
Vasthu 0.0 bounds: (531,307),(588,317),(585,333),(528,323)
LODGE 0.0 bounds: (405,355),(438,357),(437,369),(404,367)
