OROUP
Trade bulls
Shar Pat ser mpertion
OTEL
 0.0 bounds: (0,89),(992,89),(992,272),(0,272)
OROUP 0.0 bounds: (963,89),(992,92),(991,102),(962,99)
Trade 0.0 bounds: (3,111),(112,121),(108,157),(0,147)
bulls 0.0 bounds: (104,121),(199,130),(196,157),(101,148)
Shar 0.0 bounds: (44,150),(63,152),(62,160),(43,158)
Pat 0.0 bounds: (66,152),(86,154),(85,161),(65,159)
ser 0.0 bounds: (91,156),(105,157),(105,162),(91,161)
mpertion 0.0 bounds: (110,156),(147,159),(146,167),(109,164)
OTEL 0.0 bounds: (282,255),(315,259),(313,272),(280,268)
