te ag a) m
150 Mbps @ 1999
లెంజంగా రో దకకనో అవరిగే
350 GB 350 GB
UPLOAD BOWNGAd
DCT
FIBENET
38EM
BMTC
SUVARNA
 0.0 bounds: (108,88),(1021,88),(1021,522),(108,522)
te 0.0 bounds: (881,112),(918,102),(920,110),(883,121)
ag 0.0 bounds: (920,101),(934,97),(937,106),(922,110)
a) 0.0 bounds: (936,96),(949,92),(951,102),(939,106)
m 0.0 bounds: (951,92),(963,89),(965,97),(953,101)
150 0.0 bounds: (245,224),(308,242),(296,283),(233,265)
Mbps 0.0 bounds: (317,244),(371,259),(359,302),(305,286)
@ 0.0 bounds: (373,260),(392,265),(381,307),(361,301)
1999 0.0 bounds: (394,265),(449,280),(437,323),(382,307)
లెంజంగా 0.0 bounds: (855,282),(895,276),(898,291),(858,298)
రో 0.0 bounds: (902,274),(929,270),(931,286),(905,290)
దకకనో 0.0 bounds: (939,271),(976,265),(977,276),(941,282)
అవరిగే 0.0 bounds: (984,263),(1019,258),(1021,270),(986,276)
350 0.0 bounds: (314,295),(342,301),(339,318),(310,312)
GB 0.0 bounds: (344,301),(360,304),(356,321),(340,318)
350 0.0 bounds: (371,307),(389,311),(385,327),(367,324)
GB 0.0 bounds: (391,311),(404,314),(400,330),(387,328)
UPLOAD 0.0 bounds: (319,309),(363,319),(358,339),(314,328)
BOWNGAd 0.0 bounds: (368,320),(409,330),(404,349),(363,339)
DCT 0.0 bounds: (499,291),(575,309),(564,356),(488,338)
FIBENET 0.0 bounds: (508,344),(562,352),(560,366),(506,358)
38EM 0.0 bounds: (470,358),(504,361),(503,368),(469,365)
BMTC 0.0 bounds: (407,470),(481,465),(483,489),(409,494)
SUVARNA 0.0 bounds: (108,493),(261,481),(263,510),(110,522)
