9, Millerrs Road, Off Cunninghan
Mob: 098400 71000 TEL: +
TAKE ' BREAK
BIRIYANI & KABAB CENT
Coca-Cola
NATARAJ
BAR
 0.0 bounds: (626,243),(1023,243),(1023,417),(626,417)
9, 0.0 bounds: (801,288),(808,287),(809,295),(802,296)
Millerrs 0.0 bounds: (814,284),(859,276),(861,285),(816,293)
Road, 0.0 bounds: (865,274),(900,268),(902,277),(867,284)
Off 0.0 bounds: (906,266),(929,262),(930,272),(908,276)
Cunninghan 0.0 bounds: (936,259),(1020,244),(1022,260),(939,275)
Mob: 0.0 bounds: (828,295),(861,289),(864,303),(830,309)
098400 0.0 bounds: (863,289),(908,281),(911,295),(865,303)
71000 0.0 bounds: (915,283),(952,276),(954,286),(917,293)
TEL: 0.0 bounds: (963,274),(1003,267),(1005,278),(965,285)
+ 0.0 bounds: (1011,267),(1021,265),(1022,272),(1012,274)
TAKE 0.0 bounds: (926,343),(949,340),(950,351),(928,354)
' 0.0 bounds: (953,340),(958,339),(960,352),(955,353)
BREAK 0.0 bounds: (968,338),(1001,333),(1002,344),(970,349)
BIRIYANI 0.0 bounds: (897,358),(941,354),(942,366),(898,370)
& 0.0 bounds: (945,355),(952,354),(953,363),(946,364)
KABAB 0.0 bounds: (956,355),(991,352),(992,361),(957,365)
CENT 0.0 bounds: (995,350),(1021,347),(1022,356),(996,359)
Coca-Cola 0.0 bounds: (626,394),(670,395),(670,411),(626,410)
NATARAJ 0.0 bounds: (687,400),(725,396),(726,405),(688,409)
BAR 0.0 bounds: (702,411),(716,410),(716,416),(703,417)
