go
noibibo
యుణనియనో బ్యాంకో
POP
abodan
KE
Union dant
ATM
CEAT
國
 0.0 bounds: (899,147),(1023,147),(1023,463),(899,463)
go 0.0 bounds: (901,147),(915,147),(915,157),(901,157)
noibibo 0.0 bounds: (934,156),(959,156),(959,166),(934,166)
యుణనియనో 0.0 bounds: (899,173),(956,174),(956,185),(899,184)
బ్యాంకో 0.0 bounds: (963,173),(994,174),(994,189),(963,188)
POP 0.0 bounds: (1000,280),(1023,280),(1023,290),(1000,290)
abodan 0.0 bounds: (901,306),(928,306),(928,315),(901,315)
KE 0.0 bounds: (1003,301),(1023,301),(1023,319),(1003,319)
Union 0.0 bounds: (904,329),(921,330),(921,335),(904,334)
dant 0.0 bounds: (924,328),(939,328),(939,334),(924,334)
ATM 0.0 bounds: (963,328),(976,328),(976,335),(963,335)
CEAT 0.0 bounds: (912,352),(972,353),(972,368),(912,367)
國 0.0 bounds: (937,456),(949,456),(949,463),(937,463)
