CALL O 777NA
MERU CABS-4422 4422
A-05
AD-1903
 0.0 bounds: (8,209),(700,209),(700,380),(8,380)
CALL 0.0 bounds: (649,209),(665,209),(665,215),(649,215)
O 0.0 bounds: (667,210),(672,210),(672,216),(667,216)
777NA 0.0 bounds: (679,210),(700,211),(700,217),(679,216)
MERU 0.0 bounds: (568,326),(587,326),(587,331),(568,331)
CABS-4422 0.0 bounds: (590,324),(630,324),(630,334),(590,334)
4422 0.0 bounds: (634,324),(654,324),(654,334),(634,334)
A-05 0.0 bounds: (11,351),(32,350),(32,361),(11,362)
AD-1903 0.0 bounds: (8,369),(36,367),(37,378),(9,380)
