3.B.MPST
Silks
GAYATHRI
JEWELLERS
DES GN STUpal
mang agate
shol
Frue of Enelastie Crnaments
er m
LARTE
Jeelle
#184 Avemus Roud Bangalors - 560 002.
PEN
RAVERA
 0.0 bounds: (259,-7),(839,-7),(839,520),(259,520)
3.B.MPST 0.0 bounds: (271,93),(308,99),(307,107),(270,101)
Silks 0.0 bounds: (513,38),(610,59),(605,79),(509,59)
GAYATHRI 0.0 bounds: (560,209),(806,32),(839,77),(593,254)
JEWELLERS 0.0 bounds: (639,216),(802,115),(825,151),(662,253)
DES 0.0 bounds: (260,222),(272,224),(271,228),(259,226)
GN 0.0 bounds: (275,224),(283,225),(282,229),(274,228)
STUpal 0.0 bounds: (287,227),(307,230),(306,233),(287,230)
mang 0.0 bounds: (574,152),(656,82),(681,112),(599,182)
agate 0.0 bounds: (656,77),(754,-7),(785,29),(686,113)
shol 0.0 bounds: (451,336),(537,281),(562,320),(476,375)
Frue 0.0 bounds: (570,305),(620,278),(638,311),(588,338)
of 0.0 bounds: (621,277),(636,269),(654,301),(639,309)
Enelastie 0.0 bounds: (638,268),(702,233),(720,266),(656,301)
Crnaments 0.0 bounds: (706,231),(803,178),(821,210),(724,263)
er 0.0 bounds: (272,387),(294,386),(294,395),(272,396)
m 0.0 bounds: (299,385),(312,384),(312,393),(299,394)
LARTE 0.0 bounds: (772,270),(795,260),(798,267),(775,277)
Jeelle 0.0 bounds: (470,367),(533,331),(552,363),(488,399)
#184 0.0 bounds: (590,341),(610,332),(613,338),(593,347)
Avemus 0.0 bounds: (613,329),(645,314),(648,321),(616,336)
Roud 0.0 bounds: (647,314),(673,302),(677,310),(651,322)
Bangalors 0.0 bounds: (676,299),(737,270),(742,281),(681,310)
- 0.0 bounds: (742,272),(746,270),(747,273),(743,275)
560 0.0 bounds: (749,265),(773,254),(776,262),(753,273)
002. 0.0 bounds: (778,251),(808,237),(812,246),(782,260)
PEN 0.0 bounds: (531,509),(546,510),(545,520),(530,519)
RAVERA 0.0 bounds: (410,194),(459,133),(472,144),(423,205)
