Kort-on
FERCET
e fe de
SHREE BALAJI
FRAME WORKS
 0.0 bounds: (703,59),(966,59),(966,164),(703,164)
Kort-on 0.0 bounds: (703,89),(740,60),(750,73),(714,102)
FERCET 0.0 bounds: (774,144),(841,119),(849,138),(781,164)
e 0.0 bounds: (883,116),(888,114),(891,124),(886,125)
fe 0.0 bounds: (910,109),(924,104),(927,112),(913,117)
de 0.0 bounds: (929,102),(941,98),(944,106),(932,111)
SHREE 0.0 bounds: (864,132),(906,119),(912,137),(870,150)
BALAJI 0.0 bounds: (912,122),(961,107),(965,123),(917,137)
FRAME 0.0 bounds: (874,147),(914,137),(917,148),(877,159)
WORKS 0.0 bounds: (916,135),(955,125),(957,136),(919,146)
