a d devecbd xtducob ddd
WOSE MEMSBAL CAURCH COMMUNITY CENTRE
 0.0 bounds: (784,278),(957,278),(957,310),(784,310)
a 0.0 bounds: (786,294),(806,292),(807,300),(787,302)
d 0.0 bounds: (824,289),(832,288),(833,298),(825,299)
devecbd 0.0 bounds: (835,288),(880,284),(881,292),(836,296)
xtducob 0.0 bounds: (884,285),(926,281),(926,288),(885,292)
ddd 0.0 bounds: (930,280),(952,278),(953,286),(931,288)
WOSE 0.0 bounds: (784,301),(809,299),(810,308),(785,310)
MEMSBAL 0.0 bounds: (811,299),(846,297),(847,306),(812,308)
CAURCH 0.0 bounds: (849,298),(876,296),(876,303),(849,305)
COMMUNITY 0.0 bounds: (880,297),(925,294),(925,300),(880,303)
CENTRE 0.0 bounds: (928,292),(956,290),(956,298),(929,300)
