Call 180
THI-&PONGAL WISHES.
LLUVAR JAYANTHI
R.NIRMAL KUMAR
Va President
BMOCC Labour Dept
 0.0 bounds: (-1,-4),(1023,-4),(1023,410),(-1,410)
Call 0.0 bounds: (883,-4),(952,13),(941,59),(872,42)
180 0.0 bounds: (964,17),(1022,31),(1010,82),(952,67)
THI-&PONGAL 0.0 bounds: (6,310),(140,329),(137,350),(3,331)
WISHES. 0.0 bounds: (150,330),(214,339),(211,361),(147,352)
LLUVAR 0.0 bounds: (4,334),(88,346),(84,378),(-1,366)
JAYANTHI 0.0 bounds: (46,340),(194,361),(190,392),(42,371)
R.NIRMAL 0.0 bounds: (218,363),(279,371),(277,388),(216,380)
KUMAR 0.0 bounds: (267,370),(321,377),(319,392),(265,385)
Va 0.0 bounds: (241,383),(255,385),(254,392),(240,390)
President 0.0 bounds: (261,386),(293,391),(291,399),(260,394)
BMOCC 0.0 bounds: (232,392),(256,395),(255,404),(231,401)
Labour 0.0 bounds: (258,398),(279,401),(278,407),(257,404)
Dept 0.0 bounds: (282,401),(295,403),(294,410),(281,408)
