SINCE 1945
PRAGATHI SILK &SAREES
YRAN RAJ
MRAJ
SILK&
SAREES
RAM
BYRAPPA LLECTIONS
CHICKPE
povor
ORATIRHADUE
PURE SI
SHIRTS
PURE
SHIF
MENS
KA-01
6089
etsa
>ARALAKSHM-
 0.0 bounds: (64,63),(1010,63),(1010,550),(64,550)
SINCE 0.0 bounds: (761,100),(823,82),(828,102),(767,119)
1945 0.0 bounds: (838,78),(890,63),(895,79),(843,94)
PRAGATHI 0.0 bounds: (440,216),(503,233),(499,246),(437,229)
SILK 0.0 bounds: (508,234),(531,240),(528,252),(505,246)
&SAREES 0.0 bounds: (536,240),(588,254),(584,270),(532,255)
YRAN 0.0 bounds: (878,291),(931,291),(931,304),(878,304)
RAJ 0.0 bounds: (942,290),(971,290),(971,304),(942,304)
MRAJ 0.0 bounds: (799,299),(843,297),(843,304),(799,306)
SILK& 0.0 bounds: (396,288),(427,293),(424,310),(393,305)
SAREES 0.0 bounds: (396,307),(422,311),(420,325),(394,321)
RAM 0.0 bounds: (946,341),(1003,333),(1005,348),(948,356)
BYRAPPA 0.0 bounds: (703,342),(768,339),(769,359),(704,362)
LLECTIONS 0.0 bounds: (776,335),(900,330),(901,358),(777,363)
CHICKPE 0.0 bounds: (745,367),(783,367),(783,378),(745,378)
povor 0.0 bounds: (793,370),(819,370),(819,377),(793,377)
ORATIRHADUE 0.0 bounds: (551,366),(615,379),(613,388),(549,375)
PURE 0.0 bounds: (731,393),(757,393),(757,402),(731,402)
SI 0.0 bounds: (761,392),(774,392),(774,404),(761,404)
SHIRTS 0.0 bounds: (736,406),(778,406),(778,418),(736,418)
PURE 0.0 bounds: (873,393),(912,394),(912,408),(873,407)
SHIF 0.0 bounds: (939,390),(1008,384),(1010,407),(941,413)
MENS 0.0 bounds: (810,393),(846,393),(846,404),(810,404)
KA-01 0.0 bounds: (775,502),(820,509),(818,525),(772,518)
6089 0.0 bounds: (774,521),(833,532),(830,550),(771,539)
etsa 0.0 bounds: (630,541),(652,545),(651,549),(629,545)
>ARALAKSHM- 0.0 bounds: (99,208),(84,321),(65,319),(80,206)
