yoNNIE
WALKER
SRIDEVISTAIONERY STORES
NERY
TASTE MORE
WITH EVERY POUR
SAS MINE CENTRE
Minimeifter
ER STOF
STATION
60/-
 0.0 bounds: (463,241),(1015,241),(1015,528),(463,528)
yoNNIE 0.0 bounds: (463,291),(545,272),(551,298),(469,317)
WALKER 0.0 bounds: (539,264),(675,245),(680,279),(544,299)
SRIDEVISTAIONERY 0.0 bounds: (708,262),(811,247),(814,265),(711,280)
STORES 0.0 bounds: (819,246),(856,241),(858,259),(822,265)
NERY 0.0 bounds: (828,268),(853,265),(854,279),(829,282)
TASTE 0.0 bounds: (511,306),(528,303),(530,314),(513,317)
MORE 0.0 bounds: (530,303),(545,300),(547,310),(532,313)
WITH 0.0 bounds: (575,295),(596,292),(597,304),(577,307)
EVERY 0.0 bounds: (598,292),(622,289),(623,301),(600,304)
POUR 0.0 bounds: (623,288),(645,285),(646,297),(625,300)
SAS 0.0 bounds: (604,325),(629,322),(630,334),(605,337)
MINE 0.0 bounds: (631,323),(649,321),(650,333),(632,335)
CENTRE 0.0 bounds: (651,321),(679,318),(680,330),(652,333)
Minimeifter 0.0 bounds: (563,344),(649,340),(650,363),(564,367)
ER 0.0 bounds: (786,312),(814,308),(815,319),(787,323)
STOF 0.0 bounds: (826,306),(845,303),(846,315),(828,318)
STATION 0.0 bounds: (807,319),(868,317),(868,330),(807,332)
60/- 0.0 bounds: (954,494),(1015,495),(1014,528),(953,527)
