DENGALURU
విక్తుగలంటి దరవిలి
AAUALL ANCE BANK
O Imperial
 0.0 bounds: (67,97),(978,97),(978,334),(67,334)
DENGALURU 0.0 bounds: (92,98),(135,97),(135,107),(92,108)
విక్తుగలంటి 0.0 bounds: (76,134),(113,132),(113,140),(76,142)
దరవిలి 0.0 bounds: (118,135),(147,134),(147,138),(118,139)
AAUALL 0.0 bounds: (67,203),(107,202),(107,209),(67,210)
ANCE 0.0 bounds: (109,202),(131,201),(131,208),(109,209)
BANK 0.0 bounds: (132,204),(145,204),(145,208),(132,208)
O 0.0 bounds: (963,335),(963,321),(976,321),(976,335)
Imperial 0.0 bounds: (964,317),(964,264),(978,264),(978,317)
