జయ
NEWS
దయ
MEDIA LTD
T RTH& CABLENETWORKS
L
FOLLOW
Sale
Super
dhu
DIAGGIO
 0.0 bounds: (7,46),(856,46),(856,556),(7,556)
జయ 0.0 bounds: (112,46),(160,50),(158,68),(111,64)
NEWS 0.0 bounds: (164,67),(195,68),(195,77),(164,76)
దయ 0.0 bounds: (237,107),(276,97),(278,107),(240,117)
MEDIA 0.0 bounds: (177,131),(197,133),(196,140),(176,138)
LTD 0.0 bounds: (201,133),(213,134),(212,142),(200,141)
T 0.0 bounds: (173,140),(179,141),(178,147),(172,146)
RTH& 0.0 bounds: (181,141),(201,144),(200,150),(180,147)
CABLENETWORKS 0.0 bounds: (201,143),(270,153),(269,159),(200,150)
L 0.0 bounds: (164,132),(170,133),(170,137),(164,136)
FOLLOW 0.0 bounds: (823,376),(856,377),(856,384),(823,383)
Sale 0.0 bounds: (89,446),(117,445),(117,457),(89,458)
Super 0.0 bounds: (7,451),(47,452),(47,458),(7,457)
dhu 0.0 bounds: (589,518),(614,520),(613,529),(588,527)
DIAGGIO 0.0 bounds: (299,545),(348,547),(348,556),(299,554)
