ADMISSIONS OPEN
2018
SRI SARVA JNA
Transforming Childhood
with Knowledge
lated to CBSE, New Delhi
91 91089 55566 Vijayanagar, Bengaluru - 560040
 0.0 bounds: (47,427),(321,427),(321,595),(47,595)
ADMISSIONS 0.0 bounds: (160,428),(234,429),(234,439),(160,438)
OPEN 0.0 bounds: (238,427),(277,427),(277,439),(238,439)
2018 0.0 bounds: (199,440),(227,440),(227,449),(199,449)
SRI 0.0 bounds: (74,485),(92,485),(92,494),(74,494)
SARVA 0.0 bounds: (94,485),(111,485),(111,494),(94,494)
JNA 0.0 bounds: (113,485),(121,485),(121,494),(113,494)
Transforming 0.0 bounds: (57,512),(137,510),(137,528),(57,530)
Childhood 0.0 bounds: (142,511),(206,510),(206,528),(142,529)
with 0.0 bounds: (51,528),(78,528),(78,542),(51,542)
Knowledge 0.0 bounds: (84,531),(151,532),(151,546),(84,545)
lated 0.0 bounds: (59,551),(82,551),(82,555),(59,555)
to 0.0 bounds: (85,552),(90,552),(90,555),(85,555)
CBSE, 0.0 bounds: (93,551),(112,551),(112,555),(93,555)
New 0.0 bounds: (116,551),(129,551),(129,555),(116,555)
Delhi 0.0 bounds: (133,550),(149,550),(149,555),(133,555)
91 0.0 bounds: (47,582),(62,582),(62,595),(47,595)
91089 0.0 bounds: (64,581),(95,580),(95,594),(64,595)
55566 0.0 bounds: (100,583),(133,582),(133,590),(100,591)
Vijayanagar, 0.0 bounds: (143,582),(207,581),(207,593),(143,594)
Bengaluru 0.0 bounds: (212,581),(268,580),(268,591),(212,592)
- 0.0 bounds: (272,578),(277,578),(277,591),(272,591)
560040 0.0 bounds: (280,580),(321,579),(321,589),(280,590)
