KENTR
caré cOFFee a
bag
BANGALORE
CENTRA
BRAND.
BANGALORE
CENTRA
 0.0 bounds: (296,36),(1023,36),(1023,442),(296,442)
KENTR 0.0 bounds: (908,96),(1022,90),(1023,114),(909,120)
caré 0.0 bounds: (392,304),(456,314),(452,340),(388,331)
cOFFee 0.0 bounds: (458,313),(516,322),(512,350),(454,341)
a 0.0 bounds: (518,323),(543,327),(539,353),(514,350)
bag 0.0 bounds: (296,320),(308,321),(308,328),(296,327)
BANGALORE 0.0 bounds: (931,400),(1000,402),(1000,410),(931,408)
CENTRA 0.0 bounds: (925,408),(1023,409),(1023,430),(925,429)
BRAND. 0.0 bounds: (983,433),(1020,435),(1020,441),(983,440)
BANGALORE 0.0 bounds: (488,199),(491,101),(505,101),(502,199)
CENTRA 0.0 bounds: (498,210),(502,37),(543,38),(539,211)
