EST NPT2
BL008 77774
ALLER AD-79
MERU CABS-4422 4422
 0.0 bounds: (166,158),(912,158),(912,390),(166,390)
EST 0.0 bounds: (181,169),(202,165),(204,178),(184,183)
NPT2 0.0 bounds: (203,164),(231,158),(234,172),(206,178)
BL008 0.0 bounds: (879,208),(897,208),(897,215),(879,215)
77774 0.0 bounds: (899,208),(912,208),(912,214),(899,214)
ALLER 0.0 bounds: (166,378),(208,376),(209,388),(167,390)
AD-79 0.0 bounds: (212,375),(234,374),(235,387),(213,388)
MERU 0.0 bounds: (802,334),(819,333),(819,339),(802,340)
CABS-4422 0.0 bounds: (822,334),(858,332),(858,337),(822,339)
4422 0.0 bounds: (862,332),(880,331),(880,337),(862,338)
