FOLLOW
LANE DISCIPLINE
SACHIN
016600189
FWHH ravels
 0.0 bounds: (325,176),(980,176),(980,442),(325,442)
FOLLOW 0.0 bounds: (341,190),(389,176),(392,186),(344,200)
LANE 0.0 bounds: (325,214),(352,206),(354,215),(327,223)
DISCIPLINE 0.0 bounds: (354,204),(411,188),(414,200),(357,216)
SACHIN 0.0 bounds: (767,348),(970,302),(979,344),(776,390)
016600189 0.0 bounds: (410,435),(448,427),(450,434),(411,442)
FWHH 0.0 bounds: (778,381),(851,369),(854,387),(781,399)
ravels 0.0 bounds: (886,365),(967,352),(970,369),(889,382)
