Prakash
Arts
9880219144
9901526144
wpkahart c
SULTANIA
MPORIUM
land oinole
CACanada
Skype
KA 04 MM 536A
 0.0 bounds: (177,328),(885,328),(885,740),(177,740)
Prakash 0.0 bounds: (245,328),(275,330),(274,337),(245,335)
Arts 0.0 bounds: (292,334),(306,336),(305,342),(291,340)
9880219144 0.0 bounds: (244,372),(303,376),(302,383),(243,379)
9901526144 0.0 bounds: (243,382),(303,386),(302,394),(242,390)
wpkahart 0.0 bounds: (233,393),(273,394),(273,400),(233,399)
c 0.0 bounds: (305,399),(310,399),(310,401),(305,401)
SULTANIA 0.0 bounds: (177,529),(211,530),(211,541),(177,540)
MPORIUM 0.0 bounds: (234,531),(267,531),(267,537),(234,537)
land 0.0 bounds: (809,647),(824,646),(825,654),(810,655)
oinole 0.0 bounds: (858,643),(884,641),(884,648),(859,650)
CACanada 0.0 bounds: (854,649),(882,650),(882,655),(854,654)
Skype 0.0 bounds: (806,667),(832,668),(832,674),(806,673)
KA 0.0 bounds: (441,730),(454,730),(454,740),(441,740)
04 0.0 bounds: (456,730),(463,730),(463,740),(456,740)
MM 0.0 bounds: (465,729),(476,729),(476,739),(465,739)
536A 0.0 bounds: (480,729),(494,729),(494,739),(480,739)
