Bharat
Petroleum
100>
NO PARKING
NO HALTING
TOW ONE
 0.0 bounds: (29,152),(986,152),(986,368),(29,368)
Bharat 0.0 bounds: (35,271),(63,260),(67,271),(39,281)
Petroleum 0.0 bounds: (29,287),(72,271),(77,284),(34,300)
100> 0.0 bounds: (44,361),(68,354),(70,361),(46,368)
NO 0.0 bounds: (914,161),(932,157),(934,167),(916,171)
PARKING 0.0 bounds: (936,158),(965,152),(967,160),(938,166)
NO 0.0 bounds: (922,171),(938,168),(940,178),(924,181)
HALTING 0.0 bounds: (942,166),(970,160),(973,171),(944,177)
TOW 0.0 bounds: (932,209),(948,204),(951,214),(935,219)
ONE 0.0 bounds: (968,200),(983,196),(986,204),(970,209)
