2+1EXECUTIVE SLEEPER COACH
www.sgmtbus.com
GAJANANA E
Panl
SWACHA
BHARATA
%3D
 0.0 bounds: (318,242),(989,242),(989,380),(318,380)
2+1EXECUTIVE 0.0 bounds: (319,242),(377,247),(376,258),(318,253)
SLEEPER 0.0 bounds: (379,249),(410,252),(409,261),(378,258)
COACH 0.0 bounds: (414,249),(438,251),(437,263),(413,261)
www.sgmtbus.com 0.0 bounds: (527,261),(672,274),(671,286),(526,273)
GAJANANA 0.0 bounds: (626,327),(703,329),(703,345),(626,343)
E 0.0 bounds: (708,329),(720,329),(720,345),(708,345)
Panl 0.0 bounds: (968,341),(989,343),(988,355),(967,353)
SWACHA 0.0 bounds: (323,357),(359,358),(359,366),(323,365)
BHARATA 0.0 bounds: (323,367),(358,367),(358,375),(323,375)
%3D 0.0 bounds: (337,375),(349,375),(349,380),(337,380)
