Balaji's TA.PManor
మొకకటా ఫనాన్నా
Muthoot Fhance
Andha Bark
VISHAL
BMTC
 0.0 bounds: (27,197),(987,197),(987,427),(27,427)
Balaji's 0.0 bounds: (38,219),(74,211),(78,226),(42,235)
TA.PManor 0.0 bounds: (77,211),(138,197),(141,210),(80,224)
మొకకటా 0.0 bounds: (27,369),(66,362),(68,373),(29,380)
ఫనాన్నా 0.0 bounds: (71,361),(102,356),(103,366),(73,372)
Muthoot 0.0 bounds: (28,381),(59,374),(61,384),(30,391)
Fhance 0.0 bounds: (61,374),(92,367),(94,377),(63,384)
Andha 0.0 bounds: (96,420),(118,418),(119,425),(97,427)
Bark 0.0 bounds: (120,417),(134,415),(135,422),(121,424)
VISHAL 0.0 bounds: (522,335),(543,318),(553,331),(532,348)
BMTC 0.0 bounds: (946,260),(982,245),(986,255),(950,270)
