Tuset MG Boad
BMTC
G.LS. SUB-STATt
LOMPORATI
OR
2013
 0.0 bounds: (260,304),(934,304),(934,542),(260,542)
Tuset 0.0 bounds: (725,310),(739,309),(739,313),(725,314)
MG 0.0 bounds: (747,307),(763,306),(763,311),(747,312)
Boad 0.0 bounds: (765,305),(774,304),(774,310),(765,311)
BMTC 0.0 bounds: (607,377),(629,378),(629,388),(607,387)
G.LS. 0.0 bounds: (260,406),(280,406),(280,412),(260,412)
SUB-STATt 0.0 bounds: (282,405),(306,405),(306,412),(282,412)
LOMPORATI 0.0 bounds: (273,415),(303,415),(303,421),(273,421)
OR 0.0 bounds: (855,531),(879,532),(879,538),(855,537)
2013 0.0 bounds: (909,536),(934,537),(934,542),(909,541)
