YeDil Mange More
Captain Vikram
Batra. PVC
 0.0 bounds: (197,178),(409,178),(409,305),(197,305)
YeDil 0.0 bounds: (199,178),(233,184),(231,196),(197,190)
Mange 0.0 bounds: (237,186),(268,192),(266,203),(235,197)
More 0.0 bounds: (267,192),(304,199),(303,209),(265,202)
Captain 0.0 bounds: (346,285),(378,287),(377,294),(345,292)
Vikram 0.0 bounds: (381,287),(409,289),(408,297),(380,295)
Batra. 0.0 bounds: (353,292),(382,295),(381,305),(352,302)
PVC 0.0 bounds: (384,297),(399,298),(398,304),(383,303)
