PELELLEL
entery
3 PAGE
digi ZONI
BARERESTAURANT
MRC BAR
OYAMAH
 0.0 bounds: (346,201),(831,201),(831,338),(346,338)
PELELLEL 0.0 bounds: (562,229),(689,201),(697,239),(570,267)
entery 0.0 bounds: (652,255),(715,249),(717,268),(654,274)
3 0.0 bounds: (397,305),(410,300),(419,321),(406,326)
PAGE 0.0 bounds: (412,299),(443,286),(453,308),(421,321)
digi 0.0 bounds: (346,315),(363,316),(363,326),(346,325)
ZONI 0.0 bounds: (365,315),(381,316),(381,326),(365,325)
BARERESTAURANT 0.0 bounds: (396,328),(450,317),(452,326),(398,338)
MRC 0.0 bounds: (451,330),(461,328),(462,336),(452,338)
BAR 0.0 bounds: (464,328),(472,327),(473,334),(465,335)
OYAMAH 0.0 bounds: (788,303),(831,302),(831,314),(788,315)
