5OT NPT32
LLER AD-790
MERV CABS-4422 4422
25
 0.0 bounds: (152,151),(932,151),(932,384),(152,384)
5OT 0.0 bounds: (160,159),(178,156),(180,168),(162,171)
NPT32 0.0 bounds: (181,155),(206,151),(208,164),(183,168)
LLER 0.0 bounds: (152,371),(186,368),(187,381),(153,384)
AD-790 0.0 bounds: (190,368),(214,366),(215,379),(191,381)
MERV 0.0 bounds: (780,322),(797,321),(797,327),(780,328)
CABS-4422 0.0 bounds: (800,321),(837,319),(837,325),(800,327)
4422 0.0 bounds: (841,320),(859,319),(859,326),(841,327)
25 0.0 bounds: (915,330),(930,327),(931,334),(916,337)
