100
JOB
TRAINING
RINHTO
CAREER
BRIGHT
etame an Eng
GUARANT
dodato BMTC
 0.0 bounds: (382,306),(802,306),(802,432),(382,432)
100 0.0 bounds: (382,306),(405,306),(405,316),(382,316)
JOB 0.0 bounds: (384,317),(415,317),(415,335),(384,335)
TRAINING 0.0 bounds: (486,312),(525,314),(525,321),(486,319)
RINHTO 0.0 bounds: (492,319),(524,320),(524,329),(492,328)
CAREER 0.0 bounds: (495,330),(522,331),(522,339),(495,338)
BRIGHT 0.0 bounds: (496,340),(522,341),(522,349),(496,348)
etame 0.0 bounds: (745,338),(764,339),(763,346),(745,345)
an 0.0 bounds: (766,340),(771,340),(771,346),(766,346)
Eng 0.0 bounds: (773,340),(780,340),(780,347),(773,347)
GUARANT 0.0 bounds: (385,335),(415,335),(415,342),(385,342)
dodato 0.0 bounds: (748,423),(772,422),(772,431),(748,432)
BMTC 0.0 bounds: (785,424),(802,424),(802,429),(785,429)
