Ellore dewelb Palace
ww.A
SHANTH
SRINIDHI
JENELLERS
SIT HOTE
SEINIDHI BETELLERS
Aw ee
Silver Articles
SRINIDHI
JEWELLERS
7676860000
A Konica
 0.0 bounds: (38,144),(827,144),(827,671),(38,671)
Ellore 0.0 bounds: (55,148),(148,192),(132,226),(39,182)
dewelb 0.0 bounds: (162,203),(235,237),(223,265),(149,230)
Palace 0.0 bounds: (243,241),(305,270),(293,295),(231,266)
ww.A 0.0 bounds: (186,144),(210,158),(203,170),(179,156)
SHANTH 0.0 bounds: (491,375),(515,365),(519,375),(495,384)
SRINIDHI 0.0 bounds: (496,451),(533,443),(537,459),(500,468)
JENELLERS 0.0 bounds: (488,473),(542,461),(546,483),(493,495)
SIT 0.0 bounds: (792,448),(812,445),(813,452),(793,455)
HOTE 0.0 bounds: (814,446),(826,444),(827,450),(815,452)
SEINIDHI 0.0 bounds: (558,465),(592,473),(588,490),(554,483)
BETELLERS 0.0 bounds: (587,471),(632,481),(628,499),(583,489)
Aw 0.0 bounds: (564,489),(581,492),(580,499),(563,496)
ee 0.0 bounds: (598,494),(622,498),(620,506),(597,502)
Silver 0.0 bounds: (501,505),(521,501),(522,508),(502,512)
Articles 0.0 bounds: (522,500),(547,495),(548,503),(524,508)
SRINIDHI 0.0 bounds: (495,519),(552,508),(554,521),(497,532)
JEWELLERS 0.0 bounds: (510,530),(555,521),(557,531),(512,540)
7676860000 0.0 bounds: (448,661),(498,652),(500,662),(450,671)
A 0.0 bounds: (434,148),(436,161),(418,163),(416,151)
Konica 0.0 bounds: (454,285),(463,346),(444,349),(435,288)
