Chill tor
4 vears when
you book
bome @
Urbana Avenue.
the t
Call: 88804 65000
INDUS
555 TMT
 0.0 bounds: (467,105),(744,105),(744,315),(467,315)
Chill 0.0 bounds: (698,107),(713,106),(713,111),(698,112)
tor 0.0 bounds: (716,106),(726,105),(726,110),(716,111)
4 0.0 bounds: (696,114),(700,114),(701,121),(697,121)
vears 0.0 bounds: (702,113),(718,111),(719,119),(703,121)
when 0.0 bounds: (722,111),(739,109),(740,117),(723,119)
you 0.0 bounds: (688,126),(701,124),(702,132),(689,134)
book 0.0 bounds: (704,124),(720,122),(721,130),(705,132)
bome 0.0 bounds: (696,130),(723,127),(724,135),(697,138)
@ 0.0 bounds: (725,127),(731,126),(732,133),(726,134)
Urbana 0.0 bounds: (684,143),(709,140),(710,146),(685,149)
Avenue. 0.0 bounds: (713,138),(743,134),(744,143),(714,147)
the 0.0 bounds: (697,161),(717,159),(717,165),(698,167)
t 0.0 bounds: (730,158),(733,158),(733,163),(730,163)
Call: 0.0 bounds: (651,192),(672,189),(673,199),(653,202)
88804 0.0 bounds: (673,188),(694,185),(695,195),(675,198)
65000 0.0 bounds: (696,185),(714,182),(715,191),(697,194)
INDUS 0.0 bounds: (467,286),(534,279),(536,298),(469,305)
555 0.0 bounds: (482,301),(504,299),(505,313),(483,315)
TMT 0.0 bounds: (507,300),(532,298),(533,310),(508,312)
