AEVELLERS
DHAN
AREES
ENANCCA
CREATION
1ST FLOOR
SILKS
Thakendaal
Peas
मैचिंग सेन्ट्र
Matching Centre
నిల్లో & నా
SIL
AUT
de
desvd
SIL
Fac
ఆదాఖ
Y RUPA
 0.0 bounds: (55,74),(1039,74),(1039,686),(55,686)
AEVELLERS 0.0 bounds: (821,183),(940,75),(964,101),(845,210)
DHAN 0.0 bounds: (957,177),(1022,136),(1039,163),(973,203)
AREES 0.0 bounds: (619,110),(661,110),(661,121),(619,121)
ENANCCA 0.0 bounds: (71,212),(154,254),(139,284),(56,242)
CREATION 0.0 bounds: (688,174),(739,173),(739,191),(688,192)
1ST 0.0 bounds: (697,198),(710,197),(710,205),(697,206)
FLOOR 0.0 bounds: (714,197),(736,196),(736,205),(714,206)
SILKS 0.0 bounds: (278,289),(302,289),(302,297),(278,297)
Thakendaal 0.0 bounds: (683,284),(722,283),(722,291),(683,292)
Peas 0.0 bounds: (689,295),(719,295),(719,302),(689,302)
मैचिंग 0.0 bounds: (736,326),(770,326),(770,341),(736,341)
सेन्ट्र 0.0 bounds: (773,327),(803,327),(803,342),(773,342)
Matching 0.0 bounds: (730,340),(774,340),(774,356),(730,356)
Centre 0.0 bounds: (776,341),(803,341),(803,356),(776,356)
నిల్లో 0.0 bounds: (951,328),(977,322),(981,340),(955,346)
& 0.0 bounds: (988,326),(995,325),(997,334),(990,336)
నా 0.0 bounds: (1004,322),(1021,318),(1023,331),(1007,335)
SIL 0.0 bounds: (907,573),(932,572),(933,591),(908,592)
AUT 0.0 bounds: (914,592),(934,591),(935,605),(915,606)
de 0.0 bounds: (917,610),(939,608),(940,626),(918,628)
desvd 0.0 bounds: (920,633),(940,631),(941,642),(921,644)
SIL 0.0 bounds: (931,649),(950,648),(951,667),(932,668)
Fac 0.0 bounds: (928,669),(955,668),(956,685),(929,686)
ఆదాఖ 0.0 bounds: (1030,109),(993,149),(972,130),(1009,90)
Y 0.0 bounds: (303,154),(303,171),(282,171),(282,154)
RUPA 0.0 bounds: (302,226),(301,282),(279,282),(280,226)
