Residency
INRISCO
INDIA
AGME TITNESS
ア ア1EONNS
WA
 0.0 bounds: (265,135),(884,135),(884,296),(265,296)
Residency 0.0 bounds: (797,135),(883,151),(877,184),(791,167)
INRISCO 0.0 bounds: (853,189),(880,192),(879,201),(852,198)
INDIA 0.0 bounds: (857,203),(880,205),(879,216),(856,214)
AGME 0.0 bounds: (436,231),(457,230),(457,237),(436,238)
TITNESS 0.0 bounds: (462,229),(494,228),(494,237),(462,238)
ア 0.0 bounds: (265,260),(282,255),(287,272),(269,276)
ア 0.0 bounds: (316,246),(343,239),(347,255),(320,262)
1EONNS 0.0 bounds: (345,238),(419,218),(424,234),(349,254)
WA 0.0 bounds: (810,290),(826,290),(826,296),(810,296)
