KWALITY
Ráymond
Aathorised Stockist
VIVID
CLOTHING
Manufacturers, Wholesale &
Distributors Of Men's Clothing
H
PLY
2nd Floor
olex
ppla together
NO
PARKING
Finolex
Cables
and
Wires
のエ=ビトの
 0.0 bounds: (256,-1),(671,-1),(671,632),(256,632)
KWALITY 0.0 bounds: (279,-1),(368,1),(368,19),(279,17)
Ráymond 0.0 bounds: (256,22),(361,20),(362,51),(257,53)
Aathorised 0.0 bounds: (265,52),(324,54),(324,67),(265,65)
Stockist 0.0 bounds: (328,53),(373,54),(373,67),(328,66)
VIVID 0.0 bounds: (280,294),(323,293),(323,305),(280,306)
CLOTHING 0.0 bounds: (258,312),(344,312),(344,323),(258,323)
Manufacturers, 0.0 bounds: (260,331),(304,331),(304,336),(260,336)
Wholesale 0.0 bounds: (307,330),(337,330),(337,336),(307,336)
& 0.0 bounds: (340,329),(343,329),(343,335),(340,335)
Distributors 0.0 bounds: (257,340),(291,340),(291,346),(257,346)
Of 0.0 bounds: (294,340),(300,340),(300,346),(294,346)
Men's 0.0 bounds: (303,340),(319,340),(319,346),(303,346)
Clothing 0.0 bounds: (322,338),(346,338),(346,347),(322,347)
H 0.0 bounds: (336,370),(343,370),(343,376),(336,376)
PLY 0.0 bounds: (299,404),(318,404),(318,416),(299,416)
2nd 0.0 bounds: (274,432),(294,432),(294,440),(274,440)
Floor 0.0 bounds: (300,432),(329,432),(329,439),(300,439)
olex 0.0 bounds: (287,510),(343,509),(343,530),(287,531)
ppla 0.0 bounds: (290,536),(309,535),(309,542),(290,543)
together 0.0 bounds: (311,534),(344,532),(344,540),(311,542)
NO 0.0 bounds: (644,559),(655,559),(655,567),(644,567)
PARKING 0.0 bounds: (630,571),(668,570),(668,580),(630,581)
Finolex 0.0 bounds: (631,595),(671,595),(671,605),(631,605)
Cables 0.0 bounds: (638,609),(666,609),(666,618),(638,618)
and 0.0 bounds: (643,618),(659,618),(659,627),(643,627)
Wires 0.0 bounds: (641,626),(664,626),(664,632),(641,632)
の 0.0 bounds: (266,360),(266,366),(259,366),(259,360)
エ 0.0 bounds: (266,371),(266,377),(259,377),(259,371)
= 0.0 bounds: (263,382),(263,388),(261,388),(261,382)
ビト 0.0 bounds: (267,393),(267,410),(259,410),(259,393)
の 0.0 bounds: (266,415),(266,421),(258,421),(258,415)
