ON SEPY F
SA NEW LANDMAR
DEVANAMA
7813 88 50
 0.0 bounds: (23,220),(133,220),(133,337),(23,337)
ON 0.0 bounds: (71,220),(83,223),(81,229),(69,226)
SEPY 0.0 bounds: (85,226),(100,230),(99,234),(84,230)
F 0.0 bounds: (103,231),(115,235),(114,238),(102,235)
SA 0.0 bounds: (74,243),(86,247),(86,250),(73,246)
NEW 0.0 bounds: (89,248),(101,252),(100,256),(88,252)
LANDMAR 0.0 bounds: (103,253),(133,262),(132,265),(102,256)
DEVANAMA 0.0 bounds: (43,276),(74,284),(72,292),(41,285)
7813 0.0 bounds: (27,302),(56,310),(53,322),(24,315)
88 0.0 bounds: (63,314),(76,317),(73,325),(61,322)
50 0.0 bounds: (80,317),(107,324),(104,336),(77,329)
