VERY HOUR
WAD idia.
dord
THE PERHIT ROD
Sile
This Diwall
Say it with Silk.
MSJ
DELSE
SUNG
 0.0 bounds: (13,-2),(790,-2),(790,323),(13,323)
VERY 0.0 bounds: (409,2),(437,2),(437,12),(409,12)
HOUR 0.0 bounds: (441,2),(470,2),(470,10),(441,10)
WAD 0.0 bounds: (176,-2),(206,7),(201,21),(172,12)
idia. 0.0 bounds: (236,15),(285,30),(280,45),(231,30)
dord 0.0 bounds: (16,56),(46,68),(43,75),(13,62)
THE 0.0 bounds: (132,87),(155,98),(147,115),(124,103)
PERHIT 0.0 bounds: (158,98),(194,116),(186,132),(150,114)
ROD 0.0 bounds: (196,117),(210,124),(203,139),(189,132)
Sile 0.0 bounds: (432,188),(463,183),(466,204),(435,209)
This 0.0 bounds: (438,265),(454,263),(455,271),(439,273)
Diwall 0.0 bounds: (458,264),(486,261),(487,270),(459,273)
Say 0.0 bounds: (419,277),(442,275),(444,292),(421,294)
it 0.0 bounds: (445,276),(453,275),(454,286),(446,287)
with 0.0 bounds: (456,275),(479,273),(480,285),(457,287)
Silk. 0.0 bounds: (481,273),(506,270),(507,285),(483,288)
MSJ 0.0 bounds: (737,315),(789,309),(790,317),(738,323)
DELSE 0.0 bounds: (362,298),(394,305),(391,320),(359,314)
SUNG 0.0 bounds: (186,306),(202,308),(201,315),(185,313)
