SHREYA GH
SAT 17 FEI
PHOENIX MAR
PHOENIX
WHITEFIELD
media
e adeug d
 0.0 bounds: (562,67),(1024,67),(1024,459),(562,459)
SHREYA 0.0 bounds: (562,87),(857,74),(860,135),(565,149)
GH 0.0 bounds: (909,72),(1011,67),(1014,136),(912,141)
SAT 0.0 bounds: (834,152),(904,150),(905,183),(835,186)
17 0.0 bounds: (912,149),(950,148),(951,182),(913,183)
FEI 0.0 bounds: (963,151),(1022,149),(1023,174),(964,176)
PHOENIX 0.0 bounds: (758,216),(920,212),(920,233),(759,237)
MAR 0.0 bounds: (943,212),(1023,210),(1024,235),(944,237)
PHOENIX 0.0 bounds: (702,235),(741,233),(741,240),(702,242)
WHITEFIELD 0.0 bounds: (952,236),(1023,235),(1023,242),(952,243)
media 0.0 bounds: (995,267),(1017,267),(1017,274),(995,274)
e 0.0 bounds: (772,451),(778,451),(778,459),(772,459)
adeug 0.0 bounds: (780,451),(803,451),(803,459),(780,459)
d 0.0 bounds: (807,451),(812,451),(812,459),(807,459)
