> THE BOLD NEW
PROFESSIONAL
fiama
DI WILLS
ARROW
Shenr Ge
TOR L n
ISLAMIC BOUTIQUE
9741535353
8867472799
 0.0 bounds: (408,182),(880,182),(880,367),(408,367)
> 0.0 bounds: (728,208),(737,206),(740,221),(731,223)
THE 0.0 bounds: (749,203),(769,198),(773,213),(752,218)
BOLD 0.0 bounds: (774,197),(804,190),(808,206),(778,213)
NEW 0.0 bounds: (816,187),(838,182),(842,197),(820,203)
PROFESSIONAL 0.0 bounds: (741,217),(848,200),(849,210),(743,228)
fiama 0.0 bounds: (480,284),(528,287),(527,300),(479,297)
DI 0.0 bounds: (484,298),(502,299),(502,306),(484,305)
WILLS 0.0 bounds: (504,299),(524,300),(523,308),(503,307)
ARROW 0.0 bounds: (833,269),(879,263),(879,268),(834,274)
Shenr 0.0 bounds: (488,310),(510,311),(510,318),(488,317)
Ge 0.0 bounds: (513,312),(523,312),(523,317),(513,317)
TOR 0.0 bounds: (481,321),(504,322),(504,327),(481,326)
L 0.0 bounds: (506,322),(518,322),(518,325),(506,325)
n 0.0 bounds: (520,322),(529,322),(529,325),(520,325)
ISLAMIC 0.0 bounds: (769,328),(811,324),(811,331),(770,335)
BOUTIQUE 0.0 bounds: (818,322),(875,316),(875,323),(819,329)
9741535353 0.0 bounds: (409,349),(449,349),(449,358),(409,358)
8867472799 0.0 bounds: (408,357),(450,356),(450,366),(408,367)
