1945
వర్టంగా కలజ్జన్లో
Wedding
Gollections
SNCE 1945
PANCHE
ANGADI
BTRAFRA &SONS
GRT
EAMRAJ
Pure Jari
Kanjeevaram
Sarees
iag
PANCHE S
ANGADI O
Wedding
Cellections om
ALL
TYPES OF
SHIRTS
Pure Jari
Kanjievaram
Sarces
ALL T
 0.0 bounds: (430,40),(1023,40),(1023,600),(430,600)
1945 0.0 bounds: (726,80),(811,41),(824,68),(739,107)
వర్టంగా 0.0 bounds: (571,132),(608,116),(615,132),(578,148)
కలజ్జన్లో 0.0 bounds: (612,116),(655,97),(661,111),(618,130)
Wedding 0.0 bounds: (556,155),(662,114),(670,133),(564,175)
Gollections 0.0 bounds: (541,184),(682,130),(688,145),(547,199)
SNCE 0.0 bounds: (455,204),(486,192),(490,204),(460,216)
1945 0.0 bounds: (487,186),(510,177),(517,193),(494,203)
PANCHE 0.0 bounds: (951,170),(1011,156),(1017,182),(957,195)
ANGADI 0.0 bounds: (965,193),(1014,182),(1015,189),(966,200)
BTRAFRA 0.0 bounds: (471,286),(607,256),(617,303),(481,333)
&SONS 0.0 bounds: (618,255),(787,217),(797,263),(628,301)
GRT 0.0 bounds: (432,338),(470,343),(468,354),(431,349)
EAMRAJ 0.0 bounds: (499,329),(536,327),(537,338),(500,340)
Pure 0.0 bounds: (761,330),(784,327),(785,335),(762,338)
Jari 0.0 bounds: (787,327),(808,324),(809,335),(788,338)
Kanjeevaram 0.0 bounds: (751,345),(819,338),(820,349),(752,356)
Sarees 0.0 bounds: (768,357),(799,354),(800,363),(769,366)
iag 0.0 bounds: (620,344),(649,346),(648,357),(619,355)
PANCHE 0.0 bounds: (942,341),(980,341),(980,360),(942,360)
S 0.0 bounds: (987,339),(1005,339),(1005,362),(987,362)
ANGADI 0.0 bounds: (942,370),(979,370),(979,389),(942,389)
O 0.0 bounds: (988,368),(1006,368),(1006,391),(988,391)
Wedding 0.0 bounds: (846,480),(884,483),(883,494),(845,491)
Cellections 0.0 bounds: (840,492),(887,498),(886,506),(839,500)
om 0.0 bounds: (893,497),(909,499),(908,508),(892,506)
ALL 0.0 bounds: (951,487),(965,488),(964,506),(950,505)
TYPES 0.0 bounds: (930,510),(961,512),(960,534),(929,532)
OF 0.0 bounds: (964,511),(976,512),(975,535),(963,534)
SHIRTS 0.0 bounds: (944,538),(972,542),(970,559),(942,555)
Pure 0.0 bounds: (848,537),(865,539),(864,546),(847,544)
Jari 0.0 bounds: (867,539),(879,540),(878,547),(866,546)
Kanjievaram 0.0 bounds: (839,545),(886,548),(885,555),(839,552)
Sarces 0.0 bounds: (853,554),(873,557),(872,562),(852,559)
ALL 0.0 bounds: (983,580),(1010,585),(1007,599),(981,594)
T 0.0 bounds: (1014,585),(1023,587),(1021,599),(1012,598)
