WEDDING JEWEL
NKRUTI
n
Sudarshan
NE DF F SILKS
Jewellers
WHOLESALE PRICE
KANCHEEVARAM-• DRESS MATERIALS RaymonO
READYMADE MENS• WOMENS KIDS
SRI MARU
SOCIETY SIL
RISILK
 0.0 bounds: (198,-2),(935,-2),(935,482),(198,482)
WEDDING 0.0 bounds: (233,2),(295,-1),(296,13),(234,16)
JEWEL 0.0 bounds: (301,0),(344,-2),(345,11),(302,13)
NKRUTI 0.0 bounds: (217,114),(280,112),(281,128),(218,130)
n 0.0 bounds: (904,125),(935,125),(935,164),(904,164)
Sudarshan 0.0 bounds: (544,268),(786,263),(787,309),(545,314)
NE 0.0 bounds: (711,262),(738,260),(739,278),(712,280)
DF 0.0 bounds: (743,259),(754,258),(755,277),(744,278)
F 0.0 bounds: (756,258),(760,258),(761,276),(757,276)
SILKS 0.0 bounds: (792,255),(887,248),(888,267),(793,274)
Jewellers 0.0 bounds: (784,279),(890,269),(892,292),(786,302)
WHOLESALE 0.0 bounds: (584,310),(705,306),(705,320),(584,324)
PRICE 0.0 bounds: (712,308),(792,305),(792,317),(712,320)
KANCHEEVARAM-• 0.0 bounds: (539,324),(644,321),(644,339),(539,342)
DRESS 0.0 bounds: (646,322),(686,321),(686,338),(646,339)
MATERIALS 0.0 bounds: (691,324),(770,322),(770,334),(691,336)
RaymonO 0.0 bounds: (773,318),(871,315),(871,333),(773,336)
READYMADE 0.0 bounds: (535,341),(613,340),(613,356),(535,357)
MENS• 0.0 bounds: (618,340),(673,340),(673,356),(618,356)
WOMENS 0.0 bounds: (675,340),(741,340),(741,356),(675,356)
KIDS 0.0 bounds: (765,339),(814,339),(814,355),(765,355)
SRI 0.0 bounds: (198,459),(216,458),(216,465),(198,466)
MARU 0.0 bounds: (223,456),(252,455),(252,465),(223,466)
SOCIETY 0.0 bounds: (202,471),(239,469),(239,480),(202,482)
SIL 0.0 bounds: (245,471),(261,470),(261,479),(245,480)
RISILK 0.0 bounds: (877,355),(875,445),(859,445),(861,355)
