CHA
RELLI
MCARTRENDZ
Studio
Papt hotes in5 Mete
RICHMOND ROAD LANGFORD ROAD
CARS
Coca-Cola
Shringar
LOP
 0.0 bounds: (-1,8),(899,8),(899,362),(-1,362)
CHA 0.0 bounds: (2,8),(20,12),(17,23),(0,20)
RELLI 0.0 bounds: (44,177),(89,163),(94,179),(49,192)
MCARTRENDZ 0.0 bounds: (25,214),(61,204),(64,215),(28,225)
Studio 0.0 bounds: (300,233),(353,239),(350,265),(297,259)
Papt 0.0 bounds: (276,262),(303,265),(302,272),(275,269)
hotes 0.0 bounds: (305,268),(320,270),(320,274),(305,272)
in5 0.0 bounds: (323,266),(333,267),(332,275),(322,274)
Mete 0.0 bounds: (334,271),(352,273),(352,277),(334,275)
RICHMOND 0.0 bounds: (763,281),(805,277),(806,286),(764,291)
ROAD 0.0 bounds: (807,276),(827,274),(828,284),(808,286)
LANGFORD 0.0 bounds: (835,273),(873,269),(874,279),(836,283)
ROAD 0.0 bounds: (878,272),(898,270),(899,276),(879,278)
CARS 0.0 bounds: (9,315),(38,309),(41,324),(12,330)
Coca-Cola 0.0 bounds: (344,303),(389,305),(388,330),(343,328)
Shringar 0.0 bounds: (505,298),(545,298),(545,310),(505,310)
LOP 0.0 bounds: (314,353),(338,354),(338,362),(314,361)
