Balaji's TA.PManor
మొక్కటో నానా
M Muthoot Fance
విలాలో
Andva Bank
VISHAL
 0.0 bounds: (21,197),(766,197),(766,427),(21,427)
Balaji's 0.0 bounds: (39,218),(76,210),(80,227),(42,235)
TA.PManor 0.0 bounds: (78,209),(137,197),(140,214),(82,227)
మొక్కటో 0.0 bounds: (27,368),(67,360),(69,371),(29,379)
నానా 0.0 bounds: (72,361),(100,356),(102,364),(74,370)
M 0.0 bounds: (21,379),(27,378),(28,388),(22,389)
Muthoot 0.0 bounds: (31,377),(60,373),(61,385),(33,389)
Fance 0.0 bounds: (61,372),(90,368),(91,380),(63,384)
విలాలో 0.0 bounds: (715,262),(764,257),(766,275),(717,280)
Andva 0.0 bounds: (96,419),(118,417),(119,425),(97,427)
Bank 0.0 bounds: (120,417),(134,416),(135,424),(121,425)
VISHAL 0.0 bounds: (522,330),(545,317),(554,333),(531,346)
