L/STD FREE
3G/4G
F2e pay
RC
AZA LOCAL/STD FREE
149
+300MB 3G/4G
 0.0 bounds: (-1,308),(501,308),(501,366),(-1,366)
L/STD 0.0 bounds: (2,308),(35,313),(32,330),(0,325)
FREE 0.0 bounds: (37,316),(63,320),(61,332),(35,328)
3G/4G 0.0 bounds: (2,325),(42,331),(39,348),(0,342)
F2e 0.0 bounds: (441,351),(470,348),(471,358),(442,361)
pay 0.0 bounds: (475,348),(500,346),(501,357),(476,359)
RC 0.0 bounds: (91,322),(112,323),(111,336),(90,335)
AZA 0.0 bounds: (125,330),(145,333),(143,346),(123,343)
LOCAL/STD 0.0 bounds: (147,333),(188,340),(186,354),(145,347)
FREE 0.0 bounds: (190,340),(207,343),(205,357),(188,354)
149 0.0 bounds: (89,335),(121,337),(119,360),(87,358)
+300MB 0.0 bounds: (141,346),(174,350),(172,363),(139,359)
3G/4G 0.0 bounds: (176,350),(197,353),(195,366),(174,363)
