HOTEL
CHALUKY
siS PROSEGUR
ON BANK DUTY
STOP
 0.0 bounds: (419,125),(796,125),(796,438),(419,438)
HOTEL 0.0 bounds: (427,125),(500,130),(499,145),(426,140)
CHALUKY 0.0 bounds: (420,135),(507,141),(506,159),(419,153)
siS 0.0 bounds: (714,321),(739,322),(738,335),(713,334)
PROSEGUR 0.0 bounds: (736,326),(796,329),(795,338),(736,335)
ON 0.0 bounds: (720,399),(732,399),(732,407),(720,407)
BANK 0.0 bounds: (735,400),(756,401),(756,409),(735,408)
DUTY 0.0 bounds: (760,401),(781,402),(781,410),(760,409)
STOP 0.0 bounds: (637,426),(672,427),(672,438),(637,437)
