DVE FO
EXCELLENCE
EXCELLENCE
OPANCNG ON
THE DRIVEWAY.
THE USE OF FRE
EMERGENCY
IEHCLES
 0.0 bounds: (28,232),(926,232),(926,492),(28,492)
DVE 0.0 bounds: (28,457),(48,453),(49,460),(29,464)
FO 0.0 bounds: (63,452),(69,454),(67,460),(61,459)
EXCELLENCE 0.0 bounds: (872,233),(926,232),(926,239),(872,240)
EXCELLENCE 0.0 bounds: (718,262),(757,260),(757,269),(719,271)
OPANCNG 0.0 bounds: (28,436),(60,434),(60,440),(28,442)
ON 0.0 bounds: (62,434),(70,433),(70,439),(62,440)
THE 0.0 bounds: (30,448),(39,447),(39,452),(30,453)
DRIVEWAY. 0.0 bounds: (42,445),(70,443),(70,449),(43,451)
THE 0.0 bounds: (31,467),(39,466),(40,471),(32,473)
USE 0.0 bounds: (42,466),(51,464),(52,470),(43,472)
OF 0.0 bounds: (53,464),(60,463),(61,468),(54,469)
FRE 0.0 bounds: (62,463),(73,461),(74,466),(63,468)
EMERGENCY 0.0 bounds: (32,473),(75,470),(75,478),(33,481)
IEHCLES 0.0 bounds: (42,486),(66,481),(68,487),(43,492)
