SEETE
ROY
FOR EVER
TAB
SOUND
Fupitor
TVS
 0.0 bounds: (257,256),(908,256),(908,716),(257,716)
SEETE 0.0 bounds: (838,273),(803,274),(803,268),(838,267)
ROY 0.0 bounds: (259,256),(288,260),(286,271),(257,267)
FOR 0.0 bounds: (258,268),(274,270),(273,280),(257,278)
EVER 0.0 bounds: (281,270),(295,272),(294,283),(280,281)
TAB 0.0 bounds: (668,322),(688,321),(688,331),(668,332)
SOUND 0.0 bounds: (836,570),(907,567),(908,584),(837,587)
Fupitor 0.0 bounds: (812,673),(859,672),(859,679),(812,680)
TVS 0.0 bounds: (834,710),(856,710),(856,716),(834,716)
