SING
PRAGATHI SILK &SAREES
PRAGATRE
SILK &
SARBES
7RAMRA.
T& BA
BYRAPPA
CHICKE
SHENKERTO
RAT BI
E SILK
HIRTS
RAMRAJ De
 0.0 bounds: (281,16),(1023,16),(1023,468),(281,468)
SING 0.0 bounds: (961,33),(1018,16),(1023,35),(966,51)
PRAGATHI 0.0 bounds: (499,185),(574,214),(569,227),(494,198)
SILK 0.0 bounds: (577,216),(607,227),(602,240),(572,228)
&SAREES 0.0 bounds: (612,225),(670,247),(663,266),(605,244)
PRAGATRE 0.0 bounds: (431,253),(476,265),(471,284),(426,271)
SILK 0.0 bounds: (434,278),(459,284),(454,306),(429,300)
& 0.0 bounds: (460,285),(470,287),(465,310),(455,307)
SARBES 0.0 bounds: (432,303),(465,309),(462,330),(428,324)
7RAMRA. 0.0 bounds: (912,321),(993,317),(993,327),(912,331)
T& 0.0 bounds: (281,318),(323,312),(327,346),(286,352)
BA 0.0 bounds: (325,312),(351,308),(355,341),(330,345)
BYRAPPA 0.0 bounds: (897,354),(1021,354),(1021,380),(897,380)
CHICKE 0.0 bounds: (976,391),(1023,391),(1023,404),(976,404)
SHENKERTO 0.0 bounds: (306,363),(365,365),(365,376),(306,374)
RAT 0.0 bounds: (630,388),(661,394),(658,412),(627,406)
BI 0.0 bounds: (663,394),(676,396),(673,413),(660,411)
E 0.0 bounds: (970,428),(981,428),(980,445),(969,445)
SILK 0.0 bounds: (981,430),(1023,431),(1023,445),(981,444)
HIRTS 0.0 bounds: (958,452),(1007,453),(1007,468),(958,467)
RAMRAJ 0.0 bounds: (815,428),(856,429),(856,433),(815,432)
De 0.0 bounds: (868,428),(875,428),(875,436),(868,436)
