SILKS
SHREE
KANCHEF
SAI RA
PAVAN
PARADISE
SRI
dobrieb
EICLUSNE SAREESL
DESIGNER ORA e
BASEMENT FLOOR
9880324440
vvEACA
DHOTIS
ofoed-ee
Dieooobel
Vinayaka Silks
ERYRAM REAVERS SOCIETY SAREES
dalo
 0.0 bounds: (1,98),(1023,98),(1023,432),(1,432)
SILKS 0.0 bounds: (226,122),(251,125),(250,134),(225,131)
SHREE 0.0 bounds: (883,155),(970,99),(982,116),(894,173)
KANCHEF 0.0 bounds: (960,187),(1022,188),(1022,205),(960,204)
SAI 0.0 bounds: (915,208),(968,208),(968,236),(915,236)
RA 0.0 bounds: (981,210),(1023,210),(1023,237),(981,237)
PAVAN 0.0 bounds: (44,210),(123,216),(121,242),(42,236)
PARADISE 0.0 bounds: (35,242),(129,246),(128,269),(34,265)
SRI 0.0 bounds: (861,226),(894,226),(894,241),(861,241)
dobrieb 0.0 bounds: (544,270),(582,277),(580,287),(542,280)
EICLUSNE 0.0 bounds: (47,271),(81,273),(81,283),(47,281)
SAREESL 0.0 bounds: (83,272),(119,274),(119,284),(83,282)
DESIGNER 0.0 bounds: (39,281),(67,282),(67,290),(39,289)
ORA 0.0 bounds: (87,283),(97,283),(97,290),(87,290)
e 0.0 bounds: (114,284),(121,284),(121,291),(114,291)
BASEMENT 0.0 bounds: (32,295),(85,298),(84,313),(31,310)
FLOOR 0.0 bounds: (89,301),(117,303),(116,313),(88,311)
9880324440 0.0 bounds: (46,313),(103,315),(102,331),(45,329)
vvEACA 0.0 bounds: (549,295),(581,298),(580,309),(548,306)
DHOTIS 0.0 bounds: (548,312),(580,313),(580,323),(548,322)
ofoed-ee 0.0 bounds: (18,373),(78,375),(78,384),(18,382)
Dieooobel 0.0 bounds: (19,388),(71,387),(71,395),(19,396)
Vinayaka 0.0 bounds: (8,404),(66,402),(66,418),(8,420)
Silks 0.0 bounds: (74,401),(104,400),(104,416),(74,417)
ERYRAM 0.0 bounds: (1,424),(24,424),(24,429),(1,429)
REAVERS 0.0 bounds: (27,424),(53,424),(53,430),(27,430)
SOCIETY 0.0 bounds: (56,424),(80,424),(80,430),(56,430)
SAREES 0.0 bounds: (82,424),(106,424),(106,432),(82,432)
dalo 0.0 bounds: (715,158),(760,111),(773,124),(729,171)
