atona to
NEW
SEASON.
NEW
FASHION.
NEW
SIGNATURE.
09-02-2018
BANGALORE
OCENTRA
BRAND.
STREET SMA
9886592222
 0.0 bounds: (839,16),(1023,16),(1023,391),(839,391)
atona 0.0 bounds: (839,32),(869,24),(870,28),(840,37)
to 0.0 bounds: (871,22),(893,16),(895,22),(873,28)
NEW 0.0 bounds: (912,121),(945,112),(948,124),(915,133)
SEASON. 0.0 bounds: (899,141),(961,127),(965,142),(903,157)
NEW 0.0 bounds: (918,157),(950,149),(953,162),(921,170)
FASHION. 0.0 bounds: (902,179),(969,164),(973,179),(905,194)
NEW 0.0 bounds: (922,195),(956,187),(959,199),(925,208)
SIGNATURE. 0.0 bounds: (897,219),(987,201),(990,214),(899,232)
09-02-2018 0.0 bounds: (903,254),(994,238),(996,249),(905,266)
BANGALORE 0.0 bounds: (916,298),(990,287),(992,296),(917,307)
OCENTRA 0.0 bounds: (874,313),(1020,292),(1023,317),(877,338)
BRAND. 0.0 bounds: (976,325),(1019,320),(1020,326),(977,332)
STREET 0.0 bounds: (926,376),(983,368),(985,380),(928,388)
SMA 0.0 bounds: (991,367),(1021,363),(1022,374),(993,378)
9886592222 0.0 bounds: (947,383),(1017,375),(1017,383),(948,391)
