THE CHALLENGE BE AN AIR WARRIOR
ELIGIBILITY CRITERIA
7AIRMEN SELECTION CENTRE
I UBBON ROAD
BANGALORE - S
THE
AN
RCE
CATONAL K
FREEAND FAS
TONLY AT NO STAGE
PAD TO ANY
AN
LS CONTACT
mONCENTRE
 0.0 bounds: (159,206),(843,206),(843,466),(159,466)
THE 0.0 bounds: (200,206),(230,214),(225,233),(195,224)
CHALLENGE 0.0 bounds: (234,218),(303,237),(300,251),(230,231)
BE 0.0 bounds: (309,240),(325,245),(322,257),(305,253)
AN 0.0 bounds: (330,246),(346,251),(343,264),(326,259)
AIR 0.0 bounds: (354,250),(373,255),(368,273),(349,267)
WARRIOR 0.0 bounds: (378,256),(431,271),(426,289),(373,274)
ELIGIBILITY 0.0 bounds: (234,238),(313,259),(309,275),(230,253)
CRITERIA 0.0 bounds: (319,258),(376,273),(371,291),(314,275)
7AIRMEN 0.0 bounds: (727,386),(766,402),(762,411),(723,395)
SELECTION 0.0 bounds: (768,400),(812,418),(808,428),(764,410)
CENTRE 0.0 bounds: (813,420),(843,432),(838,442),(809,430)
I 0.0 bounds: (767,417),(773,419),(769,428),(763,426)
UBBON 0.0 bounds: (775,419),(792,425),(788,436),(771,429)
ROAD 0.0 bounds: (794,428),(808,433),(805,441),(791,435)
BANGALORE 0.0 bounds: (751,427),(792,442),(790,450),(748,435)
- 0.0 bounds: (793,447),(794,447),(794,447),(793,447)
S 0.0 bounds: (797,445),(810,450),(808,456),(795,452)
THE 0.0 bounds: (179,299),(215,306),(209,341),(172,334)
AN 0.0 bounds: (182,339),(223,346),(218,381),(176,375)
RCE 0.0 bounds: (175,377),(223,385),(217,424),(168,416)
CATONAL 0.0 bounds: (272,323),(304,330),(302,339),(270,332)
K 0.0 bounds: (375,347),(379,348),(377,355),(373,354)
FREEAND 0.0 bounds: (481,425),(502,429),(500,436),(480,433)
FAS 0.0 bounds: (504,429),(513,431),(512,438),(503,437)
TONLY 0.0 bounds: (449,429),(467,432),(466,438),(448,435)
AT 0.0 bounds: (469,433),(473,434),(472,439),(468,438)
NO 0.0 bounds: (476,431),(482,432),(481,440),(475,439)
STAGE 0.0 bounds: (484,433),(502,436),(501,443),(483,440)
PAD 0.0 bounds: (477,443),(487,444),(486,450),(476,449)
TO 0.0 bounds: (490,445),(495,446),(494,452),(489,451)
ANY 0.0 bounds: (497,446),(505,447),(504,453),(496,452)
AN 0.0 bounds: (168,421),(199,425),(197,439),(166,436)
LS 0.0 bounds: (161,433),(180,436),(178,450),(159,448)
CONTACT 0.0 bounds: (183,436),(211,440),(209,455),(181,451)
mONCENTRE 0.0 bounds: (165,448),(207,455),(206,466),(163,459)
