* St.Martha'
ospital
Sanving Gereation
ARTHAS HOS
St. Martha's Hear
entre
ron
ST. MA
COLLEGE C
JURSING
irzer
 0.0 bounds: (691,256),(1015,256),(1015,441),(691,441)
* 0.0 bounds: (726,287),(733,286),(735,298),(728,299)
St.Martha' 0.0 bounds: (735,286),(784,279),(785,292),(737,299)
ospital 0.0 bounds: (809,277),(842,271),(845,284),(811,290)
Sanving 0.0 bounds: (737,302),(759,299),(760,305),(738,308)
Gereation 0.0 bounds: (762,298),(782,295),(783,301),(763,304)
ARTHAS 0.0 bounds: (897,295),(963,272),(971,295),(905,318)
HOS 0.0 bounds: (969,270),(1007,257),(1015,280),(977,293)
St. 0.0 bounds: (724,344),(736,343),(737,353),(725,354)
Martha's 0.0 bounds: (738,342),(769,339),(770,350),(739,353)
Hear 0.0 bounds: (772,340),(791,338),(792,346),(773,348)
entre 0.0 bounds: (807,334),(827,333),(828,344),(808,345)
ron 0.0 bounds: (809,374),(828,373),(828,377),(809,378)
ST. 0.0 bounds: (765,382),(778,381),(778,389),(765,390)
MA 0.0 bounds: (780,384),(792,383),(792,387),(780,388)
COLLEGE 0.0 bounds: (750,390),(783,388),(783,396),(750,398)
C 0.0 bounds: (789,391),(791,391),(791,396),(789,396)
JURSING 0.0 bounds: (804,387),(851,385),(851,394),(804,396)
irzer 0.0 bounds: (691,432),(720,429),(721,437),(692,441)
