dot ss
www
ONE STOP SHOP
Nbut trading t one
HOTEL
DSS
SERVE
KFC
ITIO
Tddulla
5S TMT
 0.0 bounds: (44,11),(915,11),(915,295),(44,295)
dot 0.0 bounds: (828,16),(859,14),(860,23),(829,25)
ss 0.0 bounds: (870,13),(900,11),(900,18),(870,20)
www 0.0 bounds: (869,25),(891,24),(891,33),(869,34)
ONE 0.0 bounds: (56,47),(75,58),(69,68),(50,57)
STOP 0.0 bounds: (76,61),(95,72),(91,80),(72,69)
SHOP 0.0 bounds: (98,74),(118,85),(114,93),(94,82)
Nbut 0.0 bounds: (48,60),(74,74),(70,81),(44,67)
trading 0.0 bounds: (75,76),(91,85),(88,90),(72,81)
t 0.0 bounds: (92,86),(96,88),(94,91),(91,89)
one 0.0 bounds: (97,89),(105,93),(103,97),(95,93)
HOTEL 0.0 bounds: (55,153),(100,145),(102,156),(57,164)
DSS 0.0 bounds: (859,197),(915,197),(915,227),(859,227)
SERVE 0.0 bounds: (327,172),(400,165),(401,178),(328,185)
KFC 0.0 bounds: (683,196),(718,190),(720,205),(686,211)
ITIO 0.0 bounds: (388,192),(330,197),(329,185),(387,180)
Tddulla 0.0 bounds: (202,203),(240,200),(241,209),(203,212)
5S 0.0 bounds: (626,286),(645,285),(645,294),(626,295)
TMT 0.0 bounds: (647,284),(658,283),(658,293),(647,294)
