POONA
FASHION
ఓనాట
SONATA
A TATA FRopUCT
&TITAN
JHAMAN'S
WATCH SNOP
TATA PRODNCT
TIMEX
SEIKO
CLOCKS
heldnedal
EIC
n PHLUPS SENENS T
CHANDAN ELECTRICALS
HI-FASHION
SILI
 0.0 bounds: (16,-2),(1023,-2),(1023,480),(16,480)
POONA 0.0 bounds: (451,11),(486,-2),(491,11),(456,24)
FASHION 0.0 bounds: (449,27),(491,8),(497,22),(455,41)
ఓనాట 0.0 bounds: (513,123),(565,110),(569,123),(516,137)
SONATA 0.0 bounds: (614,92),(675,76),(680,95),(619,111)
A 0.0 bounds: (618,113),(622,112),(623,118),(619,119)
TATA 0.0 bounds: (621,115),(636,111),(637,115),(622,119)
FRopUCT 0.0 bounds: (639,110),(669,102),(670,106),(640,114)
&TITAN 0.0 bounds: (300,181),(403,152),(409,173),(306,201)
JHAMAN'S 0.0 bounds: (437,159),(485,143),(489,153),(440,169)
WATCH 0.0 bounds: (443,165),(464,158),(466,166),(445,173)
SNOP 0.0 bounds: (466,158),(480,153),(482,160),(468,165)
TATA 0.0 bounds: (519,140),(535,135),(538,143),(521,148)
PRODNCT 0.0 bounds: (539,135),(565,128),(567,135),(541,142)
TIMEX 0.0 bounds: (446,180),(479,174),(481,184),(448,191)
SEIKO 0.0 bounds: (585,206),(684,187),(689,209),(589,229)
CLOCKS 0.0 bounds: (602,233),(672,222),(674,233),(604,244)
heldnedal 0.0 bounds: (34,368),(66,363),(67,371),(35,376)
EIC 0.0 bounds: (43,422),(66,420),(67,432),(44,434)
n 0.0 bounds: (74,431),(79,431),(80,442),(75,443)
PHLUPS 0.0 bounds: (86,429),(103,427),(104,441),(87,443)
SENENS 0.0 bounds: (105,427),(123,425),(124,438),(106,440)
T 0.0 bounds: (125,426),(130,426),(131,437),(126,438)
CHANDAN 0.0 bounds: (16,459),(70,457),(71,478),(17,480)
ELECTRICALS 0.0 bounds: (74,457),(152,454),(153,476),(75,479)
HI-FASHION 0.0 bounds: (866,350),(914,349),(914,370),(866,371)
SILI 0.0 bounds: (988,349),(1022,347),(1023,362),(989,364)
