Prita Ban
3e
Pojarathnam') Jepely
70%
SALE
FAAISOS.om
Caffe Maven
e Shree lakshmi Fast Foods
 0.0 bounds: (310,7),(957,7),(957,241),(310,241)
Prita 0.0 bounds: (805,37),(871,23),(877,50),(811,64)
Ban 0.0 bounds: (882,20),(941,7),(946,31),(887,43)
3e 0.0 bounds: (655,56),(671,53),(673,65),(657,68)
Pojarathnam') 0.0 bounds: (310,128),(392,110),(398,138),(316,155)
Jepely 0.0 bounds: (394,110),(452,98),(458,128),(401,140)
70% 0.0 bounds: (868,122),(930,110),(933,127),(872,140)
SALE 0.0 bounds: (867,144),(934,139),(935,155),(868,160)
FAAISOS.om 0.0 bounds: (433,223),(499,225),(499,241),(433,239)
Caffe 0.0 bounds: (567,210),(603,209),(603,227),(567,228)
Maven 0.0 bounds: (616,209),(668,208),(668,230),(616,231)
e 0.0 bounds: (831,222),(837,222),(837,237),(831,237)
Shree 0.0 bounds: (869,221),(888,221),(888,237),(869,237)
lakshmi 0.0 bounds: (890,220),(917,220),(917,237),(890,237)
Fast 0.0 bounds: (919,221),(933,221),(933,237),(919,237)
Foods 0.0 bounds: (935,221),(957,221),(957,237),(935,237)
