బిక్టయ ఆజ
Aishwarya U
MRBALARAAJ
L4L
ME
 0.0 bounds: (662,204),(1016,204),(1016,281),(662,281)
బిక్టయ 0.0 bounds: (705,249),(742,241),(744,249),(707,257)
ఆజ 0.0 bounds: (748,239),(770,234),(771,243),(750,248)
Aishwarya 0.0 bounds: (662,259),(763,246),(765,262),(664,275)
U 0.0 bounds: (774,245),(786,243),(788,256),(776,258)
MRBALARAAJ 0.0 bounds: (887,225),(1013,204),(1015,217),(889,238)
L4L 0.0 bounds: (686,277),(713,274),(713,278),(686,281)
ME 0.0 bounds: (868,272),(879,271),(880,280),(869,281)
