SHRISHTI
&e
SONS
EE SALE
DEVATHA SILKS HOUSE
DEVATHA'S
DEYA THAS
RATHNA MA
SMIFTED
AEVATHAS
 0.0 bounds: (15,23),(1023,23),(1023,444),(15,444)
SHRISHTI 0.0 bounds: (963,23),(1020,23),(1020,40),(963,40)
&e 0.0 bounds: (46,111),(81,119),(78,133),(43,125)
SONS 0.0 bounds: (19,132),(99,151),(95,167),(15,149)
EE 0.0 bounds: (82,179),(111,188),(108,197),(79,188)
SALE 0.0 bounds: (114,187),(140,195),(137,205),(111,197)
DEVATHA 0.0 bounds: (817,325),(887,308),(891,326),(821,342)
SILKS 0.0 bounds: (892,308),(944,296),(948,313),(896,325)
HOUSE 0.0 bounds: (947,290),(1017,273),(1023,297),(953,314)
DEVATHA'S 0.0 bounds: (858,345),(957,325),(961,346),(862,367)
DEYA 0.0 bounds: (797,389),(820,386),(822,402),(800,406)
THAS 0.0 bounds: (822,385),(841,382),(843,399),(825,402)
RATHNA 0.0 bounds: (612,427),(651,422),(653,439),(614,444)
MA 0.0 bounds: (654,421),(679,418),(681,434),(656,438)
SMIFTED 0.0 bounds: (799,433),(830,431),(830,440),(800,442)
AEVATHAS 0.0 bounds: (1011,36),(1017,254),(980,255),(974,37)
