Panasonic
LED Lighting
y r Srinivasa Lighting
ANCES
MIXERS
SHIVA
ENTERPRISES
ప్రె
POSTERS
ADSmith
వాలో జీజవో
WALL
PER
ON BLINDS
 0.0 bounds: (126,70),(565,70),(565,424),(126,424)
Panasonic 0.0 bounds: (139,77),(263,70),(264,89),(140,96)
LED 0.0 bounds: (169,108),(189,108),(189,117),(169,117)
Lighting 0.0 bounds: (192,106),(235,105),(235,117),(192,118)
y 0.0 bounds: (126,138),(145,137),(146,148),(127,149)
r 0.0 bounds: (167,137),(195,135),(196,145),(168,147)
Srinivasa 0.0 bounds: (202,134),(238,132),(238,139),(202,141)
Lighting 0.0 bounds: (241,133),(273,131),(273,139),(241,141)
ANCES 0.0 bounds: (283,145),(318,143),(319,154),(284,156)
MIXERS 0.0 bounds: (355,189),(408,187),(408,200),(355,202)
SHIVA 0.0 bounds: (413,261),(481,256),(482,269),(414,274)
ENTERPRISES 0.0 bounds: (413,277),(482,272),(483,283),(414,288)
ప్రె 0.0 bounds: (477,304),(459,305),(458,289),(476,288)
POSTERS 0.0 bounds: (414,309),(486,305),(487,317),(415,322)
ADSmith 0.0 bounds: (533,310),(565,310),(565,316),(533,316)
వాలో 0.0 bounds: (414,328),(443,326),(444,338),(415,340)
జీజవో 0.0 bounds: (449,326),(487,323),(488,335),(450,338)
WALL 0.0 bounds: (420,343),(482,340),(483,363),(421,366)
PER 0.0 bounds: (448,369),(489,368),(490,391),(449,392)
ON 0.0 bounds: (443,412),(462,410),(463,422),(444,424)
BLINDS 0.0 bounds: (464,410),(490,408),(491,420),(465,422)
