SIDENCY ROAD
STREET SMART
9886592222
NUARY
THE
T ASHOK
EREE
OLE WORLD
555 TMT
98863 39584
 0.0 bounds: (40,0),(1011,0),(1011,379),(40,379)
SIDENCY 0.0 bounds: (898,0),(964,3),(963,14),(898,11)
ROAD 0.0 bounds: (970,4),(1011,6),(1010,17),(970,15)
STREET 0.0 bounds: (925,28),(967,30),(966,40),(925,38)
SMART 0.0 bounds: (973,30),(1010,32),(1010,41),(973,39)
9886592222 0.0 bounds: (940,37),(998,39),(998,49),(940,47)
NUARY 0.0 bounds: (222,148),(258,147),(258,156),(222,157)
THE 0.0 bounds: (226,161),(243,159),(244,167),(227,169)
T 0.0 bounds: (233,172),(237,172),(237,177),(233,177)
ASHOK 0.0 bounds: (240,171),(261,169),(262,176),(241,178)
EREE 0.0 bounds: (563,154),(593,152),(594,170),(564,172)
OLE 0.0 bounds: (170,247),(184,245),(185,252),(171,254)
WORLD 0.0 bounds: (187,245),(207,243),(208,251),(188,253)
555 0.0 bounds: (45,323),(59,322),(60,337),(46,338)
TMT 0.0 bounds: (63,321),(78,320),(79,335),(64,336)
98863 0.0 bounds: (40,368),(64,367),(65,378),(41,379)
39584 0.0 bounds: (68,367),(85,366),(86,377),(69,378)
