BMTC
జీంచణాం
BEST
100% FAT FREE
HeaLTHY & Yummy
EGG WHITE
CUBE
KA-01-F-44
 0.0 bounds: (706,303),(855,303),(855,502),(706,502)
BMTC 0.0 bounds: (736,308),(820,303),(821,319),(737,324)
జీంచణాం 0.0 bounds: (748,328),(811,325),(811,333),(748,336)
BEST 0.0 bounds: (828,376),(855,375),(855,384),(828,385)
100% 0.0 bounds: (706,383),(727,382),(727,394),(706,395)
FAT 0.0 bounds: (732,383),(747,382),(747,393),(732,394)
FREE 0.0 bounds: (750,381),(772,380),(772,392),(750,393)
HeaLTHY 0.0 bounds: (706,394),(735,393),(735,401),(706,402)
& 0.0 bounds: (738,395),(743,395),(743,400),(738,400)
Yummy 0.0 bounds: (745,394),(772,393),(772,399),(745,400)
EGG 0.0 bounds: (788,396),(811,395),(811,407),(788,408)
WHITE 0.0 bounds: (815,398),(852,397),(852,406),(815,407)
CUBE 0.0 bounds: (807,407),(831,407),(831,418),(807,418)
KA-01-F-44 0.0 bounds: (752,490),(815,489),(815,501),(752,502)
