VIJAYA
HANK
e-lob
ACRES AND ACRE
OF OPEN SPACES
Dalay Nee
SAMSUNG
 0.0 bounds: (130,-6),(1023,-6),(1023,339),(130,339)
VIJAYA 0.0 bounds: (148,-6),(205,44),(188,64),(131,14)
HANK 0.0 bounds: (389,52),(418,55),(417,62),(388,59)
e-lob 0.0 bounds: (146,46),(192,81),(182,94),(136,59)
ACRES 0.0 bounds: (925,321),(960,322),(960,330),(925,329)
AND 0.0 bounds: (965,323),(989,324),(989,330),(965,329)
ACRE 0.0 bounds: (994,324),(1023,325),(1023,331),(994,330)
OF 0.0 bounds: (924,330),(938,330),(938,335),(924,335)
OPEN 0.0 bounds: (944,330),(973,331),(973,338),(944,337)
SPACES 0.0 bounds: (979,331),(1022,332),(1022,339),(979,338)
Dalay 0.0 bounds: (862,328),(879,328),(879,332),(862,332)
Nee 0.0 bounds: (881,326),(895,326),(895,332),(881,332)
SAMSUNG 0.0 bounds: (807,322),(832,322),(832,327),(807,327)
