NOKIA
!dea
dea 4G
Jio do n
PIAGGIO
apé
SA OF
 0.0 bounds: (32,171),(1007,171),(1007,694),(32,694)
NOKIA 0.0 bounds: (859,186),(906,172),(911,189),(864,203)
!dea 0.0 bounds: (852,266),(887,260),(890,277),(855,283)
dea 0.0 bounds: (942,291),(967,295),(964,312),(939,308)
4G 0.0 bounds: (980,306),(992,308),(991,315),(979,313)
Jio 0.0 bounds: (653,458),(670,458),(670,467),(653,467)
do 0.0 bounds: (696,459),(706,459),(706,468),(696,468)
n 0.0 bounds: (733,461),(741,461),(741,467),(733,467)
PIAGGIO 0.0 bounds: (35,572),(62,569),(63,577),(36,580)
apé 0.0 bounds: (32,580),(62,576),(64,593),(34,597)
SA 0.0 bounds: (975,686),(987,686),(987,694),(975,694)
OF 0.0 bounds: (992,687),(1007,687),(1007,694),(992,694)
