Bont sertie
Goidor anoi one
CYTECARE
FedEx
 0.0 bounds: (731,174),(931,174),(931,345),(731,345)
Bont 0.0 bounds: (870,185),(893,179),(895,186),(872,192)
sertie 0.0 bounds: (895,178),(910,174),(912,181),(897,185)
Goidor 0.0 bounds: (853,210),(877,204),(880,214),(855,220)
anoi 0.0 bounds: (879,204),(907,197),(909,206),(881,213)
one 0.0 bounds: (919,194),(929,192),(931,201),(921,204)
CYTECARE 0.0 bounds: (870,240),(916,227),(919,238),(873,251)
FedEx 0.0 bounds: (731,306),(857,296),(860,335),(734,345)
