9632819651
9591915879
NATIONAL BANDSET
Beanypeie. ETA Mall Agrahara Bangalore-23
 0.0 bounds: (822,369),(953,369),(953,627),(822,627)
9632819651 0.0 bounds: (852,372),(948,369),(948,387),(853,390)
9591915879 0.0 bounds: (854,394),(947,393),(947,410),(854,411)
NATIONAL 0.0 bounds: (825,577),(887,584),(884,608),(822,601)
BANDSET 0.0 bounds: (889,585),(950,592),(947,615),(886,608)
Beanypeie. 0.0 bounds: (823,603),(855,607),(853,617),(822,613)
ETA 0.0 bounds: (857,607),(865,608),(864,617),(856,616)
Mall 0.0 bounds: (867,608),(880,610),(879,619),(866,617)
Agrahara 0.0 bounds: (883,610),(908,613),(907,623),(882,620)
Bangalore-23 0.0 bounds: (910,616),(953,621),(952,627),(909,622)
