SOCIET
SARF
SAMBHAL
WHO
SILKS & SAREES
Raymon
deabors
Raymona
SMANITA SLSA
MANJUNA
AVAILABLE AT,
A SAREES
on 15 CHCPET GE S
चानुमास आ5
PAN AMERICA
RaymonT
Suiting
श् निनय नैन श्देहान्दर द्स्ट. कि
सकत श्री सं का भावभरा हार्दिक स्वागत
 0.0 bounds: (0,5),(1041,5),(1041,419),(0,419)
SOCIET 0.0 bounds: (806,5),(882,13),(879,36),(804,28)
SARF 0.0 bounds: (782,34),(860,42),(858,61),(780,53)
SAMBHAL 0.0 bounds: (847,271),(1016,169),(1041,211),(872,312)
WHO 0.0 bounds: (944,265),(1010,229),(1023,254),(957,290)
SILKS 0.0 bounds: (345,269),(377,271),(376,281),(344,279)
& 0.0 bounds: (382,273),(387,273),(387,279),(382,279)
SAREES 0.0 bounds: (393,275),(431,278),(431,283),(393,281)
Raymon 0.0 bounds: (19,287),(107,315),(93,359),(5,331)
deabors 0.0 bounds: (222,309),(270,315),(268,330),(220,324)
Raymona 0.0 bounds: (220,327),(266,332),(264,347),(218,342)
SMANITA 0.0 bounds: (321,310),(370,316),(368,325),(320,319)
SLSA 0.0 bounds: (372,316),(389,318),(388,328),(371,326)
MANJUNA 0.0 bounds: (299,316),(330,320),(329,327),(298,323)
AVAILABLE 0.0 bounds: (895,295),(933,275),(939,287),(901,307)
AT, 0.0 bounds: (938,273),(950,267),(955,278),(944,284)
A 0.0 bounds: (310,327),(315,327),(314,334),(310,334)
SAREES 0.0 bounds: (317,327),(337,328),(336,336),(316,335)
on 0.0 bounds: (3,352),(12,354),(9,364),(0,362)
15 0.0 bounds: (23,357),(36,361),(33,370),(20,367)
CHCPET 0.0 bounds: (38,360),(59,366),(56,379),(34,373)
GE 0.0 bounds: (61,367),(85,374),(82,386),(57,380)
S 0.0 bounds: (87,376),(91,377),(88,389),(84,388)
चानुमास 0.0 bounds: (738,326),(817,304),(828,342),(749,365)
आ5 0.0 bounds: (820,304),(850,296),(860,333),(830,342)
PAN 0.0 bounds: (178,362),(188,366),(185,375),(174,370)
AMERICA 0.0 bounds: (190,366),(215,377),(210,389),(185,378)
RaymonT 0.0 bounds: (920,339),(1022,298),(1040,341),(938,383)
Suiting 0.0 bounds: (970,359),(1020,346),(1024,358),(973,372)
श् 0.0 bounds: (742,391),(752,390),(753,405),(743,406)
निनय 0.0 bounds: (757,390),(776,389),(777,405),(758,406)
नैन 0.0 bounds: (778,389),(787,388),(788,403),(779,404)
श्देहान्दर 0.0 bounds: (789,388),(816,386),(817,402),(790,404)
द्स्ट. 0.0 bounds: (818,386),(851,384),(852,400),(819,402)
कि 0.0 bounds: (853,384),(861,384),(862,400),(854,400)
सकत 0.0 bounds: (751,411),(764,411),(764,418),(751,418)
श्री 0.0 bounds: (767,408),(774,408),(774,418),(767,418)
सं 0.0 bounds: (776,408),(785,408),(785,418),(776,418)
का 0.0 bounds: (787,411),(795,411),(795,418),(787,418)
भावभरा 0.0 bounds: (797,410),(818,410),(818,418),(797,418)
हार्दिक 0.0 bounds: (821,405),(838,405),(838,419),(821,419)
स्वागत 0.0 bounds: (840,408),(863,408),(863,417),(840,417)
