pONT DRINK & DRIVE A NO 1
CEMENT
BIRLA
 0.0 bounds: (269,139),(409,139),(409,182),(269,182)
pONT 0.0 bounds: (270,139),(291,140),(290,151),(269,150)
DRINK 0.0 bounds: (293,140),(313,141),(312,153),(292,152)
& 0.0 bounds: (315,142),(319,142),(318,153),(314,153)
DRIVE 0.0 bounds: (321,142),(339,143),(338,154),(320,153)
A 0.0 bounds: (363,145),(375,146),(374,157),(362,156)
NO 0.0 bounds: (377,145),(397,146),(396,157),(376,156)
1 0.0 bounds: (399,147),(401,147),(400,158),(398,158)
CEMENT 0.0 bounds: (345,156),(409,165),(407,181),(343,173)
BIRLA 0.0 bounds: (279,165),(308,165),(308,177),(279,177)
