FURNITURE
WOOD AVENU
TOPLINE
FURNITURE SYSTEM
Indica
Omede
Mandines
 0.0 bounds: (107,399),(988,399),(988,696),(107,696)
FURNITURE 0.0 bounds: (110,408),(203,423),(200,440),(107,425)
WOOD 0.0 bounds: (233,424),(259,428),(256,447),(230,443)
AVENU 0.0 bounds: (261,428),(285,432),(282,451),(258,448)
TOPLINE 0.0 bounds: (887,405),(987,399),(988,412),(888,418)
FURNITURE 0.0 bounds: (884,416),(943,413),(943,424),(885,427)
SYSTEM 0.0 bounds: (945,414),(987,412),(987,422),(945,424)
Indica 0.0 bounds: (485,602),(517,600),(518,611),(486,613)
Omede 0.0 bounds: (190,657),(233,636),(243,656),(199,677)
Mandines 0.0 bounds: (205,676),(251,654),(261,674),(214,696)
