Namima lengu
Namma Bengaln
Swachh Bengalru
tona
An tue by
VINANTA
Sachh Bengaluru
VIVANTA
The Road
Temptatio
ROCKING
WEEKDAYS
EXS
SUN BRUNCH
SK SUPER TMT
DRIVE
SAFELY
Fe sso Puure Steel
www.skupermtcom
@ doabado
 0.0 bounds: (26,416),(806,416),(806,581),(26,581)
Namima 0.0 bounds: (216,418),(256,423),(254,434),(215,429)
lengu 0.0 bounds: (259,424),(293,424),(293,432),(259,432)
Namma 0.0 bounds: (595,418),(623,418),(623,422),(595,422)
Bengaln 0.0 bounds: (626,416),(659,416),(659,422),(626,422)
Swachh 0.0 bounds: (593,424),(621,424),(621,429),(593,429)
Bengalru 0.0 bounds: (625,423),(660,423),(660,429),(625,429)
tona 0.0 bounds: (606,430),(650,429),(650,436),(606,437)
An 0.0 bounds: (436,423),(443,423),(443,427),(436,427)
tue 0.0 bounds: (446,423),(468,422),(468,427),(446,428)
by 0.0 bounds: (470,423),(476,423),(476,427),(470,427)
VINANTA 0.0 bounds: (767,423),(806,422),(806,430),(767,431)
Sachh 0.0 bounds: (201,430),(250,429),(250,438),(201,439)
Bengaluru 0.0 bounds: (255,429),(299,428),(299,436),(255,437)
VIVANTA 0.0 bounds: (432,433),(480,431),(480,437),(432,439)
The 0.0 bounds: (87,438),(95,438),(95,442),(87,442)
Road 0.0 bounds: (99,437),(117,438),(117,443),(99,442)
Temptatio 0.0 bounds: (87,446),(119,445),(119,451),(87,452)
ROCKING 0.0 bounds: (146,436),(183,436),(183,442),(146,442)
WEEKDAYS 0.0 bounds: (142,443),(186,444),(186,451),(142,450)
EXS 0.0 bounds: (581,466),(636,466),(636,495),(581,495)
SUN 0.0 bounds: (594,466),(639,467),(639,483),(594,482)
BRUNCH 0.0 bounds: (647,467),(699,468),(699,485),(647,484)
SK 0.0 bounds: (59,479),(84,478),(84,489),(59,490)
SUPER 0.0 bounds: (90,478),(154,476),(154,487),(90,489)
TMT 0.0 bounds: (159,476),(201,475),(201,487),(159,488)
DRIVE 0.0 bounds: (305,480),(328,482),(327,489),(304,487)
SAFELY 0.0 bounds: (302,491),(330,491),(330,495),(302,495)
Fe 0.0 bounds: (89,498),(99,498),(99,503),(89,503)
sso 0.0 bounds: (104,497),(120,496),(120,501),(104,502)
Puure 0.0 bounds: (124,496),(145,495),(145,501),(124,502)
Steel 0.0 bounds: (149,496),(171,495),(171,501),(149,502)
www.skupermtcom 0.0 bounds: (26,510),(80,507),(80,513),(26,516)
@ 0.0 bounds: (76,568),(82,568),(82,575),(77,575)
doabado 0.0 bounds: (89,565),(147,561),(148,577),(90,581)
