trend
YOTHI MANA
RAM CERAMC
STEMENS
ORIONTAL
SEMENS SHAM
LOUIS P
STEMENS
 0.0 bounds: (148,19),(1024,19),(1024,472),(148,472)
trend 0.0 bounds: (979,307),(1018,292),(1023,305),(984,320)
YOTHI 0.0 bounds: (290,288),(314,291),(313,299),(289,296)
MANA 0.0 bounds: (323,292),(344,295),(343,302),(322,300)
RAM 0.0 bounds: (283,300),(302,302),(301,312),(282,310)
CERAMC 0.0 bounds: (308,303),(335,306),(334,316),(307,313)
STEMENS 0.0 bounds: (280,312),(331,320),(330,329),(279,321)
ORIONTAL 0.0 bounds: (274,326),(304,330),(303,337),(273,333)
SEMENS 0.0 bounds: (272,340),(305,345),(304,352),(271,347)
SHAM 0.0 bounds: (308,345),(328,348),(327,355),(307,352)
LOUIS 0.0 bounds: (975,459),(1007,458),(1007,471),(975,472)
P 0.0 bounds: (1015,456),(1023,456),(1023,471),(1015,471)
STEMENS 0.0 bounds: (182,19),(301,146),(268,177),(149,50)
