XEROX
800so
airtel
Jio aTAL
LUFE
MELANE T
Hipular Fronm
GRAND CONFERENCE
 0.0 bounds: (61,294),(401,294),(401,517),(61,517)
XEROX 0.0 bounds: (297,294),(324,295),(324,303),(297,302)
800so 0.0 bounds: (113,301),(154,309),(152,320),(111,313)
airtel 0.0 bounds: (68,313),(140,327),(132,365),(61,351)
Jio 0.0 bounds: (202,337),(232,341),(230,356),(200,352)
aTAL 0.0 bounds: (232,343),(254,346),(252,359),(230,356)
LUFE 0.0 bounds: (232,350),(244,352),(243,361),(231,359)
MELANE 0.0 bounds: (274,367),(299,370),(297,381),(273,378)
T 0.0 bounds: (301,369),(313,370),(312,381),(300,380)
Hipular 0.0 bounds: (324,474),(362,470),(364,489),(326,493)
Fronm 0.0 bounds: (362,470),(399,466),(401,485),(364,489)
GRAND 0.0 bounds: (303,494),(339,490),(341,513),(306,517)
CONFERENCE 0.0 bounds: (341,490),(395,484),(397,507),(344,513)
