Nitstone
Nitesh
Industries
Capital
* Nitesh
Wha thetive Season Cn Ale
A AdStock
vivo
Y.
BIN
TC FOREX
mab Idea-
 0.0 bounds: (89,74),(882,74),(882,347),(89,347)
Nitstone 0.0 bounds: (97,74),(190,96),(182,129),(89,107)
Nitesh 0.0 bounds: (280,119),(337,133),(333,151),(276,137)
Industries 0.0 bounds: (281,139),(336,150),(334,161),(279,150)
Capital 0.0 bounds: (121,105),(170,117),(167,126),(119,115)
* 0.0 bounds: (511,177),(517,178),(514,191),(508,190)
Nitesh 0.0 bounds: (519,178),(540,183),(538,196),(516,192)
Wha 0.0 bounds: (774,236),(791,234),(792,240),(775,242)
thetive 0.0 bounds: (794,233),(822,230),(823,237),(795,240)
Season 0.0 bounds: (825,232),(843,230),(843,235),(826,237)
Cn 0.0 bounds: (846,228),(854,227),(855,233),(847,234)
Ale 0.0 bounds: (867,227),(881,226),(881,231),(868,232)
A 0.0 bounds: (591,225),(600,226),(598,244),(589,243)
AdStock 0.0 bounds: (600,225),(636,229),(634,248),(598,245)
vivo 0.0 bounds: (441,227),(539,237),(535,283),(436,273)
Y. 0.0 bounds: (843,306),(854,306),(854,320),(843,320)
BIN 0.0 bounds: (713,317),(772,312),(773,329),(714,334)
TC 0.0 bounds: (582,330),(604,330),(604,346),(582,346)
FOREX 0.0 bounds: (609,330),(641,330),(641,347),(609,347)
mab 0.0 bounds: (450,326),(490,326),(490,342),(450,342)
Idea- 0.0 bounds: (498,323),(533,323),(533,344),(498,344)
