PUBLIC RELATIONS OFFICE
MINISTRY OF DEFENCE
TH CUSBO
11ANCALORE 3500 0 01
ROAD
 0.0 bounds: (28,318),(178,318),(178,373),(28,373)
PUBLIC 0.0 bounds: (29,318),(69,320),(68,335),(28,333)
RELATIONS 0.0 bounds: (75,319),(136,323),(135,340),(74,336)
OFFICE 0.0 bounds: (141,325),(178,327),(177,341),(140,339)
MINISTRY 0.0 bounds: (38,340),(92,343),(91,352),(37,349)
OF 0.0 bounds: (96,343),(111,344),(110,353),(95,352)
DEFENCE 0.0 bounds: (115,343),(166,346),(165,357),(114,354)
TH 0.0 bounds: (42,355),(58,356),(58,360),(42,359)
CUSBO 0.0 bounds: (65,356),(112,358),(112,364),(65,362)
11ANCALORE 0.0 bounds: (30,362),(114,366),(114,371),(30,367)
3500 0.0 bounds: (128,367),(148,368),(148,372),(128,371)
0 0.0 bounds: (153,367),(155,367),(155,373),(153,373)
01 0.0 bounds: (170,366),(174,366),(174,372),(170,372)
ROAD 0.0 bounds: (126,360),(161,361),(161,365),(126,364)
