5555g
TIMES COH
kro sda, ed stsa: 1800-5322-664
 0.0 bounds: (236,277),(369,277),(369,322),(236,322)
5555g 0.0 bounds: (264,278),(312,277),(312,283),(264,284)
TIMES 0.0 bounds: (275,300),(304,301),(304,310),(275,309)
COH 0.0 bounds: (307,301),(327,302),(327,308),(307,307)
kro 0.0 bounds: (236,312),(253,312),(253,322),(236,322)
sda, 0.0 bounds: (262,312),(284,311),(284,321),(262,322)
ed 0.0 bounds: (286,313),(293,313),(293,319),(286,319)
stsa: 0.0 bounds: (295,313),(309,313),(309,318),(295,318)
1800-5322-664 0.0 bounds: (312,310),(369,309),(369,316),(312,318)
