ARTH
it
ఎతో డి ఎఫో సి బ్యాంకో
EAET"
EAR
HDFC BANK
 0.0 bounds: (218,122),(726,122),(726,325),(218,325)
ARTH 0.0 bounds: (437,122),(558,170),(546,200),(425,152)
it 0.0 bounds: (305,127),(315,130),(313,136),(303,133)
ఎతో 0.0 bounds: (644,262),(661,268),(657,280),(640,273)
డి 0.0 bounds: (662,269),(669,271),(665,281),(659,278)
ఎఫో 0.0 bounds: (672,271),(687,277),(682,290),(667,284)
సి 0.0 bounds: (690,277),(697,279),(693,289),(687,286)
బ్యాంకో 0.0 bounds: (701,280),(725,289),(719,307),(694,298)
EAET" 0.0 bounds: (227,132),(355,172),(346,200),(218,160)
EAR 0.0 bounds: (492,220),(535,233),(529,254),(486,241)
HDFC 0.0 bounds: (650,294),(682,303),(678,315),(647,305)
BANK 0.0 bounds: (685,305),(716,314),(712,325),(682,316)
