VINAYAKA FRAME WORKS
1st FLOOR
Ksran
VINAYAKA SILVER
PHOTO PICTURES
st FLOOR
ranPOUCESTORES
VYRI
Panasonic
SHIVA
ENTERPRES
ఉ
POSTERS
ad dee
BA:
WALL
PAPER
 0.0 bounds: (330,175),(686,175),(686,390),(330,390)
VINAYAKA 0.0 bounds: (342,178),(379,176),(380,189),(343,191)
FRAME 0.0 bounds: (382,177),(406,176),(407,189),(383,190)
WORKS 0.0 bounds: (408,176),(432,175),(433,188),(409,189)
1st 0.0 bounds: (363,192),(381,191),(382,203),(364,204)
FLOOR 0.0 bounds: (384,190),(416,188),(417,201),(385,203)
Ksran 0.0 bounds: (658,179),(686,178),(686,185),(658,186)
VINAYAKA 0.0 bounds: (333,238),(377,236),(377,246),(333,248)
SILVER 0.0 bounds: (381,236),(412,235),(412,245),(381,246)
PHOTO 0.0 bounds: (336,251),(364,251),(364,261),(336,261)
PICTURES 0.0 bounds: (369,250),(411,249),(411,259),(369,260)
st 0.0 bounds: (351,262),(368,262),(368,272),(351,272)
FLOOR 0.0 bounds: (370,262),(397,262),(397,272),(370,272)
ranPOUCESTORES 0.0 bounds: (472,238),(537,235),(537,247),(473,250)
VYRI 0.0 bounds: (330,282),(371,283),(371,296),(330,295)
Panasonic 0.0 bounds: (587,292),(626,291),(626,301),(587,302)
SHIVA 0.0 bounds: (639,323),(673,321),(673,328),(639,330)
ENTERPRES 0.0 bounds: (636,330),(674,328),(674,336),(636,338)
ఉ 0.0 bounds: (635,337),(652,336),(652,343),(635,344)
POSTERS 0.0 bounds: (639,346),(676,344),(676,351),(639,353)
ad 0.0 bounds: (639,357),(653,356),(653,360),(639,361)
dee 0.0 bounds: (657,356),(676,355),(676,360),(657,361)
BA: 0.0 bounds: (342,371),(362,371),(362,379),(342,379)
WALL 0.0 bounds: (639,363),(673,362),(673,375),(639,376)
PAPER 0.0 bounds: (641,378),(676,376),(677,387),(642,390)
