NSPIRED Y
EXCELLENCE
2 COURSE LUNCH
@ Rs. 199
 0.0 bounds: (478,275),(1002,275),(1002,349),(478,349)
NSPIRED 0.0 bounds: (944,275),(973,275),(973,279),(944,279)
Y 0.0 bounds: (976,275),(983,275),(983,278),(976,278)
EXCELLENCE 0.0 bounds: (926,281),(1002,281),(1002,291),(926,291)
2 0.0 bounds: (479,332),(483,332),(483,339),(479,339)
COURSE 0.0 bounds: (485,332),(500,332),(500,339),(485,339)
LUNCH 0.0 bounds: (500,332),(517,332),(517,340),(500,340)
@ 0.0 bounds: (478,341),(487,341),(487,348),(478,348)
Rs. 0.0 bounds: (490,341),(500,341),(500,349),(490,349)
199 0.0 bounds: (502,341),(515,341),(515,349),(502,349)
