A
VHOLESA
PRICE
Crom
KMF
eldardal
DRCOPP
THISK BEFORE
PLASTIC CAUS
SHIFT to DR
Cuton CANING
 0.0 bounds: (93,248),(1023,248),(1023,705),(93,705)
A 0.0 bounds: (148,248),(161,249),(161,255),(148,254)
VHOLESA 0.0 bounds: (149,254),(187,267),(183,279),(145,265)
PRICE 0.0 bounds: (156,271),(178,277),(175,288),(153,282)
Crom 0.0 bounds: (1007,332),(1022,330),(1023,336),(1008,338)
KMF 0.0 bounds: (142,364),(177,364),(177,372),(142,372)
eldardal 0.0 bounds: (93,434),(126,436),(126,441),(93,439)
DRCOPP 0.0 bounds: (898,577),(961,577),(961,592),(898,592)
THISK 0.0 bounds: (947,635),(982,635),(982,647),(947,647)
BEFORE 0.0 bounds: (987,635),(1021,635),(1021,647),(987,647)
PLASTIC 0.0 bounds: (954,651),(996,650),(996,663),(954,664)
CAUS 0.0 bounds: (1002,650),(1023,649),(1023,661),(1002,662)
SHIFT 0.0 bounds: (949,669),(982,669),(982,682),(949,682)
to 0.0 bounds: (985,672),(994,672),(994,682),(985,682)
DR 0.0 bounds: (998,668),(1017,668),(1017,681),(998,681)
Cuton 0.0 bounds: (938,696),(981,694),(981,703),(938,705)
CANING 0.0 bounds: (984,694),(1020,693),(1020,703),(984,704)
