O BENGALURU CITY TRAFFIC POLICE
A-ONE GOLD
GRADE
550
NEAR NELETT ESRY
 0.0 bounds: (238,367),(394,367),(394,555),(238,555)
O 0.0 bounds: (238,388),(253,386),(254,398),(240,400)
BENGALURU 0.0 bounds: (258,387),(312,380),(313,391),(259,398)
CITY 0.0 bounds: (314,379),(331,377),(332,387),(315,389)
TRAFFIC 0.0 bounds: (334,377),(363,373),(364,383),(335,387)
POLICE 0.0 bounds: (365,371),(392,367),(393,380),(367,384)
A-ONE 0.0 bounds: (299,462),(337,452),(340,464),(302,474)
GOLD 0.0 bounds: (342,449),(369,442),(373,456),(346,464)
GRADE 0.0 bounds: (297,506),(320,500),(322,506),(299,513)
550 0.0 bounds: (295,516),(320,508),(324,520),(299,528)
NEAR 0.0 bounds: (268,548),(288,541),(290,548),(271,556)
NELETT 0.0 bounds: (289,538),(310,531),(312,538),(292,546)
ESRY 0.0 bounds: (314,532),(350,519),(352,525),(316,538)
