GREEN CITY
は
TH
O SBHE
प्कल
Sune Bank of Hderibad
SEH= e
WE KNOW YOUR NEEDS
PROT
 0.0 bounds: (1,475),(945,475),(945,734),(1,734)
GREEN 0.0 bounds: (876,592),(916,594),(916,603),(876,601)
CITY 0.0 bounds: (920,596),(945,597),(945,603),(920,602)
は 0.0 bounds: (142,485),(164,489),(161,505),(139,501)
TH 0.0 bounds: (1,475),(10,475),(10,487),(1,487)
O 0.0 bounds: (493,591),(510,594),(507,611),(490,608)
SBHE 0.0 bounds: (512,594),(566,604),(563,621),(509,611)
प्कल 0.0 bounds: (595,605),(629,611),(627,625),(593,619)
Sune 0.0 bounds: (585,615),(606,619),(603,631),(583,627)
Bank 0.0 bounds: (608,620),(628,624),(626,635),(606,631)
of 0.0 bounds: (633,625),(643,627),(641,638),(631,636)
Hderibad 0.0 bounds: (645,626),(694,635),(692,647),(643,638)
SEH= 0.0 bounds: (148,540),(181,547),(179,558),(146,551)
e 0.0 bounds: (208,552),(212,553),(210,564),(206,563)
WE 0.0 bounds: (519,622),(536,625),(534,632),(518,629)
KNOW 0.0 bounds: (539,626),(571,633),(570,639),(538,633)
YOUR 0.0 bounds: (575,631),(608,638),(606,649),(573,642)
NEEDS 0.0 bounds: (611,638),(654,647),(652,658),(609,649)
PROT 0.0 bounds: (531,720),(562,727),(561,734),(529,727)
