LAND JUICE LAND
ICE CREAM SHAKE
VANILLA
MILK SHAKE
APPLE
PAPAYA
STRAWBERRY
CHOCOLATE
PISTA
BUTTERSCOTCH
dea
GRAPES
BANANA
CHIKOO
MANGO
dishty
MANGO
BLACKCURRANT
PURE JUICE
CARROT
MOSAMBI
ANAR
ORANGE
SHARJAH
CARROT
KIWI
GRAPES
COLD COFFEE
CUCUMBER
MUSK MELON
STRAWBERRY
PINEAPPLE
BUTTERSCOTCH
CHOCOLATE
AKE
RS
KS
85000
08109
OWICH
VICH
VICH
VICH
KIMI
KA BI HU35ll
 0.0 bounds: (48,211),(727,211),(727,689),(48,689)
LAND 0.0 bounds: (48,218),(181,216),(182,263),(49,265)
JUICE 0.0 bounds: (190,215),(291,213),(292,261),(191,263)
LAND 0.0 bounds: (302,213),(403,211),(404,259),(303,261)
ICE 0.0 bounds: (195,271),(222,269),(223,284),(196,286)
CREAM 0.0 bounds: (231,267),(289,263),(290,280),(232,284)
SHAKE 0.0 bounds: (294,262),(358,258),(359,275),(295,280)
VANILLA 0.0 bounds: (195,289),(245,289),(245,299),(195,299)
MILK 0.0 bounds: (57,266),(100,273),(97,292),(54,285)
SHAKE 0.0 bounds: (110,274),(161,282),(158,302),(107,294)
APPLE 0.0 bounds: (56,293),(92,297),(90,311),(54,307)
PAPAYA 0.0 bounds: (56,313),(107,320),(105,333),(54,326)
STRAWBERRY 0.0 bounds: (195,306),(270,303),(270,314),(195,317)
CHOCOLATE 0.0 bounds: (196,323),(271,320),(271,331),(196,334)
PISTA 0.0 bounds: (196,340),(226,340),(226,350),(196,350)
BUTTERSCOTCH 0.0 bounds: (197,355),(287,352),(287,363),(197,366)
dea 0.0 bounds: (657,317),(697,319),(696,331),(657,329)
GRAPES 0.0 bounds: (56,334),(104,338),(103,350),(55,346)
BANANA 0.0 bounds: (56,354),(111,358),(110,370),(55,366)
CHIKOO 0.0 bounds: (56,373),(108,377),(107,390),(55,386)
MANGO 0.0 bounds: (197,373),(247,372),(247,382),(197,383)
dishty 0.0 bounds: (701,386),(727,386),(727,392),(701,392)
MANGO 0.0 bounds: (55,394),(108,396),(108,408),(55,406)
BLACKCURRANT 0.0 bounds: (198,389),(295,386),(295,397),(198,400)
PURE 0.0 bounds: (199,406),(244,405),(244,418),(199,419)
JUICE 0.0 bounds: (250,404),(300,403),(300,416),(250,417)
CARROT 0.0 bounds: (55,415),(106,413),(106,425),(55,427)
MOSAMBI 0.0 bounds: (198,426),(257,426),(257,436),(198,436)
ANAR 0.0 bounds: (55,435),(91,434),(91,445),(55,446)
ORANGE 0.0 bounds: (199,444),(251,442),(251,453),(199,455)
SHARJAH 0.0 bounds: (56,452),(111,450),(112,467),(57,469)
CARROT 0.0 bounds: (199,461),(248,460),(248,469),(199,470)
KIWI 0.0 bounds: (55,476),(82,474),(83,485),(56,487)
GRAPES 0.0 bounds: (199,478),(245,477),(245,487),(199,488)
COLD 0.0 bounds: (55,496),(91,492),(92,504),(56,508)
COFFEE 0.0 bounds: (97,491),(139,486),(140,498),(98,503)
CUCUMBER 0.0 bounds: (199,494),(268,491),(268,503),(200,506)
MUSK 0.0 bounds: (54,516),(90,511),(91,524),(56,529)
MELON 0.0 bounds: (95,512),(137,506),(138,517),(97,523)
STRAWBERRY 0.0 bounds: (55,537),(132,524),(134,537),(57,550)
PINEAPPLE 0.0 bounds: (49,557),(119,544),(121,557),(51,570)
BUTTERSCOTCH 0.0 bounds: (49,576),(145,556),(148,572),(52,592)
CHOCOLATE 0.0 bounds: (49,597),(133,577),(136,593),(53,613)
AKE 0.0 bounds: (640,514),(659,515),(659,522),(640,521)
RS 0.0 bounds: (640,524),(655,524),(655,531),(640,531)
KS 0.0 bounds: (294,528),(314,528),(314,541),(294,541)
85000 0.0 bounds: (640,544),(665,544),(665,551),(640,551)
08109 0.0 bounds: (641,553),(665,553),(665,560),(641,560)
OWICH 0.0 bounds: (292,582),(330,583),(330,594),(292,593)
VICH 0.0 bounds: (286,600),(319,600),(319,610),(286,610)
VICH 0.0 bounds: (284,614),(318,614),(318,629),(284,629)
VICH 0.0 bounds: (283,631),(317,632),(317,647),(283,646)
KIMI 0.0 bounds: (55,637),(83,629),(86,641),(59,649)
KA 0.0 bounds: (571,648),(576,653),(572,657),(567,652)
BI 0.0 bounds: (578,656),(584,662),(580,665),(574,660)
HU35ll 0.0 bounds: (585,664),(605,684),(600,689),(580,669)
