R
ENGLISH
IE GYM
Kanica
DTDCA
rec
Drock
ereck
Engl
erect
erect
 0.0 bounds: (5,-1),(1024,-1),(1024,250),(5,250)
R 0.0 bounds: (858,7),(873,0),(880,14),(865,22)
ENGLISH 0.0 bounds: (873,51),(916,32),(922,45),(879,64)
IE 0.0 bounds: (938,47),(950,44),(954,59),(942,62)
GYM 0.0 bounds: (952,37),(1017,20),(1024,47),(959,64)
Kanica 0.0 bounds: (6,231),(47,233),(46,250),(5,248)
DTDCA 0.0 bounds: (798,128),(825,127),(825,135),(798,136)
rec 0.0 bounds: (724,168),(746,166),(746,172),(724,174)
Drock 0.0 bounds: (827,151),(848,151),(848,157),(827,157)
ereck 0.0 bounds: (732,187),(752,185),(753,192),(733,194)
Engl 0.0 bounds: (963,156),(994,151),(997,170),(966,176)
erect 0.0 bounds: (736,206),(754,204),(755,211),(737,213)
erect 0.0 bounds: (737,225),(759,223),(759,230),(738,232)
