WHEN YOU
PICK A SPORT
PICK MYNTRA.
Mntra
Long and La
Saterday
HOW CAN A
SCHOOL BE BUILT
27 MONTHS EARLIER?
Brun
INTEG
INDUSTRIA
KEF
 0.0 bounds: (59,9),(979,9),(979,405),(59,405)
WHEN 0.0 bounds: (819,33),(857,22),(860,31),(822,43)
YOU 0.0 bounds: (867,16),(889,10),(893,22),(871,28)
PICK 0.0 bounds: (820,42),(845,36),(847,43),(822,50)
A 0.0 bounds: (851,35),(859,33),(860,40),(853,42)
SPORT 0.0 bounds: (863,28),(908,17),(911,28),(866,40)
PICK 0.0 bounds: (817,49),(845,42),(848,53),(820,60)
MYNTRA. 0.0 bounds: (849,41),(907,27),(911,40),(852,55)
Mntra 0.0 bounds: (887,119),(976,108),(979,130),(890,141)
Long 0.0 bounds: (59,346),(72,346),(72,352),(59,352)
and 0.0 bounds: (74,346),(84,346),(84,351),(74,351)
La 0.0 bounds: (87,346),(92,346),(92,351),(87,351)
Saterday 0.0 bounds: (63,353),(89,353),(89,361),(63,361)
HOW 0.0 bounds: (489,242),(517,235),(520,246),(492,254)
CAN 0.0 bounds: (520,233),(535,229),(539,241),(523,246)
A 0.0 bounds: (540,228),(547,226),(550,238),(543,240)
SCHOOL 0.0 bounds: (493,251),(528,242),(531,253),(496,262)
BE 0.0 bounds: (533,240),(545,237),(547,248),(536,251)
BUILT 0.0 bounds: (549,237),(574,231),(577,243),(552,250)
27 0.0 bounds: (486,264),(502,260),(504,272),(489,276)
MONTHS 0.0 bounds: (505,259),(542,250),(545,263),(508,272)
EARLIER? 0.0 bounds: (546,253),(596,242),(598,250),(548,262)
Brun 0.0 bounds: (120,353),(138,353),(138,360),(120,360)
INTEG 0.0 bounds: (520,347),(551,329),(555,335),(524,353)
INDUSTRIA 0.0 bounds: (538,367),(595,321),(604,332),(547,378)
KEF 0.0 bounds: (577,394),(594,392),(595,403),(578,405)
