NINitesi
ACARA
అ
naడివిపోని &్వెడో
ELECTROER
uto d t
BENGALUM
BRANCH
ఎె్నినో బ్యాంకో
AXIS BANK
ONICS
ATM
AXIS
TRUGLOBAL
GAINNSGHT
A HE
 0.0 bounds: (242,14),(1014,14),(1014,446),(242,446)
NINitesi 0.0 bounds: (870,152),(1012,146),(1014,187),(872,193)
ACARA 0.0 bounds: (361,15),(421,53),(410,71),(350,33)
అ 0.0 bounds: (303,14),(317,20),(313,29),(299,23)
naడివిపోని 0.0 bounds: (473,91),(563,147),(551,166),(461,110)
&్వెడో 0.0 bounds: (564,153),(585,166),(577,180),(555,167)
ELECTROER 0.0 bounds: (363,164),(424,175),(421,191),(360,180)
uto 0.0 bounds: (342,53),(371,57),(370,66),(341,62)
d 0.0 bounds: (400,66),(410,71),(407,76),(397,71)
t 0.0 bounds: (415,73),(419,75),(417,81),(412,78)
BENGALUM 0.0 bounds: (461,188),(495,202),(493,207),(459,194)
BRANCH 0.0 bounds: (461,198),(485,208),(483,214),(458,205)
ఎె్నినో 0.0 bounds: (520,197),(551,213),(541,233),(510,216)
బ్యాంకో 0.0 bounds: (552,214),(581,230),(571,249),(542,233)
AXIS 0.0 bounds: (597,238),(616,251),(608,263),(589,251)
BANK 0.0 bounds: (620,252),(640,265),(632,278),(612,265)
ONICS 0.0 bounds: (399,182),(423,191),(421,198),(396,189)
ATM 0.0 bounds: (340,202),(366,210),(362,223),(336,214)
AXIS 0.0 bounds: (325,274),(348,279),(347,287),(323,282)
TRUGLOBAL 0.0 bounds: (264,349),(323,354),(322,365),(263,360)
GAINNSGHT 0.0 bounds: (324,437),(360,438),(360,446),(324,445)
A 0.0 bounds: (242,417),(247,417),(247,429),(242,429)
HE 0.0 bounds: (263,418),(305,419),(305,431),(263,430)
