GENTA A r fouc
ADOOR E ARABLAN DISHES
DIA
25595163
25598740
 0.0 bounds: (0,-2),(682,-2),(682,214),(0,214)
GENTA 0.0 bounds: (63,-2),(115,19),(106,40),(55,18)
A 0.0 bounds: (123,23),(138,29),(130,49),(115,42)
r 0.0 bounds: (163,40),(194,53),(186,72),(155,59)
fouc 0.0 bounds: (197,54),(219,63),(211,83),(189,73)
ADOOR 0.0 bounds: (4,8),(28,16),(24,28),(0,19)
E 0.0 bounds: (30,18),(36,20),(32,30),(26,28)
ARABLAN 0.0 bounds: (41,21),(76,33),(72,45),(37,32)
DISHES 0.0 bounds: (79,33),(105,42),(101,55),(75,45)
DIA 0.0 bounds: (625,136),(667,143),(663,173),(620,166)
25595163 0.0 bounds: (599,173),(679,165),(681,186),(601,194)
25598740 0.0 bounds: (601,197),(681,189),(682,206),(603,214)
