M
&
WHOLE SALE
ONS
ERS
TLERSEEXPORTERS
V
m
evellems
 0.0 bounds: (1,-8),(941,-8),(941,398),(1,398)
M 0.0 bounds: (1,63),(26,62),(26,77),(1,78)
& 0.0 bounds: (1,100),(27,100),(27,113),(1,113)
WHOLE 0.0 bounds: (228,90),(268,98),(267,104),(227,97)
SALE 0.0 bounds: (274,99),(300,104),(298,110),(273,105)
ONS 0.0 bounds: (6,117),(40,118),(40,137),(6,136)
ERS 0.0 bounds: (761,75),(865,-7),(891,27),(788,109)
TLERSEEXPORTERS 0.0 bounds: (750,191),(925,102),(940,133),(766,222)
V 0.0 bounds: (841,296),(854,296),(854,303),(841,303)
m 0.0 bounds: (753,373),(764,373),(764,379),(753,379)
evellems 0.0 bounds: (747,391),(771,391),(771,398),(747,398)
