E URNISI RS N
institute
ndine in USA& Canad
 0.0 bounds: (154,292),(1023,292),(1023,538),(154,538)
E 0.0 bounds: (921,316),(930,314),(933,329),(924,331)
URNISI 0.0 bounds: (932,313),(966,305),(970,320),(936,329)
RS 0.0 bounds: (974,303),(988,300),(991,314),(977,318)
N 0.0 bounds: (999,297),(1019,292),(1023,307),(1002,312)
institute 0.0 bounds: (818,332),(845,332),(845,339),(818,339)
ndine 0.0 bounds: (154,532),(174,531),(174,537),(154,538)
in 0.0 bounds: (176,533),(180,533),(180,537),(176,537)
USA& 0.0 bounds: (182,532),(198,531),(198,536),(182,537)
Canad 0.0 bounds: (200,531),(219,530),(219,535),(200,536)
