POLIC
NO PARKING
NO HALTING
TOW AWAY ZONE
OLICE
 0.0 bounds: (190,294),(1022,294),(1022,619),(190,619)
POLIC 0.0 bounds: (951,294),(1022,296),(1021,310),(951,308)
NO 0.0 bounds: (193,374),(209,374),(209,381),(193,381)
PARKING 0.0 bounds: (211,374),(237,375),(237,383),(211,382)
NO 0.0 bounds: (197,382),(207,382),(207,387),(197,387)
HALTING 0.0 bounds: (210,381),(238,382),(238,389),(210,388)
TOW 0.0 bounds: (190,405),(206,405),(206,412),(190,412)
AWAY 0.0 bounds: (208,406),(223,406),(223,412),(208,412)
ZONE 0.0 bounds: (225,406),(240,406),(240,413),(225,413)
OLICE 0.0 bounds: (898,598),(974,601),(973,619),(897,616)
