DHAN
SILK
ధేనేల్క్ష్మి సిల్సా
THIRUMALA SILKS
Bon dne De an
SRI HONN
KANCHI-CO
. Vishua's Silks
SHWA'S SILKS
ిలి కరువ నిజనలగిది
THIRUMALA SILKS
NO RIGHT TURN
dim
 0.0 bounds: (1,57),(1027,57),(1027,646),(1,646)
DHAN 0.0 bounds: (834,120),(1018,89),(1023,117),(839,148)
SILK 0.0 bounds: (921,136),(1013,123),(1016,144),(924,157)
ధేనేల్క్ష్మి 0.0 bounds: (857,84),(970,66),(974,90),(861,109)
సిల్సా 0.0 bounds: (977,65),(1023,57),(1027,77),(980,85)
THIRUMALA 0.0 bounds: (33,92),(106,160),(95,172),(22,104)
SILKS 0.0 bounds: (106,163),(135,190),(125,201),(96,174)
Bon 0.0 bounds: (850,384),(892,379),(896,411),(854,417)
dne 0.0 bounds: (894,378),(936,373),(940,406),(898,412)
De 0.0 bounds: (938,373),(976,368),(980,401),(942,406)
an 0.0 bounds: (991,365),(1019,361),(1023,395),(995,399)
SRI 0.0 bounds: (897,421),(951,416),(955,460),(901,465)
HONN 0.0 bounds: (954,416),(1019,410),(1023,453),(958,459)
KANCHI-CO 0.0 bounds: (846,415),(906,410),(907,423),(847,428)
. 0.0 bounds: (37,399),(45,402),(39,418),(30,415)
Vishua's 0.0 bounds: (47,403),(84,418),(77,435),(40,420)
Silks 0.0 bounds: (86,419),(109,429),(102,445),(79,436)
SHWA'S 0.0 bounds: (8,417),(67,438),(61,457),(1,436)
SILKS 0.0 bounds: (72,440),(114,455),(108,474),(65,459)
ిలి 0.0 bounds: (525,499),(545,499),(545,510),(525,510)
కరువ 0.0 bounds: (546,499),(571,499),(571,510),(546,510)
నిజనలగిది 0.0 bounds: (577,499),(632,499),(632,509),(577,509)
THIRUMALA 0.0 bounds: (28,513),(89,525),(85,544),(24,532)
SILKS 0.0 bounds: (91,526),(111,530),(107,549),(87,545)
NO 0.0 bounds: (519,552),(547,552),(547,571),(519,571)
RIGHT 0.0 bounds: (552,554),(594,554),(594,570),(552,570)
TURN 0.0 bounds: (601,556),(636,556),(636,571),(601,571)
dim 0.0 bounds: (732,638),(750,637),(750,645),(732,646)
