ड डाउज प्राखता
sTORNAA FINCTYSa
का पाटरि स्टेट
 0.0 bounds: (545,7),(898,7),(898,468),(545,468)
ड 0.0 bounds: (703,151),(711,145),(724,163),(716,169)
डाउज 0.0 bounds: (713,145),(734,130),(747,147),(726,163)
प्राखता 0.0 bounds: (737,126),(770,102),(784,121),(751,145)
sTORNAA 0.0 bounds: (818,444),(854,450),(852,461),(816,455)
FINCTYSa 0.0 bounds: (855,450),(897,457),(896,468),(853,461)
का 0.0 bounds: (545,222),(631,135),(664,168),(578,254)
पाटरि 0.0 bounds: (636,129),(694,70),(728,103),(669,162)
स्टेट 0.0 bounds: (702,62),(756,8),(790,42),(736,96)
