OSBI
Alive
India
2-2-2
OSHAL
GRACE GRACE
P.G PG
LADIES TADES
STH CROSS
11569314
60166490
2-2-209 oC
 0.0 bounds: (88,106),(537,106),(537,431),(88,431)
OSBI 0.0 bounds: (506,135),(537,143),(534,154),(503,146)
Alive 0.0 bounds: (361,106),(398,116),(393,132),(357,122)
India 0.0 bounds: (356,119),(395,131),(392,143),(352,130)
2-2-2 0.0 bounds: (283,182),(304,197),(297,207),(276,192)
OSHAL 0.0 bounds: (479,293),(534,300),(532,315),(477,308)
GRACE 0.0 bounds: (103,228),(134,243),(129,253),(98,239)
GRACE 0.0 bounds: (139,245),(165,257),(160,269),(133,257)
P.G 0.0 bounds: (97,243),(137,258),(129,281),(88,266)
PG 0.0 bounds: (138,259),(164,269),(156,291),(130,282)
LADIES 0.0 bounds: (106,272),(130,280),(127,288),(103,280)
TADES 0.0 bounds: (136,283),(159,291),(156,298),(133,291)
STH 0.0 bounds: (102,284),(113,287),(111,292),(101,290)
CROSS 0.0 bounds: (115,287),(128,290),(126,295),(114,292)
11569314 0.0 bounds: (98,304),(128,305),(128,312),(98,311)
60166490 0.0 bounds: (105,310),(130,314),(129,321),(104,317)
2-2-209 0.0 bounds: (271,415),(300,418),(299,431),(270,428)
oC 0.0 bounds: (303,420),(313,421),(312,431),(302,430)
