PUMA
TI T
INSPIRED BY
EXCELLENCE
EECELLENC
EXCELLENCE
 0.0 bounds: (499,254),(1007,254),(1007,403),(499,403)
PUMA 0.0 bounds: (970,256),(1005,254),(1005,265),(970,267)
TI 0.0 bounds: (499,354),(530,352),(531,372),(500,374)
T 0.0 bounds: (549,352),(564,351),(565,370),(550,371)
INSPIRED 0.0 bounds: (936,368),(970,367),(970,374),(936,375)
BY 0.0 bounds: (974,368),(983,368),(983,374),(974,374)
EXCELLENCE 0.0 bounds: (914,378),(1007,377),(1007,390),(914,391)
EECELLENC 0.0 bounds: (740,398),(769,398),(769,403),(740,403)
EXCELLENCE 0.0 bounds: (784,393),(829,393),(829,403),(784,403)
