VIOHANA SOLOHA
BMTC
dobedo
SLVP
BEST
100% FAT FREE
HeaLTHY Yummy
EGG WHITE
CUBE
 0.0 bounds: (36,272),(900,272),(900,399),(36,399)
VIOHANA 0.0 bounds: (792,280),(831,277),(832,289),(793,293)
SOLOHA 0.0 bounds: (836,276),(877,272),(878,285),(837,289)
BMTC 0.0 bounds: (794,305),(868,299),(869,313),(795,319)
dobedo 0.0 bounds: (805,322),(860,318),(860,325),(805,329)
SLVP 0.0 bounds: (39,342),(90,351),(87,367),(36,358)
BEST 0.0 bounds: (871,362),(900,361),(900,371),(871,372)
100% 0.0 bounds: (768,370),(787,369),(787,379),(768,380)
FAT 0.0 bounds: (791,368),(804,367),(804,375),(791,376)
FREE 0.0 bounds: (808,368),(827,367),(827,375),(808,376)
HeaLTHY 0.0 bounds: (768,379),(794,378),(794,385),(768,386)
Yummy 0.0 bounds: (804,378),(827,377),(827,383),(804,384)
EGG 0.0 bounds: (839,380),(861,379),(861,391),(839,392)
WHITE 0.0 bounds: (865,381),(897,380),(897,388),(865,389)
CUBE 0.0 bounds: (858,392),(879,392),(879,399),(858,399)
