Engineer
3
Borbsaado
ATTENTO e. NDRADUATESRADATE
an En
in 1 year."
Jetiing
uor
100
JOB
earntng Centers ED454811
 0.0 bounds: (76,109),(789,109),(789,401),(76,401)
Engineer 0.0 bounds: (747,323),(788,321),(789,332),(748,334)
3 0.0 bounds: (86,109),(130,133),(120,150),(77,126)
Borbsaado 0.0 bounds: (674,272),(734,271),(734,277),(674,278)
ATTENTO 0.0 bounds: (646,305),(673,303),(673,310),(646,312)
e. 0.0 bounds: (681,306),(692,305),(692,308),(681,309)
NDRADUATESRADATE 0.0 bounds: (698,302),(784,296),(784,303),(698,309)
an 0.0 bounds: (731,327),(745,326),(746,336),(732,337)
En 0.0 bounds: (747,326),(756,325),(757,333),(748,334)
in 0.0 bounds: (733,338),(748,337),(749,345),(734,346)
1 0.0 bounds: (750,336),(756,336),(757,347),(751,347)
year." 0.0 bounds: (758,335),(782,333),(783,344),(759,346)
Jetiing 0.0 bounds: (609,345),(643,343),(643,352),(609,354)
uor 0.0 bounds: (734,354),(753,353),(753,358),(734,359)
100 0.0 bounds: (614,361),(638,360),(638,367),(614,368)
JOB 0.0 bounds: (617,371),(639,370),(639,380),(617,381)
earntng 0.0 bounds: (648,395),(669,395),(669,401),(648,401)
Centers 0.0 bounds: (672,395),(693,395),(693,400),(672,400)
ED454811 0.0 bounds: (743,394),(777,393),(777,399),(743,400)
