B-TRAC
NO PARKING
NO LTING
GEN
Doubl
18884期
8074
TOW AWAY ZONE
GR
TAKE 'A' BREAK
VEG & NON VEG
96115
Restaurant
» BIRIYANI
» FRIED RICE
• VEG MEALS (THALI)
• FISH CURRY MEALS
• KERALA MEALS
• PAROTA
CHAPATHI
CHINESE
TANDOOR
JUICE
• MILKSHAKE
 0.0 bounds: (92,127),(615,127),(615,644),(92,644)
B-TRAC 0.0 bounds: (128,127),(168,137),(165,147),(125,138)
NO 0.0 bounds: (109,151),(127,155),(124,169),(106,165)
PARKING 0.0 bounds: (133,158),(185,170),(181,183),(130,171)
NO 0.0 bounds: (106,167),(134,174),(130,191),(102,183)
LTING 0.0 bounds: (121,174),(175,188),(172,201),(118,188)
GEN 0.0 bounds: (586,177),(613,177),(613,195),(586,195)
Doubl 0.0 bounds: (587,195),(610,195),(610,201),(587,201)
18884 0.0 bounds: (582,210),(604,210),(604,220),(582,220)
期 0.0 bounds: (606,210),(611,210),(611,220),(606,220)
8074 0.0 bounds: (585,219),(615,220),(615,229),(585,228)
TOW 0.0 bounds: (94,234),(126,238),(124,256),(92,252)
AWAY 0.0 bounds: (129,243),(153,246),(152,257),(128,254)
ZONE 0.0 bounds: (158,242),(182,245),(180,262),(156,259)
GR 0.0 bounds: (596,332),(608,332),(608,338),(596,338)
TAKE 0.0 bounds: (434,362),(475,363),(475,375),(434,374)
'A' 0.0 bounds: (480,363),(498,363),(498,375),(480,375)
BREAK 0.0 bounds: (504,363),(552,364),(552,376),(504,375)
VEG 0.0 bounds: (424,381),(460,381),(460,394),(424,394)
& 0.0 bounds: (468,381),(478,381),(478,394),(468,394)
NON 0.0 bounds: (486,381),(525,381),(525,393),(486,393)
VEG 0.0 bounds: (529,382),(554,382),(554,394),(529,394)
96115 0.0 bounds: (592,394),(611,394),(611,400),(592,400)
Restaurant 0.0 bounds: (464,400),(525,399),(525,408),(464,409)
» 0.0 bounds: (413,424),(420,424),(420,436),(413,436)
BIRIYANI 0.0 bounds: (419,425),(460,424),(460,435),(419,436)
» 0.0 bounds: (411,445),(419,445),(419,458),(411,458)
FRIED 0.0 bounds: (419,445),(444,444),(444,456),(419,457)
RICE 0.0 bounds: (448,445),(469,444),(469,454),(448,455)
• 0.0 bounds: (414,466),(421,466),(422,479),(415,479)
VEG 0.0 bounds: (423,465),(438,464),(439,478),(424,479)
MEALS 0.0 bounds: (439,465),(468,463),(469,475),(440,477)
(THALI) 0.0 bounds: (472,464),(503,462),(504,473),(473,475)
• 0.0 bounds: (411,487),(419,486),(420,499),(412,500)
FISH 0.0 bounds: (421,486),(440,485),(441,499),(422,500)
CURRY 0.0 bounds: (442,485),(473,483),(474,497),(443,499)
MEALS 0.0 bounds: (477,482),(503,480),(504,494),(478,496)
• 0.0 bounds: (409,507),(417,506),(418,519),(410,520)
KERALA 0.0 bounds: (419,506),(452,503),(453,517),(420,520)
MEALS 0.0 bounds: (456,503),(485,500),(486,513),(457,516)
• 0.0 bounds: (409,528),(418,527),(419,540),(410,541)
PAROTA 0.0 bounds: (416,528),(453,525),(454,536),(417,539)
CHAPATHI 0.0 bounds: (411,549),(463,542),(464,555),(413,562)
CHINESE 0.0 bounds: (415,570),(456,565),(457,576),(416,581)
TANDOOR 0.0 bounds: (409,590),(463,584),(464,597),(411,603)
JUICE 0.0 bounds: (414,611),(441,607),(442,618),(416,622)
• 0.0 bounds: (407,631),(415,630),(417,643),(409,644)
MILKSHAKE 0.0 bounds: (413,631),(467,623),(469,634),(415,642)
