NATARAJA ENTERPRISSES
so da
లో హో, ఒర్వ ప్రయనసా
S.R.S SILK Traders
nO ESALE SHOW ROOM
KAKRENIN
UNI
FORM
POREA
ENTERPRISES
జ.ఎనో.కతి్ సన
Son
Jeweierg
GOLD
 0.0 bounds: (211,60),(1011,60),(1011,332),(211,332)
NATARAJA 0.0 bounds: (300,60),(350,92),(340,107),(290,75)
ENTERPRISSES 0.0 bounds: (352,92),(406,126),(396,142),(342,107)
so 0.0 bounds: (987,244),(998,242),(999,249),(988,251)
da 0.0 bounds: (1002,242),(1010,241),(1011,248),(1003,249)
లో 0.0 bounds: (313,129),(358,153),(350,167),(305,143)
హో, 0.0 bounds: (357,158),(371,166),(367,174),(353,166)
ఒర్వ 0.0 bounds: (375,164),(388,171),(380,186),(367,179)
ప్రయనసా 0.0 bounds: (389,171),(410,182),(402,197),(381,186)
S.R.S 0.0 bounds: (311,153),(341,168),(334,180),(305,166)
SILK 0.0 bounds: (348,170),(371,181),(363,198),(340,186)
Traders 0.0 bounds: (373,183),(408,200),(400,217),(365,200)
nO 0.0 bounds: (322,182),(340,190),(337,197),(319,189)
ESALE 0.0 bounds: (344,191),(358,197),(355,203),(341,197)
SHOW 0.0 bounds: (362,198),(377,204),(374,212),(359,205)
ROOM 0.0 bounds: (379,206),(394,212),(391,220),(376,213)
KAKRENIN 0.0 bounds: (310,185),(337,196),(334,203),(307,191)
UNI 0.0 bounds: (632,264),(660,264),(660,287),(632,287)
FORM 0.0 bounds: (634,286),(671,286),(671,310),(634,310)
POREA 0.0 bounds: (309,195),(333,201),(331,208),(307,202)
ENTERPRISES 0.0 bounds: (211,190),(254,188),(255,199),(212,201)
జ.ఎనో.కతి్ 0.0 bounds: (305,268),(374,285),(370,299),(302,282)
సన 0.0 bounds: (377,287),(388,290),(384,302),(374,300)
Son 0.0 bounds: (385,306),(410,311),(406,328),(382,323)
Jeweierg 0.0 bounds: (337,317),(374,319),(373,332),(336,330)
GOLD 0.0 bounds: (286,321),(298,323),(297,329),(285,327)
