No.52, Stephens Road Wo
Na ar Ordu University Code:062
WOMEN
Oler
Am ommrce &Scice
PUC
Soke
ersi B.ComVoci, BA. B.S.
Degree
BComipnen
BBA SCA
Poaduate
Evening
M.Com. PGoBA
:B.Com Timings: 530 PM to 30 PM
STUDY CENTER
2. IGNOUMaulana A
ra Gandhi
MANU
Un y
shversity-Code 139
Hasan pen
005. P ES83 62
 0.0 bounds: (36,108),(285,108),(285,271),(36,271)
No.52, 0.0 bounds: (38,204),(65,211),(63,219),(36,212)
Stephens 0.0 bounds: (67,212),(96,221),(93,228),(65,220)
Road 0.0 bounds: (101,222),(119,225),(118,232),(100,230)
Wo 0.0 bounds: (139,224),(152,224),(152,231),(139,231)
Na 0.0 bounds: (118,205),(140,206),(140,213),(118,212)
ar 0.0 bounds: (156,209),(170,212),(168,218),(155,215)
Ordu 0.0 bounds: (171,211),(184,214),(182,222),(169,219)
University 0.0 bounds: (186,215),(220,224),(218,231),(184,222)
Code:062 0.0 bounds: (229,227),(260,236),(258,243),(227,234)
WOMEN 0.0 bounds: (238,117),(285,134),(281,145),(234,127)
Oler 0.0 bounds: (176,132),(192,138),(189,145),(173,140)
Am 0.0 bounds: (138,130),(150,134),(148,142),(135,138)
ommrce 0.0 bounds: (165,139),(193,149),(191,157),(162,147)
&Scice 0.0 bounds: (196,151),(225,161),(223,169),(193,159)
PUC 0.0 bounds: (62,108),(76,113),(74,118),(60,114)
Soke 0.0 bounds: (196,151),(215,157),(213,163),(194,157)
ersi 0.0 bounds: (176,154),(187,158),(185,165),(173,162)
B.ComVoci, 0.0 bounds: (196,161),(235,174),(232,182),(193,169)
BA. 0.0 bounds: (234,176),(245,180),(244,184),(233,180)
B.S. 0.0 bounds: (251,182),(262,186),(261,190),(250,186)
Degree 0.0 bounds: (59,118),(84,126),(81,133),(57,125)
BComipnen 0.0 bounds: (135,143),(188,159),(186,165),(133,149)
BBA 0.0 bounds: (133,153),(151,158),(150,163),(132,158)
SCA 0.0 bounds: (157,161),(175,166),(174,172),(155,167)
Poaduate 0.0 bounds: (54,140),(102,152),(100,161),(52,149)
Evening 0.0 bounds: (52,147),(82,157),(80,163),(50,153)
M.Com. 0.0 bounds: (129,162),(157,171),(155,176),(127,168)
PGoBA 0.0 bounds: (160,172),(186,180),(184,186),(158,178)
:B.Com 0.0 bounds: (128,172),(151,179),(149,186),(126,179)
Timings: 0.0 bounds: (157,181),(185,189),(183,196),(155,188)
530 0.0 bounds: (188,191),(199,195),(198,200),(186,197)
PM 0.0 bounds: (205,194),(213,196),(210,204),(203,202)
to 0.0 bounds: (216,198),(222,200),(220,206),(214,205)
30 0.0 bounds: (223,204),(234,208),(233,211),(222,208)
PM 0.0 bounds: (239,207),(247,209),(246,212),(238,210)
STUDY 0.0 bounds: (132,184),(156,192),(153,201),(129,193)
CENTER 0.0 bounds: (160,193),(184,201),(180,211),(157,202)
2. 0.0 bounds: (37,181),(48,182),(47,189),(36,188)
IGNOUMaulana 0.0 bounds: (49,182),(112,190),(111,199),(48,191)
A 0.0 bounds: (116,192),(120,193),(119,199),(115,199)
ra 0.0 bounds: (92,193),(103,196),(101,203),(90,200)
Gandhi 0.0 bounds: (105,196),(129,203),(127,212),(102,205)
MANU 0.0 bounds: (47,174),(73,182),(71,187),(45,180)
Un 0.0 bounds: (173,223),(193,223),(193,229),(173,229)
y 0.0 bounds: (207,224),(221,224),(221,230),(207,230)
shversity-Code 0.0 bounds: (191,224),(242,238),(240,245),(189,231)
139 0.0 bounds: (245,240),(257,243),(255,249),(243,246)
Hasan 0.0 bounds: (108,215),(128,216),(128,224),(108,223)
pen 0.0 bounds: (162,218),(180,219),(180,227),(162,226)
005. 0.0 bounds: (174,242),(192,247),(190,255),(172,250)
P 0.0 bounds: (195,248),(200,249),(198,256),(193,255)
ES83 0.0 bounds: (215,253),(239,259),(237,267),(213,261)
62 0.0 bounds: (239,262),(253,266),(252,271),(238,267)
