prtis
Ch to
80 o
ana Ave
YCalt 04 65000
bnald
EUTRY
555 TMT
 0.0 bounds: (394,130),(890,130),(890,323),(394,323)
prtis 0.0 bounds: (642,132),(662,130),(663,140),(643,142)
Ch 0.0 bounds: (611,161),(622,160),(623,164),(612,166)
to 0.0 bounds: (627,159),(633,158),(634,164),(628,165)
80 0.0 bounds: (780,153),(800,148),(805,164),(784,169)
o 0.0 bounds: (802,148),(805,147),(809,163),(806,163)
ana 0.0 bounds: (605,184),(621,182),(622,188),(606,190)
Ave 0.0 bounds: (624,181),(634,180),(635,187),(625,188)
YCalt 0.0 bounds: (577,223),(591,221),(592,229),(578,231)
04 0.0 bounds: (594,221),(608,219),(609,228),(595,230)
65000 0.0 bounds: (610,219),(625,217),(626,224),(611,226)
bnald 0.0 bounds: (846,205),(886,194),(890,210),(850,220)
EUTRY 0.0 bounds: (676,268),(695,266),(696,272),(677,274)
555 0.0 bounds: (394,312),(411,310),(412,321),(395,323)
TMT 0.0 bounds: (414,310),(437,308),(438,319),(415,321)
