6-7 december. 2014
the leela palane gae
Swamy Wvekananda Road
 0.0 bounds: (110,142),(315,142),(315,467),(110,467)
6-7 0.0 bounds: (118,142),(140,147),(137,161),(115,156)
december. 0.0 bounds: (144,149),(204,163),(202,175),(141,162)
2014 0.0 bounds: (206,163),(229,168),(227,181),(203,176)
the 0.0 bounds: (113,157),(134,162),(132,174),(110,169)
leela 0.0 bounds: (137,163),(165,169),(163,181),(134,175)
palane 0.0 bounds: (166,169),(203,177),(200,190),(163,182)
gae 0.0 bounds: (207,178),(257,189),(254,202),(204,191)
Swamy 0.0 bounds: (232,450),(257,451),(257,466),(232,465)
Wvekananda 0.0 bounds: (259,452),(294,453),(294,464),(259,463)
Road 0.0 bounds: (297,453),(315,453),(315,467),(297,467)
