10LEY
ORIFLAME
PAT
WES
ST.PAT
OCOME, LA USADORE HIM
NEKIS CHURCH
 0.0 bounds: (33,145),(1024,145),(1024,410),(33,410)
10LEY 0.0 bounds: (42,145),(100,168),(93,184),(35,162)
ORIFLAME 0.0 bounds: (38,205),(104,228),(100,240),(34,217)
PAT 0.0 bounds: (994,172),(1020,161),(1023,170),(997,180)
WES 0.0 bounds: (57,231),(77,237),(76,241),(56,235)
ST.PAT 0.0 bounds: (972,222),(1016,201),(1024,216),(979,237)
OCOME, 0.0 bounds: (797,271),(825,257),(832,272),(805,286)
LA 0.0 bounds: (827,256),(835,252),(843,267),(835,271)
USADORE 0.0 bounds: (838,250),(874,232),(882,248),(846,266)
HIM 0.0 bounds: (875,232),(888,225),(896,241),(883,247)
NEKIS 0.0 bounds: (724,400),(747,398),(748,408),(725,410)
CHURCH 0.0 bounds: (749,399),(771,398),(772,407),(750,408)
