Introducing the world's best processor
in a thin and light laptop
intel
CORA
A I DI S A
GALORE SOLF E
 0.0 bounds: (2,239),(830,239),(830,342),(2,342)
Introducing 0.0 bounds: (616,244),(671,248),(670,259),(615,255)
the 0.0 bounds: (675,251),(688,252),(687,259),(675,258)
world's 0.0 bounds: (692,251),(724,253),(723,261),(691,259)
best 0.0 bounds: (728,254),(746,255),(746,261),(728,260)
processor 0.0 bounds: (750,256),(794,259),(793,267),(749,264)
in 0.0 bounds: (620,258),(629,259),(628,267),(619,266)
a 0.0 bounds: (631,259),(632,259),(632,266),(631,266)
thin 0.0 bounds: (633,260),(644,261),(644,265),(633,264)
and 0.0 bounds: (646,260),(657,261),(657,266),(646,265)
light 0.0 bounds: (660,261),(672,262),(672,269),(660,268)
laptop 0.0 bounds: (675,261),(694,262),(694,269),(675,268)
intel 0.0 bounds: (508,239),(526,239),(526,245),(508,245)
CORA 0.0 bounds: (807,264),(829,265),(829,270),(807,269)
A 0.0 bounds: (519,290),(543,292),(542,299),(518,297)
I 0.0 bounds: (611,297),(626,298),(625,305),(610,304)
DI 0.0 bounds: (695,304),(711,305),(711,310),(695,309)
S 0.0 bounds: (808,311),(811,311),(810,318),(807,318)
A 0.0 bounds: (828,313),(830,313),(829,320),(827,320)
GALORE 0.0 bounds: (5,306),(54,316),(51,332),(2,322)
SOLF 0.0 bounds: (62,318),(85,323),(81,337),(59,333)
E 0.0 bounds: (87,323),(106,327),(103,342),(84,338)
