Sudai siia
SILKS
Swihche maine
COCHEREN ESSED EIC IN
mSARF
ADYMADE
Sithe
IP
PRADE
CHANDAN ELECTRICAL
$665 SHICKPET BANGALORE S 151 Ph 2
PLC
PHA
 0.0 bounds: (-1,0),(1008,0),(1008,389),(-1,389)
Sudai 0.0 bounds: (747,7),(795,3),(796,15),(748,19)
siia 0.0 bounds: (803,2),(826,0),(827,12),(804,14)
SILKS 0.0 bounds: (829,48),(870,44),(871,60),(830,64)
Swihche 0.0 bounds: (162,4),(204,43),(193,54),(151,16)
maine 0.0 bounds: (206,45),(249,85),(238,97),(195,57)
COCHEREN 0.0 bounds: (132,45),(175,78),(161,96),(118,62)
ESSED 0.0 bounds: (177,79),(210,105),(196,123),(163,97)
EIC 0.0 bounds: (216,111),(252,139),(239,156),(203,128)
IN 0.0 bounds: (292,170),(307,182),(294,198),(279,187)
mSARF 0.0 bounds: (17,42),(90,87),(74,114),(0,69)
ADYMADE 0.0 bounds: (358,123),(413,121),(414,138),(359,140)
Sithe 0.0 bounds: (903,259),(936,252),(940,268),(907,276)
IP 0.0 bounds: (586,239),(604,238),(605,250),(587,251)
PRADE 0.0 bounds: (587,253),(609,252),(609,261),(587,262)
CHANDAN 0.0 bounds: (126,172),(249,232),(227,277),(104,217)
ELECTRICAL 0.0 bounds: (252,234),(358,285),(337,330),(231,278)
$665 0.0 bounds: (88,213),(111,223),(107,234),(83,224)
SHICKPET 0.0 bounds: (113,223),(156,240),(151,253),(108,235)
BANGALORE 0.0 bounds: (159,244),(202,262),(199,270),(156,252)
S 0.0 bounds: (204,263),(210,265),(206,275),(200,272)
151 0.0 bounds: (218,269),(227,273),(224,281),(215,277)
Ph 0.0 bounds: (230,273),(239,277),(236,285),(227,281)
2 0.0 bounds: (251,279),(256,281),(251,293),(246,291)
PLC 0.0 bounds: (978,344),(1008,343),(1008,355),(978,356)
PHA 0.0 bounds: (440,356),(522,354),(523,387),(441,389)
