41
KINGFISHER
పీ రింటో
THE CHARIOT
VEG RESTAURANT
VEG
8IRAO
CHIN LUNG
STRO PUB
8IRAO
CHA OT VEG
BRIGA DE FOO
 0.0 bounds: (25,96),(1014,96),(1014,415),(25,415)
41 0.0 bounds: (26,96),(63,97),(62,136),(25,135)
KINGFISHER 0.0 bounds: (113,143),(520,159),(516,251),(109,235)
పీ 0.0 bounds: (894,292),(911,292),(911,300),(894,300)
రింటో 0.0 bounds: (940,291),(956,291),(956,303),(940,303)
THE 0.0 bounds: (892,305),(915,305),(915,318),(892,318)
CHARIOT 0.0 bounds: (919,305),(960,305),(960,318),(919,318)
VEG 0.0 bounds: (892,321),(908,321),(908,327),(892,327)
RESTAURANT 0.0 bounds: (912,318),(963,317),(963,327),(912,328)
VEG 0.0 bounds: (987,306),(1014,307),(1013,340),(986,339)
8IRAO 0.0 bounds: (101,350),(273,351),(273,390),(101,389)
CHIN 0.0 bounds: (321,359),(348,359),(348,370),(321,370)
LUNG 0.0 bounds: (352,359),(383,359),(383,370),(352,370)
STRO 0.0 bounds: (337,373),(357,373),(357,383),(337,383)
PUB 0.0 bounds: (359,373),(370,373),(370,383),(359,383)
8IRAO 0.0 bounds: (428,352),(579,353),(579,394),(428,393)
CHA 0.0 bounds: (776,385),(841,386),(841,406),(776,405)
OT 0.0 bounds: (861,386),(892,387),(892,408),(861,407)
VEG 0.0 bounds: (901,386),(943,387),(943,409),(901,408)
BRIGA 0.0 bounds: (469,403),(533,401),(533,413),(469,415)
DE 0.0 bounds: (559,400),(578,399),(578,411),(559,412)
FOO 0.0 bounds: (585,399),(626,398),(626,411),(585,412)
