a GOVT OF INDIA
এ भारत सरकार
TATA MINISTRY OF DEFENCE Leligo
 0.0 bounds: (338,343),(561,343),(561,385),(338,385)
a 0.0 bounds: (338,373),(344,372),(345,384),(339,385)
GOVT 0.0 bounds: (349,372),(368,370),(369,383),(350,385)
OF 0.0 bounds: (372,372),(382,371),(383,381),(373,382)
INDIA 0.0 bounds: (386,370),(408,368),(409,379),(387,381)
এ 0.0 bounds: (430,354),(449,352),(450,363),(431,365)
भारत 0.0 bounds: (453,351),(478,348),(479,358),(454,361)
सरकार 0.0 bounds: (484,347),(519,343),(520,355),(485,359)
TATA 0.0 bounds: (427,365),(452,363),(453,373),(428,375)
MINISTRY 0.0 bounds: (456,364),(483,361),(484,368),(457,371)
OF 0.0 bounds: (486,361),(492,360),(493,366),(487,367)
DEFENCE 0.0 bounds: (495,360),(521,358),(522,365),(496,367)
Leligo 0.0 bounds: (525,357),(560,354),(561,364),(526,367)
