EYE
శ్రీఆ లక్షఅనారాయణ ఐ శరా
SRI LAKSHMINARAYANA EYE CARE
Mcaile: 98450 91157
Dr. N.T. Babu, Maas. DOMS. FGO
CONSULTANT EYE SURGEON
CARE
Timings: 09.3O AM- 0S.00 PM Sunday : 10.00 AM -01.00 PM
Specellty ys Cere
167 h CROSS, 4th MAIN, CHAMRAJPEL BANGALORE 50 018
usind
Rank
MORK HOME
99估個
ATM
Aer
LUMINO
 0.0 bounds: (36,130),(793,130),(793,493),(36,493)
EYE 0.0 bounds: (433,144),(486,130),(498,176),(445,190)
శ్రీఆ 0.0 bounds: (180,151),(206,157),(202,179),(175,173)
లక్షఅనారాయణ 0.0 bounds: (217,161),(346,189),(341,212),(212,184)
ఐ 0.0 bounds: (356,196),(368,199),(365,210),(353,208)
శరా 0.0 bounds: (378,197),(414,205),(411,221),(374,214)
SRI 0.0 bounds: (45,153),(87,162),(82,187),(40,177)
LAKSHMINARAYANA 0.0 bounds: (96,164),(327,214),(321,240),(90,189)
EYE 0.0 bounds: (330,218),(363,225),(358,249),(325,241)
CARE 0.0 bounds: (370,227),(413,236),(409,255),(366,246)
Mcaile: 0.0 bounds: (349,179),(374,185),(373,190),(348,184)
98450 0.0 bounds: (376,185),(400,191),(399,197),(375,191)
91157 0.0 bounds: (403,193),(418,197),(417,202),(402,198)
Dr. 0.0 bounds: (41,183),(59,187),(56,197),(39,193)
N.T. 0.0 bounds: (64,187),(87,192),(85,203),(62,198)
Babu, 0.0 bounds: (92,193),(127,201),(125,210),(90,203)
Maas. 0.0 bounds: (131,201),(166,209),(164,220),(128,213)
DOMS. 0.0 bounds: (168,209),(197,215),(195,226),(166,220)
FGO 0.0 bounds: (196,218),(208,221),(206,226),(195,224)
CONSULTANT 0.0 bounds: (38,199),(90,210),(89,216),(37,206)
EYE 0.0 bounds: (93,208),(107,211),(105,218),(92,215)
SURGEON 0.0 bounds: (110,212),(145,219),(144,225),(109,218)
CARE 0.0 bounds: (428,189),(483,179),(491,222),(435,231)
Timings: 0.0 bounds: (209,232),(243,239),(242,246),(207,240)
09.3O 0.0 bounds: (247,240),(265,243),(264,248),(246,245)
AM- 0.0 bounds: (269,245),(284,248),(283,252),(268,249)
0S.00 0.0 bounds: (286,245),(307,249),(305,258),(284,254)
PM 0.0 bounds: (309,249),(320,251),(318,261),(307,259)
Sunday 0.0 bounds: (322,255),(345,259),(343,265),(321,261)
: 0.0 bounds: (350,257),(354,258),(352,267),(348,266)
10.00 0.0 bounds: (356,261),(370,264),(369,269),(355,266)
AM 0.0 bounds: (374,264),(383,266),(382,271),(373,269)
-01.00 0.0 bounds: (387,264),(406,268),(404,277),(385,274)
PM 0.0 bounds: (408,268),(416,270),(414,278),(406,277)
Specellty 0.0 bounds: (316,237),(368,247),(366,260),(314,250)
ys 0.0 bounds: (370,248),(392,252),(390,263),(368,259)
Cere 0.0 bounds: (394,253),(412,256),(410,267),(392,264)
167 0.0 bounds: (102,225),(122,229),(120,238),(100,235)
h 0.0 bounds: (129,230),(145,233),(143,243),(127,240)
CROSS, 0.0 bounds: (151,234),(186,240),(185,250),(149,244)
4th 0.0 bounds: (188,240),(199,242),(197,253),(186,251)
MAIN, 0.0 bounds: (205,243),(236,248),(234,259),(203,254)
CHAMRAJPEL 0.0 bounds: (238,249),(288,258),(286,269),(236,260)
BANGALORE 0.0 bounds: (295,259),(340,267),(338,278),(293,270)
50 0.0 bounds: (347,269),(366,272),(364,283),(345,280)
018 0.0 bounds: (368,273),(374,274),(372,285),(366,284)
usind 0.0 bounds: (766,361),(793,360),(793,369),(766,370)
Rank 0.0 bounds: (767,370),(790,369),(790,376),(767,377)
MORK 0.0 bounds: (642,358),(677,358),(677,381),(642,381)
HOME 0.0 bounds: (679,358),(713,358),(713,381),(679,381)
99 0.0 bounds: (640,385),(676,384),(677,411),(641,412)
估 0.0 bounds: (678,384),(695,384),(696,411),(679,411)
個 0.0 bounds: (697,383),(714,383),(715,410),(698,410)
ATM 0.0 bounds: (775,383),(791,382),(791,388),(775,389)
Aer 0.0 bounds: (109,468),(124,468),(124,475),(109,475)
LUMINO 0.0 bounds: (109,480),(176,480),(176,493),(109,493)
