Sun City
TURB
Styp
SOUND O K HORN
 0.0 bounds: (177,139),(988,139),(988,510),(177,510)
Sun 0.0 bounds: (572,146),(589,142),(591,152),(574,156)
City 0.0 bounds: (590,143),(604,140),(606,149),(592,152)
TURB 0.0 bounds: (940,161),(979,139),(988,155),(949,177)
Styp 0.0 bounds: (177,493),(200,489),(203,506),(180,510)
SOUND 0.0 bounds: (220,481),(247,475),(251,490),(223,496)
O 0.0 bounds: (249,475),(266,471),(269,486),(252,490)
K 0.0 bounds: (279,468),(295,465),(298,478),(282,482)
HORN 0.0 bounds: (299,466),(327,460),(330,472),(302,478)
