ప్యర్యర పేయెన
3EAAE
ANSHIN
127 YEARS
OF TIMELESS
CLASSICS
TINCE
SMI
onarch
M Beial
CE 1892
MI US
O RSHE-MI
 0.0 bounds: (1,-4),(963,-4),(963,352),(1,352)
ప్యర్యర 0.0 bounds: (154,-4),(199,30),(182,53),(137,19)
పేయెన 0.0 bounds: (201,32),(235,58),(218,81),(184,55)
3EAAE 0.0 bounds: (916,214),(957,196),(963,209),(922,227)
ANSHIN 0.0 bounds: (278,142),(310,143),(310,154),(278,153)
127 0.0 bounds: (130,139),(149,148),(141,164),(122,155)
YEARS 0.0 bounds: (151,147),(176,159),(168,176),(143,164)
OF 0.0 bounds: (134,161),(143,165),(138,178),(129,174)
TIMELESS 0.0 bounds: (145,166),(182,181),(176,195),(139,180)
CLASSICS 0.0 bounds: (133,177),(171,193),(163,211),(125,194)
TINCE 0.0 bounds: (182,284),(196,287),(194,296),(180,293)
SMI 0.0 bounds: (2,266),(28,265),(28,273),(2,274)
onarch 0.0 bounds: (444,333),(473,328),(474,338),(446,343)
M 0.0 bounds: (451,342),(455,342),(455,352),(451,352)
Beial 0.0 bounds: (461,342),(474,342),(474,352),(461,352)
CE 0.0 bounds: (30,278),(45,277),(45,286),(30,287)
1892 0.0 bounds: (49,277),(78,276),(78,286),(49,287)
MI 0.0 bounds: (1,318),(22,318),(22,329),(1,329)
US 0.0 bounds: (24,318),(36,318),(36,330),(24,330)
O 0.0 bounds: (61,6),(60,43),(33,42),(34,5)
RSHE-MI 0.0 bounds: (60,45),(56,261),(28,260),(32,44)
