PR
Show
O SENCO
SHREYA GHOSHAL
SAT 17 FEB
PHOENIX MARKETCITY
WHITEFIELD MAIN RORD. BANDALORS
LANSHMI VILAS BAN
TRUSTED ACROSS
GENERATIONS
 0.0 bounds: (49,-2),(516,-2),(516,442),(49,442)
PR 0.0 bounds: (480,13),(495,18),(492,27),(477,23)
Show 0.0 bounds: (93,-2),(127,4),(126,14),(91,8)
O 0.0 bounds: (445,35),(456,37),(453,53),(442,51)
SENCO 0.0 bounds: (458,38),(493,44),(491,60),(455,54)
SHREYA 0.0 bounds: (57,109),(289,154),(281,196),(49,151)
GHOSHAL 0.0 bounds: (303,155),(516,196),(508,237),(295,196)
SAT 0.0 bounds: (254,202),(300,210),(297,228),(251,221)
17 0.0 bounds: (308,212),(331,216),(328,232),(305,228)
FEB 0.0 bounds: (340,217),(383,224),(381,240),(337,233)
PHOENIX 0.0 bounds: (210,238),(315,252),(313,266),(208,252)
MARKETCITY 0.0 bounds: (327,255),(446,271),(444,284),(325,268)
WHITEFIELD 0.0 bounds: (336,271),(368,275),(367,281),(335,277)
MAIN 0.0 bounds: (375,275),(390,277),(389,284),(374,282)
RORD. 0.0 bounds: (394,277),(409,279),(408,286),(393,284)
BANDALORS 0.0 bounds: (411,279),(444,283),(443,290),(410,286)
LANSHMI 0.0 bounds: (214,381),(248,377),(249,386),(215,390)
VILAS 0.0 bounds: (250,377),(272,375),(273,383),(251,385)
BAN 0.0 bounds: (275,375),(296,373),(297,381),(276,383)
TRUSTED 0.0 bounds: (67,410),(121,410),(121,428),(67,428)
ACROSS 0.0 bounds: (126,411),(169,411),(169,428),(126,428)
GENERATIONS 0.0 bounds: (86,426),(158,425),(158,441),(86,442)
