Maua FAN
SILK
SAREES
d ed MENS SQUARES
Raymond
GRT
 0.0 bounds: (2,106),(1034,106),(1034,548),(2,548)
Maua 0.0 bounds: (839,222),(959,142),(981,175),(861,255)
FAN 0.0 bounds: (961,140),(1011,107),(1034,141),(984,174)
SILK 0.0 bounds: (277,248),(296,248),(296,255),(277,255)
SAREES 0.0 bounds: (272,257),(299,257),(299,266),(272,266)
d 0.0 bounds: (24,272),(32,274),(28,287),(20,284)
ed 0.0 bounds: (47,278),(61,282),(58,296),(43,291)
MENS 0.0 bounds: (67,284),(85,289),(81,303),(63,297)
SQUARES 0.0 bounds: (87,290),(112,297),(108,310),(83,302)
Raymond 0.0 bounds: (10,300),(90,320),(82,350),(2,330)
GRT 0.0 bounds: (27,532),(52,530),(53,546),(28,548)
