VAL ORS
Wholesale Dealets in i tet 8uh Bareas & faney Boraes
Prints
Aly HIDS Style
IBUTO
మోయో జంన్లో
1 RuuBuldg o e
ON
Maohi Paiouse
O OLA
AUTO BOLE TOH
OLA AUTO
29
ARASSANN
 0.0 bounds: (0,118),(646,118),(646,554),(0,554)
VAL 0.0 bounds: (374,120),(392,118),(392,124),(375,126)
ORS 0.0 bounds: (395,121),(410,120),(410,123),(395,124)
Wholesale 0.0 bounds: (4,122),(50,142),(46,151),(0,131)
Dealets 0.0 bounds: (54,143),(85,157),(81,165),(50,151)
in 0.0 bounds: (88,160),(94,163),(92,167),(86,165)
i 0.0 bounds: (101,163),(105,165),(101,174),(97,172)
tet 0.0 bounds: (103,165),(119,172),(115,179),(100,172)
8uh 0.0 bounds: (121,173),(134,179),(131,186),(118,180)
Bareas 0.0 bounds: (138,179),(160,189),(156,197),(134,187)
& 0.0 bounds: (162,191),(166,193),(163,199),(159,197)
faney 0.0 bounds: (170,195),(188,203),(185,210),(167,202)
Boraes 0.0 bounds: (191,205),(209,213),(206,220),(188,211)
Prints 0.0 bounds: (177,172),(219,188),(211,208),(169,192)
Aly 0.0 bounds: (404,212),(412,212),(412,217),(404,217)
HIDS 0.0 bounds: (416,210),(428,209),(428,214),(416,215)
Style 0.0 bounds: (431,208),(446,207),(446,216),(432,217)
IBUTO 0.0 bounds: (5,237),(37,245),(32,264),(0,255)
మోయో 0.0 bounds: (67,281),(125,296),(122,308),(64,293)
జంన్లో 0.0 bounds: (136,299),(180,310),(175,326),(132,314)
1 0.0 bounds: (83,305),(88,306),(86,313),(81,312)
RuuBuldg 0.0 bounds: (102,309),(135,317),(133,324),(100,317)
o 0.0 bounds: (135,317),(138,318),(136,324),(133,324)
e 0.0 bounds: (172,326),(180,328),(178,335),(170,333)
ON 0.0 bounds: (266,339),(284,341),(283,349),(265,347)
Maohi 0.0 bounds: (273,376),(296,382),(293,394),(270,388)
Paiouse 0.0 bounds: (298,384),(331,392),(328,402),(296,394)
O 0.0 bounds: (312,480),(318,480),(318,491),(312,491)
OLA 0.0 bounds: (320,480),(330,480),(330,491),(320,491)
AUTO 0.0 bounds: (283,506),(302,506),(302,514),(283,514)
BOLE 0.0 bounds: (304,507),(316,507),(316,514),(304,514)
TOH 0.0 bounds: (318,509),(328,509),(328,513),(318,513)
OLA 0.0 bounds: (280,513),(299,513),(299,522),(280,522)
AUTO 0.0 bounds: (303,514),(330,515),(330,524),(303,523)
29 0.0 bounds: (308,543),(329,543),(329,554),(308,554)
ARASSANN 0.0 bounds: (647,234),(645,328),(624,328),(626,234)
