AMBUR DUM BIRYAN
76 RANN
BAR
BMTC-> www.mybmtc.c
Helpline No-1800 425
SAVPARKA
BMTC
 0.0 bounds: (20,244),(1022,244),(1022,441),(20,441)
AMBUR 0.0 bounds: (26,244),(65,257),(60,274),(20,261)
DUM 0.0 bounds: (68,257),(86,263),(80,281),(62,275)
BIRYAN 0.0 bounds: (88,264),(117,273),(111,290),(82,281)
76 0.0 bounds: (36,269),(61,275),(56,296),(31,289)
RANN 0.0 bounds: (63,275),(104,285),(98,307),(58,296)
BAR 0.0 bounds: (185,305),(219,306),(219,318),(185,317)
BMTC-> 0.0 bounds: (866,412),(910,411),(910,428),(866,429)
www.mybmtc.c 0.0 bounds: (917,412),(1022,410),(1022,425),(917,427)
Helpline 0.0 bounds: (917,423),(951,424),(950,437),(916,436)
No-1800 0.0 bounds: (956,422),(995,424),(994,440),(955,438)
425 0.0 bounds: (1000,426),(1018,427),(1017,441),(999,440)
SAVPARKA 0.0 bounds: (606,389),(642,390),(642,407),(606,406)
BMTC 0.0 bounds: (675,392),(720,392),(720,409),(675,409)
