AJAYA BANK
RIDGETOP DENTAL
口
C AND A
CENTER FOR COSM ATIONAL
TERNA
LE DESIGN- ORTHODONTIKS- RESTORATIVE DENTISY. MCnconcoone
D ADVANCED DENTE
EN DENTISTRY- ORAL SURCERY - DENTURES AND cEs
OYO
উ
Road
Trinity Complex
Ony Cincle, MG
angaloreso
080-4165 9900
Jore 560 034
AJANTHA TRINITY
ing Hours: 09:30 AM - 06:30 PM
www.ridgetoodentalin
TERNET
 0.0 bounds: (-1,4),(882,4),(882,309),(-1,309)
AJAYA 0.0 bounds: (822,159),(853,159),(853,168),(822,168)
BANK 0.0 bounds: (857,158),(882,158),(882,169),(857,169)
RIDGETOP 0.0 bounds: (59,4),(154,67),(144,83),(49,20)
DENTAL 0.0 bounds: (160,73),(218,111),(209,123),(152,86)
口 0.0 bounds: (779,298),(809,298),(809,309),(779,309)
C 0.0 bounds: (132,90),(135,91),(132,98),(129,96)
AND 0.0 bounds: (138,92),(148,96),(145,105),(134,100)
A 0.0 bounds: (153,99),(157,101),(154,107),(150,105)
CENTER 0.0 bounds: (47,41),(72,55),(68,62),(43,48)
FOR 0.0 bounds: (78,59),(94,68),(90,76),(74,67)
COSM 0.0 bounds: (97,69),(117,79),(112,88),(92,78)
ATIONAL 0.0 bounds: (135,78),(185,104),(180,113),(130,88)
TERNA 0.0 bounds: (108,62),(142,82),(138,88),(104,68)
LE 0.0 bounds: (2,39),(11,44),(8,48),(0,43)
DESIGN- 0.0 bounds: (13,44),(45,61),(42,66),(10,49)
ORTHODONTIKS- 0.0 bounds: (48,63),(104,94),(101,99),(45,68)
RESTORATIVE 0.0 bounds: (107,95),(143,115),(140,121),(104,101)
DENTISY. 0.0 bounds: (145,116),(172,131),(169,136),(142,121)
MCnconcoone 0.0 bounds: (174,133),(233,165),(230,169),(172,137)
D 0.0 bounds: (146,102),(150,104),(147,111),(143,108)
ADVANCED 0.0 bounds: (153,105),(183,121),(180,128),(149,112)
DENTE 0.0 bounds: (184,121),(211,135),(207,142),(180,128)
EN 0.0 bounds: (4,51),(14,56),(9,65),(-1,60)
DENTISTRY- 0.0 bounds: (12,57),(53,78),(50,84),(9,62)
ORAL 0.0 bounds: (57,80),(76,90),(72,96),(54,86)
SURCERY 0.0 bounds: (78,93),(105,107),(102,114),(75,99)
- 0.0 bounds: (109,107),(112,108),(107,116),(105,115)
DENTURES 0.0 bounds: (112,109),(140,124),(137,130),(109,115)
AND 0.0 bounds: (142,126),(153,132),(151,135),(140,130)
cEs 0.0 bounds: (155,133),(175,144),(173,149),(152,138)
OYO 0.0 bounds: (311,170),(335,183),(329,194),(305,181)
উ 0.0 bounds: (253,188),(270,195),(264,207),(248,200)
Road 0.0 bounds: (7,88),(27,97),(25,102),(5,93)
Trinity 0.0 bounds: (108,134),(128,144),(124,151),(104,141)
Complex 0.0 bounds: (130,145),(155,157),(152,164),(127,151)
Ony 0.0 bounds: (170,163),(177,166),(175,172),(168,168)
Cincle, 0.0 bounds: (179,166),(195,173),(193,180),(176,172)
MG 0.0 bounds: (195,177),(205,181),(204,184),(194,180)
angaloreso 0.0 bounds: (142,162),(182,174),(180,182),(140,170)
080-4165 0.0 bounds: (140,171),(176,186),(173,193),(137,178)
9900 0.0 bounds: (178,188),(195,195),(192,200),(176,194)
Jore 0.0 bounds: (4,97),(18,103),(14,112),(0,106)
560 0.0 bounds: (25,106),(42,113),(38,121),(21,114)
034 0.0 bounds: (47,114),(61,120),(57,128),(43,122)
AJANTHA 0.0 bounds: (252,204),(304,226),(297,245),(244,222)
TRINITY 0.0 bounds: (307,228),(343,243),(335,261),(300,245)
ing 0.0 bounds: (3,134),(19,140),(16,148),(0,142)
Hours: 0.0 bounds: (20,140),(50,151),(47,159),(17,147)
09:30 0.0 bounds: (54,153),(79,163),(76,171),(51,161)
AM 0.0 bounds: (83,166),(98,172),(95,178),(81,173)
- 0.0 bounds: (100,176),(102,177),(102,178),(100,177)
06:30 0.0 bounds: (106,174),(128,182),(126,190),(103,181)
PM 0.0 bounds: (131,185),(141,189),(139,195),(129,191)
www.ridgetoodentalin 0.0 bounds: (161,198),(223,219),(221,226),(159,205)
TERNET 0.0 bounds: (80,285),(107,290),(105,299),(78,294)
