Shile no
ASSOCIATED ROAD
Sandars hini
SR T
Introducing
Executive Mea
Floverad Rice
1 Curd Rice
1 Pc. Fekoda or Bajii
MTC
Hot
Ch
De
 0.0 bounds: (3,286),(1023,286),(1023,612),(3,612)
Shile 0.0 bounds: (837,288),(876,287),(876,300),(837,301)
no 0.0 bounds: (880,287),(897,286),(897,298),(880,299)
ASSOCIATED 0.0 bounds: (822,306),(872,305),(872,317),(822,318)
ROAD 0.0 bounds: (876,306),(898,306),(898,317),(876,317)
Sandars 0.0 bounds: (930,309),(987,301),(990,320),(933,328)
hini 0.0 bounds: (990,301),(1016,297),(1018,315),(992,319)
SR 0.0 bounds: (214,310),(261,309),(261,317),(214,318)
T 0.0 bounds: (284,309),(297,309),(297,317),(284,317)
Introducing 0.0 bounds: (935,341),(1022,335),(1023,358),(936,364)
Executive 0.0 bounds: (920,374),(989,372),(990,391),(921,393)
Mea 0.0 bounds: (994,372),(1020,371),(1021,390),(995,391)
Floverad 0.0 bounds: (934,396),(970,397),(970,410),(934,409)
Rice 0.0 bounds: (973,397),(992,397),(992,409),(973,409)
1 0.0 bounds: (934,410),(939,410),(939,422),(934,422)
Curd 0.0 bounds: (941,410),(954,410),(954,422),(941,422)
Rice 0.0 bounds: (956,410),(971,410),(971,422),(956,422)
1 0.0 bounds: (934,424),(940,424),(939,436),(933,436)
Pc. 0.0 bounds: (942,425),(953,425),(952,437),(941,437)
Fekoda 0.0 bounds: (951,427),(982,428),(982,438),(951,437)
or 0.0 bounds: (985,432),(993,432),(993,438),(985,438)
Bajii 0.0 bounds: (997,427),(1020,428),(1019,441),(996,440)
MTC 0.0 bounds: (3,433),(66,430),(67,455),(4,458)
Hot 0.0 bounds: (992,472),(1020,473),(1019,491),(991,490)
Ch 0.0 bounds: (1011,569),(1023,570),(1021,585),(1009,584)
De 0.0 bounds: (1007,593),(1023,595),(1021,612),(1005,610)
