MAHESH
FLOORS 01 to C
LUNCH HOME
kotak AR
Life Insurance
SEA FOOD SPECIALITY
ry Hami
shop
Assoted
 0.0 bounds: (562,34),(1022,34),(1022,277),(562,277)
MAHESH 0.0 bounds: (769,46),(883,34),(887,69),(773,81)
FLOORS 0.0 bounds: (960,54),(990,54),(990,61),(960,61)
01 0.0 bounds: (996,54),(1003,54),(1003,61),(996,61)
to 0.0 bounds: (1010,54),(1019,54),(1019,61),(1010,61)
C 0.0 bounds: (1021,54),(1022,54),(1022,61),(1021,61)
LUNCH 0.0 bounds: (799,80),(830,75),(832,89),(802,95)
HOME 0.0 bounds: (835,73),(859,69),(861,85),(838,89)
kotak 0.0 bounds: (669,102),(722,101),(722,117),(669,118)
AR 0.0 bounds: (741,105),(757,105),(757,112),(741,112)
Life 0.0 bounds: (670,118),(684,119),(684,127),(670,126)
Insurance 0.0 bounds: (687,120),(724,122),(724,129),(687,127)
SEA 0.0 bounds: (779,101),(797,99),(797,105),(780,107)
FOOD 0.0 bounds: (801,98),(827,95),(828,102),(802,105)
SPECIALITY 0.0 bounds: (832,95),(890,89),(890,96),(833,102)
ry 0.0 bounds: (950,91),(968,91),(968,100),(950,100)
Hami 0.0 bounds: (970,90),(989,90),(989,98),(970,98)
shop 0.0 bounds: (960,107),(989,106),(989,119),(960,120)
Assoted 0.0 bounds: (562,261),(615,260),(615,276),(562,277)
