DO NOT DRINK
AND DRIVE
O BANGALORE CITY TRAFFIC POLICE
OANGALDRE CITY TRAFFIC POLICE
MCO
RAMCO
JRADE
53 GRADE
Engineered ete
Engineered for Concrete
 0.0 bounds: (139,211),(496,211),(496,576),(139,576)
DO 0.0 bounds: (432,212),(449,212),(449,222),(432,222)
NOT 0.0 bounds: (452,212),(468,212),(468,221),(452,221)
DRINK 0.0 bounds: (474,211),(496,211),(496,222),(474,222)
AND 0.0 bounds: (450,230),(465,230),(465,239),(450,239)
DRIVE 0.0 bounds: (471,228),(493,227),(493,239),(471,240)
O 0.0 bounds: (139,484),(151,484),(151,494),(139,494)
BANGALORE 0.0 bounds: (157,485),(202,484),(202,492),(157,493)
CITY 0.0 bounds: (207,483),(224,483),(224,493),(207,493)
TRAFFIC 0.0 bounds: (226,482),(257,481),(257,492),(226,493)
POLICE 0.0 bounds: (259,481),(284,481),(284,492),(259,492)
OANGALDRE 0.0 bounds: (337,476),(399,474),(399,486),(337,488)
CITY 0.0 bounds: (402,476),(416,476),(416,483),(402,483)
TRAFFIC 0.0 bounds: (421,473),(448,472),(448,485),(421,486)
POLICE 0.0 bounds: (451,474),(475,473),(475,482),(451,483)
MCO 0.0 bounds: (222,522),(278,522),(278,541),(222,541)
RAMCO 0.0 bounds: (384,515),(468,513),(468,531),(384,533)
JRADE 0.0 bounds: (219,545),(266,545),(266,553),(219,553)
53 0.0 bounds: (383,539),(403,539),(403,548),(383,548)
GRADE 0.0 bounds: (413,539),(459,538),(459,546),(413,547)
Engineered 0.0 bounds: (141,567),(205,565),(205,574),(141,576)
ete 0.0 bounds: (253,563),(277,562),(277,571),(253,572)
Engineered 0.0 bounds: (348,560),(404,558),(404,566),(348,568)
for 0.0 bounds: (409,558),(422,557),(422,563),(409,564)
Concrete 0.0 bounds: (427,558),(471,556),(471,562),(427,564)
