a
r
S
a
Sudarshan
HOLESALE PRICE
NICHEEVARAM-DRESS MATERIALS-KVEamo
aDYMADE MENS-WOMENS KIDS A
PUKAINIHAL
 0.0 bounds: (133,18),(576,18),(576,617),(133,617)
a 0.0 bounds: (548,18),(571,18),(571,47),(548,47)
r 0.0 bounds: (552,64),(570,64),(570,91),(552,91)
S 0.0 bounds: (550,113),(571,112),(572,141),(551,142)
a 0.0 bounds: (550,232),(576,232),(576,266),(550,266)
Sudarshan 0.0 bounds: (173,409),(449,409),(449,444),(173,444)
HOLESALE 0.0 bounds: (218,437),(345,437),(345,451),(218,451)
PRICE 0.0 bounds: (352,437),(445,437),(445,451),(352,451)
NICHEEVARAM-DRESS 0.0 bounds: (165,449),(323,448),(323,466),(165,467)
MATERIALS-KVEamo 0.0 bounds: (328,449),(524,448),(524,466),(328,467)
aDYMADE 0.0 bounds: (161,468),(227,467),(227,486),(161,487)
MENS-WOMENS 0.0 bounds: (236,468),(398,467),(398,486),(236,487)
KIDS 0.0 bounds: (407,466),(462,466),(462,485),(407,485)
A 0.0 bounds: (477,466),(493,466),(493,484),(477,484)
PUKAINIHAL 0.0 bounds: (156,515),(266,574),(243,617),(133,558)
