ALA
DRY CLEANING Rs. 66 onwards
50% OFF
onine orter
pad y
Door Stee Service
Launy er
004 10000 | www.dhobiwala.com franchise
franchise@dhobiwala.com
 0.0 bounds: (514,361),(704,361),(704,482),(514,482)
ALA 0.0 bounds: (628,361),(661,362),(661,371),(628,370)
DRY 0.0 bounds: (534,384),(553,385),(553,395),(534,394)
CLEANING 0.0 bounds: (555,385),(603,387),(602,398),(554,396)
Rs. 0.0 bounds: (606,387),(621,388),(620,399),(605,398)
66 0.0 bounds: (623,388),(632,388),(631,399),(622,399)
onwards 0.0 bounds: (636,388),(672,390),(671,401),(635,399)
50% 0.0 bounds: (515,403),(536,403),(536,410),(515,410)
OFF 0.0 bounds: (542,401),(558,401),(558,413),(542,413)
onine 0.0 bounds: (527,414),(547,414),(547,420),(527,420)
orter 0.0 bounds: (549,414),(562,414),(562,420),(549,420)
pad 0.0 bounds: (561,430),(546,430),(546,424),(561,424)
y 0.0 bounds: (517,429),(515,429),(515,423),(517,423)
Door 0.0 bounds: (571,433),(586,434),(586,440),(571,439)
Stee 0.0 bounds: (590,434),(600,434),(600,439),(590,439)
Service 0.0 bounds: (608,434),(637,435),(637,441),(608,440)
Launy 0.0 bounds: (646,426),(665,426),(665,430),(646,430)
er 0.0 bounds: (667,427),(680,427),(680,429),(667,429)
004 0.0 bounds: (515,467),(528,467),(528,474),(515,474)
10000 0.0 bounds: (531,468),(548,469),(548,475),(531,474)
| 0.0 bounds: (550,468),(557,468),(557,474),(550,474)
www.dhobiwala.com 0.0 bounds: (559,468),(614,470),(614,477),(559,475)
franchise 0.0 bounds: (622,470),(651,471),(651,478),(622,477)
franchise@dhobiwala.com 0.0 bounds: (614,473),(704,476),(704,482),(614,479)
