en,
AGNEE FOWER
W.S
VIJAYA ALTOMO
OF ANEE POW TU UTOwony TE
MAHAMETAL cdatoneon
 0.0 bounds: (218,299),(696,299),(696,380),(218,380)
en, 0.0 bounds: (281,299),(315,301),(313,322),(279,320)
AGNEE 0.0 bounds: (220,316),(311,325),(308,349),(218,340)
FOWER 0.0 bounds: (322,326),(391,333),(388,357),(320,350)
W.S 0.0 bounds: (612,367),(626,368),(625,374),(611,373)
VIJAYA 0.0 bounds: (645,367),(669,368),(668,379),(644,378)
ALTOMO 0.0 bounds: (671,368),(696,369),(695,380),(670,379)
OF 0.0 bounds: (242,343),(261,345),(260,354),(241,352)
ANEE 0.0 bounds: (264,344),(283,346),(282,356),(263,354)
POW 0.0 bounds: (285,346),(293,347),(292,357),(284,356)
TU 0.0 bounds: (306,348),(314,349),(313,358),(305,357)
UTOwony 0.0 bounds: (332,350),(364,353),(363,362),(331,359)
TE 0.0 bounds: (367,353),(383,354),(382,363),(366,362)
MAHAMETAL 0.0 bounds: (245,355),(309,359),(308,371),(244,367)
cdatoneon 0.0 bounds: (325,360),(382,364),(381,376),(324,372)
