6J6
HOTEL
DEEPOTSAVA
JEWELLERY
JEWELLERY
st
Fuga
FLOOR
EWEELER
FLOOR
FLOOR
11
>IJAYAVIHAR
ha
 0.0 bounds: (0,105),(694,105),(694,577),(0,577)
6J6 0.0 bounds: (17,210),(101,243),(84,285),(0,252)
HOTEL 0.0 bounds: (631,287),(684,282),(685,294),(632,299)
DEEPOTSAVA 0.0 bounds: (276,255),(430,348),(406,387),(252,294)
JEWELLERY 0.0 bounds: (232,338),(302,370),(296,383),(226,352)
JEWELLERY 0.0 bounds: (80,341),(215,334),(215,346),(81,353)
st 0.0 bounds: (148,377),(168,377),(168,393),(148,393)
Fuga 0.0 bounds: (672,444),(693,443),(694,455),(673,456)
FLOOR 0.0 bounds: (223,455),(281,468),(277,484),(219,472)
EWEELER 0.0 bounds: (480,483),(530,481),(531,495),(481,497)
FLOOR 0.0 bounds: (76,451),(177,451),(177,470),(76,470)
FLOOR 0.0 bounds: (482,532),(525,532),(525,540),(482,540)
11 0.0 bounds: (509,578),(498,578),(498,573),(509,573)
>IJAYAVIHAR 0.0 bounds: (666,303),(669,475),(650,475),(647,303)
ha 0.0 bounds: (289,105),(384,212),(310,278),(215,171)
