K. k. agencies
e Bangalore 2 Ph1sos
CAF
GOODS
ALL INDIA PE
 0.0 bounds: (0,164),(982,164),(982,350),(0,350)
K. 0.0 bounds: (6,164),(52,172),(46,205),(0,196)
k. 0.0 bounds: (55,172),(87,178),(81,211),(49,205)
agencies 0.0 bounds: (90,178),(231,203),(225,237),(84,211)
e 0.0 bounds: (6,202),(13,203),(11,213),(4,212)
Bangalore 0.0 bounds: (13,205),(61,213),(60,221),(12,214)
2 0.0 bounds: (69,212),(76,213),(74,223),(67,222)
Ph1sos 0.0 bounds: (77,213),(131,222),(130,232),(75,224)
CAF 0.0 bounds: (955,324),(978,322),(979,332),(956,334)
GOODS 0.0 bounds: (891,331),(934,328),(934,335),(892,338)
ALL 0.0 bounds: (897,341),(917,339),(918,348),(898,350)
INDIA 0.0 bounds: (921,340),(952,338),(953,346),(922,348)
PE 0.0 bounds: (959,336),(981,334),(982,344),(960,346)
