DESIG
goch
U.S. POLO ASSN.
SICE 100
1ppo
F5
 0.0 bounds: (731,110),(1020,110),(1020,460),(731,460)
DESIG 0.0 bounds: (987,110),(1020,113),(1019,120),(986,117)
goch 0.0 bounds: (852,226),(935,229),(934,269),(851,266)
U.S. 0.0 bounds: (732,287),(753,289),(752,298),(731,296)
POLO 0.0 bounds: (757,290),(787,293),(786,302),(756,299)
ASSN. 0.0 bounds: (792,294),(825,297),(824,305),(791,302)
SICE 0.0 bounds: (759,302),(779,303),(778,310),(758,309)
100 0.0 bounds: (783,305),(798,306),(798,311),(783,310)
1ppo 0.0 bounds: (920,390),(961,394),(960,401),(919,397)
F5 0.0 bounds: (938,448),(950,449),(949,460),(937,459)
