more bra
mstyle
ekperience
all dew lifestyle
at Rchmond Road
estylestor
lifestyle
 0.0 bounds: (198,385),(312,385),(312,483),(198,483)
more 0.0 bounds: (235,385),(259,387),(258,394),(234,392)
bra 0.0 bounds: (262,386),(292,389),(291,399),(261,396)
mstyle 0.0 bounds: (227,394),(284,399),(283,408),(226,403)
ekperience 0.0 bounds: (233,416),(291,424),(290,436),(231,428)
all 0.0 bounds: (221,428),(232,430),(231,436),(220,435)
dew 0.0 bounds: (238,428),(258,431),(256,442),(236,439)
lifestyle 0.0 bounds: (264,432),(300,437),(298,448),(262,443)
at 0.0 bounds: (224,443),(231,444),(231,448),(224,447)
Rchmond 0.0 bounds: (235,441),(274,445),(273,456),(234,452)
Road 0.0 bounds: (277,448),(295,450),(294,456),(276,454)
estylestor 0.0 bounds: (199,465),(236,468),(235,476),(198,473)
lifestyle 0.0 bounds: (270,464),(312,467),(311,483),(269,480)
