YOTHI MAHA
RAM CERAMICS
SIEMEN
ORIENTAL INSURAN
SIEMENS
BANK OF INDIA
 0.0 bounds: (142,175),(256,175),(256,289),(142,289)
YOTHI 0.0 bounds: (168,175),(201,177),(200,187),(167,185)
MAHA 0.0 bounds: (214,178),(256,181),(255,191),(213,188)
RAM 0.0 bounds: (162,193),(184,195),(183,205),(161,203)
CERAMICS 0.0 bounds: (194,196),(247,200),(246,210),(193,206)
SIEMEN 0.0 bounds: (168,213),(225,217),(224,227),(167,223)
ORIENTAL 0.0 bounds: (146,232),(195,235),(194,244),(145,241)
INSURAN 0.0 bounds: (200,235),(235,237),(234,246),(199,244)
SIEMENS 0.0 bounds: (143,253),(187,256),(186,265),(142,262)
BANK 0.0 bounds: (152,277),(177,278),(177,285),(152,284)
OF 0.0 bounds: (185,279),(196,280),(196,286),(185,285)
INDIA 0.0 bounds: (205,281),(229,282),(229,289),(205,288)
