HORK
Alland Ce
9251 518
G-007 M
G-DUG M
 0.0 bounds: (660,135),(1023,135),(1023,238),(660,238)
HORK 0.0 bounds: (662,183),(679,181),(680,192),(663,194)
Alland 0.0 bounds: (1001,140),(1015,137),(1015,141),(1002,144)
Ce 0.0 bounds: (1018,136),(1022,135),(1023,140),(1019,141)
9251 0.0 bounds: (660,202),(678,200),(679,211),(661,213)
518 0.0 bounds: (680,199),(693,197),(694,208),(681,210)
G-007 0.0 bounds: (975,158),(1008,152),(1010,161),(977,168)
M 0.0 bounds: (1013,150),(1021,148),(1023,158),(1015,160)
G-DUG 0.0 bounds: (980,226),(1014,222),(1015,234),(981,238)
M 0.0 bounds: (1016,223),(1022,222),(1023,233),(1017,234)
