LO HE A
MYSOREA
K.R.
PK.R. MARKET
E YGROVE
TRINITY CIRCLE
1 ULSOOR
 0.0 bounds: (490,197),(973,197),(973,265),(490,265)
LO 0.0 bounds: (490,209),(502,208),(502,214),(490,215)
HE 0.0 bounds: (517,208),(524,208),(524,212),(517,212)
A 0.0 bounds: (527,208),(535,207),(535,210),(527,211)
MYSOREA 0.0 bounds: (904,200),(955,197),(956,208),(905,211)
K.R. 0.0 bounds: (671,227),(689,226),(689,231),(671,232)
PK.R. 0.0 bounds: (894,223),(927,221),(927,231),(895,233)
MARKET 0.0 bounds: (930,221),(972,219),(972,229),(931,231)
E 0.0 bounds: (520,246),(530,246),(530,263),(520,263)
YGROVE 0.0 bounds: (532,246),(572,247),(572,265),(532,264)
TRINITY 0.0 bounds: (774,234),(810,231),(811,240),(775,243)
CIRCLE 0.0 bounds: (816,231),(848,228),(849,239),(817,242)
1 0.0 bounds: (669,244),(677,244),(677,253),(669,253)
ULSOOR 0.0 bounds: (679,243),(717,241),(717,251),(679,253)
