nglass
. 1500/-
FREE!
EMI
ution is available now!
als, walk-in to the nearest outlet.
 0.0 bounds: (0,14),(191,14),(191,461),(0,461)
nglass 0.0 bounds: (3,48),(128,14),(143,66),(17,100)
. 0.0 bounds: (0,119),(28,109),(43,149),(14,160)
1500/- 0.0 bounds: (31,108),(137,70),(152,112),(46,149)
FREE! 0.0 bounds: (4,171),(99,136),(113,175),(18,210)
EMI 0.0 bounds: (1,233),(174,216),(190,387),(17,403)
ution 0.0 bounds: (1,401),(32,399),(34,431),(3,433)
is 0.0 bounds: (37,404),(49,403),(50,425),(38,426)
available 0.0 bounds: (56,403),(135,399),(136,424),(57,428)
now! 0.0 bounds: (142,398),(186,396),(187,420),(143,422)
als, 0.0 bounds: (1,443),(24,443),(24,461),(1,461)
walk-in 0.0 bounds: (26,443),(63,442),(63,460),(26,461)
to 0.0 bounds: (65,443),(76,443),(76,460),(65,460)
the 0.0 bounds: (77,443),(96,443),(96,460),(77,460)
nearest 0.0 bounds: (98,442),(141,441),(141,459),(98,460)
outlet. 0.0 bounds: (143,441),(189,440),(189,458),(143,459)
