MAMATHA BOOK HOU
OISCOUNT ON VTU BO
E 10% TO 20%
BUY BACK UP TONG
CALENDARY
Dele-650
m
 0.0 bounds: (703,140),(1023,140),(1023,513),(703,513)
MAMATHA 0.0 bounds: (765,174),(896,155),(900,183),(769,203)
BOOK 0.0 bounds: (903,157),(964,148),(967,169),(906,178)
HOU 0.0 bounds: (978,146),(1020,140),(1022,159),(981,165)
OISCOUNT 0.0 bounds: (774,204),(891,187),(895,218),(778,235)
ON 0.0 bounds: (899,186),(932,181),(936,211),(903,216)
VTU 0.0 bounds: (942,185),(982,179),(985,204),(946,210)
BO 0.0 bounds: (996,172),(1018,169),(1022,199),(1000,202)
E 0.0 bounds: (790,234),(816,230),(818,247),(792,251)
10% 0.0 bounds: (828,226),(889,217),(893,239),(831,248)
TO 0.0 bounds: (905,216),(965,207),(968,228),(908,237)
20% 0.0 bounds: (974,206),(1019,200),(1022,220),(977,227)
BUY 0.0 bounds: (795,256),(840,249),(843,268),(798,275)
BACK 0.0 bounds: (851,248),(916,238),(919,257),(854,267)
UP 0.0 bounds: (926,236),(958,231),(961,251),(929,256)
TONG 0.0 bounds: (973,229),(1020,222),(1023,240),(976,248)
CALENDARY 0.0 bounds: (703,320),(731,317),(732,323),(704,326)
Dele-650 0.0 bounds: (973,469),(997,507),(990,512),(965,474)
m 0.0 bounds: (936,481),(943,491),(936,496),(929,486)
