NAND
NGE 1925
SUITING
WHOLESALE
PRICE
AvailableING
M nO APPARELS
XMF
నెందిని
andini
URA KOVA PEDA DUTTER 1
 0.0 bounds: (0,0),(862,0),(862,252),(0,252)
NAND 0.0 bounds: (794,5),(862,5),(862,21),(794,21)
NGE 0.0 bounds: (212,0),(230,7),(226,16),(208,9)
1925 0.0 bounds: (231,7),(249,14),(245,24),(227,17)
SUITING 0.0 bounds: (193,4),(217,12),(213,22),(190,13)
WHOLESALE 0.0 bounds: (191,24),(255,51),(248,69),(184,41)
PRICE 0.0 bounds: (200,52),(234,65),(228,80),(194,67)
AvailableING 0.0 bounds: (199,16),(260,29),(256,45),(196,33)
M 0.0 bounds: (319,138),(327,138),(327,141),(319,141)
nO 0.0 bounds: (333,137),(339,137),(339,142),(333,142)
APPARELS 0.0 bounds: (352,137),(373,137),(373,143),(352,143)
XMF 0.0 bounds: (111,156),(167,156),(167,170),(111,170)
నెందిని 0.0 bounds: (42,168),(101,167),(101,180),(42,181)
andini 0.0 bounds: (0,193),(168,193),(168,242),(0,242)
URA 0.0 bounds: (9,236),(48,236),(48,249),(9,249)
KOVA 0.0 bounds: (52,237),(81,237),(81,250),(52,250)
PEDA 0.0 bounds: (92,237),(123,237),(123,250),(92,250)
DUTTER 0.0 bounds: (127,237),(183,238),(183,252),(127,251)
1 0.0 bounds: (187,238),(195,238),(195,251),(187,251)
