www.
138 EEVANE
Dia-ilayohal.
SMTC
EICHCO
Bharat V
TMT BAR
Call S626 1S1
 0.0 bounds: (843,217),(1020,217),(1020,408),(843,408)
www. 0.0 bounds: (914,285),(933,286),(932,293),(914,292)
138 0.0 bounds: (887,224),(912,222),(913,238),(888,240)
EEVANE 0.0 bounds: (926,222),(980,217),(981,232),(927,237)
Dia-ilayohal. 0.0 bounds: (922,232),(983,232),(983,243),(922,243)
SMTC 0.0 bounds: (914,271),(982,267),(983,283),(915,287)
EICHCO 0.0 bounds: (913,314),(988,313),(988,317),(913,318)
Bharat 0.0 bounds: (843,317),(865,317),(865,324),(843,324)
V 0.0 bounds: (867,316),(875,316),(875,323),(867,323)
TMT 0.0 bounds: (990,356),(1003,356),(1003,361),(990,361)
BAR 0.0 bounds: (1007,353),(1019,353),(1019,363),(1007,363)
Call 0.0 bounds: (954,402),(966,402),(966,406),(954,406)
S626 0.0 bounds: (989,402),(1008,402),(1008,408),(989,408)
1S1 0.0 bounds: (1011,402),(1020,402),(1020,408),(1011,408)
