Al
Cakasi
desi vdesi
TRIUMPH TOWER
GANGARS
BOOK
Second Floor
Secom Floor
 0.0 bounds: (322,2),(933,2),(933,474),(322,474)
Al 0.0 bounds: (548,2),(629,6),(626,69),(545,65)
Cakasi 0.0 bounds: (521,49),(671,61),(665,128),(516,116)
desi 0.0 bounds: (613,113),(677,119),(673,160),(609,154)
vdesi 0.0 bounds: (680,120),(745,126),(741,166),(676,160)
TRIUMPH 0.0 bounds: (323,92),(371,97),(370,108),(322,103)
TOWER 0.0 bounds: (375,98),(398,100),(397,110),(374,108)
GANGARS 0.0 bounds: (681,267),(925,299),(916,368),(672,336)
BOOK 0.0 bounds: (735,339),(824,354),(819,383),(730,369)
Second 0.0 bounds: (606,361),(651,362),(651,373),(606,372)
Floor 0.0 bounds: (658,362),(689,363),(689,374),(658,373)
Secom 0.0 bounds: (876,417),(908,439),(896,456),(865,433)
Floor 0.0 bounds: (901,434),(933,456),(921,474),(889,451)
