Te C C
0145
LLEPLERCAL
AGE
dea
TAURANT
Rhythe Musicale
mperial
MUSIC BAR
 0.0 bounds: (3,245),(942,245),(942,415),(3,415)
Te 0.0 bounds: (798,300),(809,302),(807,309),(797,307)
C 0.0 bounds: (812,300),(829,303),(827,313),(810,310)
C 0.0 bounds: (832,303),(845,306),(842,317),(830,315)
0145 0.0 bounds: (327,269),(284,264),(286,247),(329,251)
LLEPLERCAL 0.0 bounds: (270,274),(384,289),(381,309),(267,294)
AGE 0.0 bounds: (9,250),(75,261),(70,290),(4,280)
dea 0.0 bounds: (91,263),(125,265),(124,275),(90,273)
TAURANT 0.0 bounds: (4,286),(64,292),(63,300),(3,294)
Rhythe 0.0 bounds: (386,341),(415,344),(414,351),(385,348)
Musicale 0.0 bounds: (420,344),(452,348),(451,355),(419,352)
mperial 0.0 bounds: (902,396),(942,399),(941,415),(901,412)
MUSIC 0.0 bounds: (64,305),(95,308),(94,318),(63,315)
BAR 0.0 bounds: (99,309),(116,311),(115,319),(98,317)
