ST TIME EVER
P PLANET FASHION
Allen Soly
ock1 Elemants MTeeaks
pababt
a hrtoni Apart
Bod Sii
CSTRAC
SPARKLE
SPARKLE
Handi Toyes
 0.0 bounds: (4,-2),(808,-2),(808,631),(4,631)
ST 0.0 bounds: (362,-2),(373,6),(364,18),(353,10)
TIME 0.0 bounds: (376,7),(391,18),(381,31),(367,20)
EVER 0.0 bounds: (392,20),(408,32),(399,44),(383,32)
P 0.0 bounds: (347,15),(354,20),(346,30),(340,26)
PLANET 0.0 bounds: (349,20),(380,42),(376,48),(345,26)
FASHION 0.0 bounds: (386,41),(420,65),(412,76),(378,52)
Allen 0.0 bounds: (326,66),(349,82),(341,93),(318,78)
Soly 0.0 bounds: (351,83),(371,96),(364,107),(344,94)
ock1 0.0 bounds: (316,86),(339,100),(336,105),(313,91)
Elemants 0.0 bounds: (340,99),(364,113),(361,119),(336,105)
MTeeaks 0.0 bounds: (367,115),(413,142),(410,146),(364,119)
pababt 0.0 bounds: (267,222),(296,224),(295,237),(266,235)
a 0.0 bounds: (288,242),(306,242),(306,253),(288,253)
hrtoni 0.0 bounds: (308,240),(332,240),(332,253),(308,253)
Apart 0.0 bounds: (334,240),(348,240),(348,254),(334,254)
Bod 0.0 bounds: (262,257),(295,259),(294,272),(261,270)
Sii 0.0 bounds: (306,261),(331,262),(330,273),(305,272)
CSTRAC 0.0 bounds: (287,274),(336,278),(335,286),(286,282)
SPARKLE 0.0 bounds: (220,419),(274,426),(271,447),(217,440)
SPARKLE 0.0 bounds: (4,403),(73,403),(73,426),(4,426)
Handi 0.0 bounds: (757,626),(776,627),(776,629),(757,628)
Toyes 0.0 bounds: (781,626),(808,627),(808,631),(781,630)
