ADVAITH HYUNDA
ADVAITH HYUNDẠI
DOOD SOCA
GZ DODL
HONDA
MOBILIO
మున్నగ జిలి
bne Liye
SUN
Take the right
prgerty dedin with
THE
BURN.
icbricks
kiva kya
Melco - Dubai FIC POLICE
ANK
 0.0 bounds: (1,352),(944,352),(944,708),(1,708)
ADVAITH 0.0 bounds: (202,355),(235,355),(235,365),(202,365)
HYUNDA 0.0 bounds: (237,355),(268,355),(268,365),(237,365)
ADVAITH 0.0 bounds: (285,352),(321,357),(319,367),(284,362)
HYUNDẠI 0.0 bounds: (324,360),(358,365),(357,372),(323,367)
DOOD 0.0 bounds: (201,382),(242,380),(243,394),(202,396)
SOCA 0.0 bounds: (246,380),(268,379),(269,393),(247,394)
GZ 0.0 bounds: (193,403),(227,402),(228,416),(194,417)
DODL 0.0 bounds: (218,402),(262,400),(262,413),(219,415)
HONDA 0.0 bounds: (521,384),(553,385),(553,393),(521,392)
MOBILIO 0.0 bounds: (575,389),(613,389),(613,395),(575,395)
మున్నగ 0.0 bounds: (279,400),(329,402),(328,420),(278,418)
జిలి 0.0 bounds: (335,404),(356,405),(355,417),(334,416)
bne 0.0 bounds: (517,406),(534,406),(534,416),(517,416)
Liye 0.0 bounds: (538,406),(553,406),(553,416),(538,416)
SUN 0.0 bounds: (625,420),(650,421),(650,431),(625,430)
Take 0.0 bounds: (884,415),(895,415),(895,420),(884,420)
the 0.0 bounds: (897,416),(905,416),(905,421),(897,421)
right 0.0 bounds: (908,416),(920,416),(920,422),(908,422)
prgerty 0.0 bounds: (884,425),(906,425),(906,431),(884,431)
dedin 0.0 bounds: (909,424),(930,424),(930,431),(909,431)
with 0.0 bounds: (933,425),(944,425),(944,430),(933,430)
THE 0.0 bounds: (627,441),(649,442),(649,453),(627,452)
BURN. 0.0 bounds: (624,451),(662,452),(662,463),(624,462)
icbricks 0.0 bounds: (883,504),(934,504),(934,515),(883,515)
kiva 0.0 bounds: (906,514),(917,514),(917,519),(906,519)
kya 0.0 bounds: (919,513),(930,513),(930,519),(919,519)
Melco 0.0 bounds: (1,576),(26,576),(26,591),(1,591)
- 0.0 bounds: (29,577),(34,577),(34,592),(29,592)
Dubai 0.0 bounds: (36,577),(61,577),(61,592),(36,592)
FIC 0.0 bounds: (71,577),(90,577),(90,593),(71,593)
POLICE 0.0 bounds: (95,577),(138,578),(138,594),(95,593)
ANK 0.0 bounds: (54,679),(111,678),(111,707),(54,708)
