Jusbon
9.Millerm Rod Cinn
Mo TEL O
Coca-Cola
o NATARA
 0.0 bounds: (5,232),(322,232),(322,340),(5,340)
Jusbon 0.0 bounds: (289,234),(322,251),(314,265),(282,248)
9.Millerm 0.0 bounds: (210,232),(240,246),(235,256),(205,242)
Rod 0.0 bounds: (241,247),(254,253),(249,263),(236,257)
Cinn 0.0 bounds: (257,254),(294,272),(289,281),(252,264)
Mo 0.0 bounds: (223,254),(234,259),(230,268),(219,263)
TEL 0.0 bounds: (276,278),(286,282),(284,288),(274,284)
O 0.0 bounds: (307,290),(321,296),(317,304),(303,298)
Coca-Cola 0.0 bounds: (14,279),(86,296),(78,331),(6,314)
o 0.0 bounds: (95,323),(102,324),(101,337),(94,336)
NATARA 0.0 bounds: (105,323),(133,326),(132,340),(104,337)
