మేజాకె
Mahatma Gandhi Road
ВOMBAY
DYEING
40%
BOMBAY DYEING
SALE
OFF!
PMM
an Dowry
ery.
pets
SUNRIS
FOREIGN
Approved by Rese
We offer be
 0.0 bounds: (201,-1),(1024,-1),(1024,350),(201,350)
మేజాకె 0.0 bounds: (203,-1),(273,5),(271,25),(201,19)
Mahatma 0.0 bounds: (443,24),(519,30),(517,48),(442,42)
Gandhi 0.0 bounds: (526,33),(580,37),(579,53),(525,49)
Road 0.0 bounds: (587,38),(626,41),(625,56),(586,53)
ВOMBAY 0.0 bounds: (808,95),(921,98),(920,116),(807,113)
DYEING 0.0 bounds: (806,120),(897,122),(897,141),(806,139)
40% 0.0 bounds: (959,166),(1023,172),(1019,209),(956,203)
BOMBAY 0.0 bounds: (851,161),(881,162),(881,170),(851,169)
DYEING 0.0 bounds: (884,162),(912,163),(912,171),(884,170)
SALE 0.0 bounds: (827,173),(917,177),(915,223),(825,219)
OFF! 0.0 bounds: (959,198),(1008,203),(1006,220),(957,215)
PMM 0.0 bounds: (466,248),(489,249),(489,260),(466,259)
an 0.0 bounds: (809,277),(821,278),(820,285),(808,284)
Dowry 0.0 bounds: (825,275),(855,278),(854,289),(824,286)
ery. 0.0 bounds: (832,298),(850,300),(849,308),(831,306)
pets 0.0 bounds: (831,308),(855,310),(854,320),(830,318)
SUNRIS 0.0 bounds: (978,303),(1021,309),(1018,326),(976,320)
FOREIGN 0.0 bounds: (972,319),(1020,326),(1019,334),(971,327)
Approved 0.0 bounds: (972,328),(1000,332),(999,338),(971,335)
by 0.0 bounds: (1002,333),(1009,334),(1008,340),(1001,339)
Rese 0.0 bounds: (1011,334),(1024,336),(1023,342),(1010,340)
We 0.0 bounds: (971,338),(985,340),(984,345),(970,343)
offer 0.0 bounds: (989,340),(1012,343),(1011,349),(988,346)
be 0.0 bounds: (1015,344),(1023,345),(1022,350),(1014,349)
