TAILORS
My NIDS Style
atr
Bunty Bublee NE
a wde w
POC
Raye
Amana
Pan House
ARASSAMM
 0.0 bounds: (0,29),(1023,29),(1023,403),(0,403)
TAILORS 0.0 bounds: (130,35),(173,29),(174,38),(131,44)
My 0.0 bounds: (190,158),(200,157),(201,168),(191,169)
NIDS 0.0 bounds: (203,157),(221,155),(222,166),(204,168)
Style 0.0 bounds: (223,156),(241,154),(242,164),(224,166)
atr 0.0 bounds: (974,136),(997,134),(998,147),(975,149)
Bunty 0.0 bounds: (188,199),(207,197),(208,205),(189,207)
Bublee 0.0 bounds: (209,196),(230,193),(231,202),(210,205)
NE 0.0 bounds: (232,194),(242,193),(243,200),(233,201)
a 0.0 bounds: (17,239),(23,241),(20,248),(15,246)
wde 0.0 bounds: (73,257),(88,262),(86,270),(70,265)
w 0.0 bounds: (95,265),(102,267),(99,274),(93,272)
POC 0.0 bounds: (991,206),(1022,205),(1023,230),(992,231)
Raye 0.0 bounds: (996,247),(1023,247),(1023,268),(996,268)
Amana 0.0 bounds: (933,297),(963,278),(973,293),(943,312)
Pan 0.0 bounds: (3,379),(26,383),(23,400),(0,396)
House 0.0 bounds: (26,384),(62,390),(60,403),(24,397)
ARASSAMM 0.0 bounds: (519,216),(519,310),(498,310),(498,216)
