SRI LAKSHMI VENKATESHWARA MEDIC
STORES
2 CROSS
CHEMISTS & DRU
ALL TYPES OF MEDICINES WITH CAN
Best
MARKETING
ZATION
 0.0 bounds: (283,522),(874,522),(874,609),(283,609)
SRI 0.0 bounds: (285,522),(305,524),(303,545),(283,543)
LAKSHMI 0.0 bounds: (308,523),(353,528),(350,550),(306,545)
VENKATESHWARA 0.0 bounds: (355,529),(429,537),(426,559),(353,551)
MEDIC 0.0 bounds: (431,538),(458,541),(455,563),(429,560)
STORES 0.0 bounds: (504,548),(544,548),(544,570),(504,570)
2 0.0 bounds: (599,552),(610,550),(613,567),(602,569)
CROSS 0.0 bounds: (612,549),(647,542),(651,560),(615,567)
CHEMISTS 0.0 bounds: (350,551),(416,558),(414,569),(349,562)
& 0.0 bounds: (419,561),(427,562),(426,570),(418,569)
DRU 0.0 bounds: (435,559),(454,561),(453,574),(434,572)
ALL 0.0 bounds: (303,561),(318,562),(317,569),(302,568)
TYPES 0.0 bounds: (323,563),(350,565),(349,572),(322,570)
OF 0.0 bounds: (355,565),(364,566),(363,574),(354,573)
MEDICINES 0.0 bounds: (369,567),(413,571),(412,578),(368,574)
WITH 0.0 bounds: (418,569),(438,571),(437,580),(417,578)
CAN 0.0 bounds: (441,571),(457,572),(456,582),(440,581)
Best 0.0 bounds: (811,576),(834,578),(833,588),(810,586)
MARKETING 0.0 bounds: (810,587),(874,594),(872,609),(808,602)
ZATION 0.0 bounds: (503,577),(531,578),(531,588),(503,587)
