XEROX
Sti Vinayaka
d ustid a
CRI VINAYAK
BIKE WORK
24
 0.0 bounds: (142,208),(567,208),(567,377),(142,377)
XEROX 0.0 bounds: (426,208),(468,209),(468,218),(426,217)
Sti 0.0 bounds: (516,308),(529,309),(528,318),(515,317)
Vinayaka 0.0 bounds: (531,309),(567,312),(566,322),(530,319)
d 0.0 bounds: (142,290),(147,290),(147,299),(142,299)
ustid 0.0 bounds: (149,291),(163,291),(163,300),(149,300)
a 0.0 bounds: (165,291),(178,291),(178,300),(165,300)
CRI 0.0 bounds: (512,344),(526,345),(525,352),(511,351)
VINAYAK 0.0 bounds: (532,345),(559,348),(558,356),(531,353)
BIKE 0.0 bounds: (517,353),(536,355),(535,363),(516,361)
WORK 0.0 bounds: (539,355),(558,357),(557,365),(538,363)
24 0.0 bounds: (533,366),(562,368),(561,377),(532,375)
