indlia
VS ASSOCIATES
ocates & Legal Consultants
MITHILA
వకిఐిడిఐి బ్యాంతో
ICICI Bank
Fos Lignang
T AM
 0.0 bounds: (496,53),(960,53),(960,347),(496,347)
indlia 0.0 bounds: (558,138),(583,128),(587,138),(562,148)
VS 0.0 bounds: (808,108),(849,93),(856,109),(814,125)
ASSOCIATES 0.0 bounds: (851,92),(953,54),(959,71),(857,109)
ocates 0.0 bounds: (835,122),(861,113),(863,116),(836,126)
& 0.0 bounds: (863,111),(869,109),(870,114),(865,116)
Legal 0.0 bounds: (872,107),(896,98),(899,106),(875,115)
Consultants 0.0 bounds: (901,97),(957,77),(959,83),(903,103)
MITHILA 0.0 bounds: (496,316),(577,305),(582,335),(500,347)
వకిఐిడిఐి 0.0 bounds: (669,300),(709,294),(711,311),(672,317)
బ్యాంతో 0.0 bounds: (710,293),(740,288),(742,305),(713,310)
ICICI 0.0 bounds: (618,322),(656,318),(658,335),(620,339)
Bank 0.0 bounds: (658,319),(693,315),(694,331),(660,335)
Fos 0.0 bounds: (865,262),(895,259),(897,275),(867,279)
Lignang 0.0 bounds: (895,260),(953,253),(954,268),(897,275)
T 0.0 bounds: (723,329),(729,328),(730,334),(724,335)
AM 0.0 bounds: (738,328),(749,327),(750,333),(739,334)
