SBL
BHAGYALAKSHM
Sound o
K Horn.
407
StoP sl
KA-51AA 3882
 0.0 bounds: (316,329),(628,329),(628,530),(316,530)
SBL 0.0 bounds: (357,329),(423,330),(423,366),(357,365)
BHAGYALAKSHM 0.0 bounds: (532,343),(591,343),(591,352),(532,352)
Sound 0.0 bounds: (345,414),(406,417),(405,437),(344,434)
o 0.0 bounds: (417,421),(432,422),(431,437),(416,436)
K 0.0 bounds: (522,420),(538,420),(537,443),(521,443)
Horn. 0.0 bounds: (533,421),(598,423),(597,441),(532,439)
407 0.0 bounds: (436,479),(490,481),(489,501),(435,499)
StoP 0.0 bounds: (318,499),(359,503),(357,518),(316,514)
sl 0.0 bounds: (364,503),(385,505),(383,521),(362,519)
KA-51AA 0.0 bounds: (550,511),(597,513),(596,530),(549,528)
3882 0.0 bounds: (599,513),(628,514),(627,530),(598,529)
