యి స్వేటో బ్యాంకో
o STATE BANK OFINDIA
00000
 0.0 bounds: (-1,169),(642,169),(642,668),(-1,668)
యి 0.0 bounds: (19,169),(111,195),(92,264),(-1,238)
స్వేటో 0.0 bounds: (129,201),(267,240),(246,312),(109,273)
బ్యాంకో 0.0 bounds: (279,256),(398,290),(381,350),(262,317)
o 0.0 bounds: (410,295),(432,301),(423,336),(401,330)
STATE 0.0 bounds: (445,304),(515,322),(505,358),(436,340)
BANK 0.0 bounds: (516,323),(570,337),(561,372),(507,358)
OFINDIA 0.0 bounds: (572,337),(642,355),(632,391),(563,373)
00000 0.0 bounds: (104,629),(241,605),(248,645),(111,668)
