ప్రవేలో జ్మే.లీ, )
A EEE NA65
AGENT FOR ALLINTERNATIONALAND DOESTIC ARNE TO
OTRAVEL PVT.LTD.
FAAUNA
AIR CHINA
RAF e
cdaching
PUC CET
malaysia
T EALAA
PG
 0.0 bounds: (57,-6),(1007,-6),(1007,364),(57,364)
ప్రవేలో 0.0 bounds: (147,-6),(193,15),(188,28),(141,7)
జ్మే.లీ, 0.0 bounds: (201,18),(248,39),(242,54),(194,33)
) 0.0 bounds: (252,43),(252,43),(252,43),(252,43)
A 0.0 bounds: (913,318),(919,317),(920,327),(914,328)
EEE 0.0 bounds: (931,316),(950,315),(950,325),(932,326)
NA65 0.0 bounds: (965,316),(1007,321),(1005,337),(963,332)
AGENT 0.0 bounds: (60,-1),(78,6),(75,12),(58,5)
FOR 0.0 bounds: (82,8),(94,13),(92,18),(80,13)
ALLINTERNATIONALAND 0.0 bounds: (96,13),(162,40),(159,46),(94,19)
DOESTIC 0.0 bounds: (163,41),(188,51),(186,57),(161,47)
ARNE 0.0 bounds: (189,53),(207,61),(206,65),(187,58)
TO 0.0 bounds: (207,61),(214,64),(213,68),(205,65)
OTRAVEL 0.0 bounds: (121,2),(187,31),(180,47),(114,18)
PVT.LTD. 0.0 bounds: (191,33),(253,61),(246,76),(184,49)
FAAUNA 0.0 bounds: (606,141),(673,130),(675,143),(608,155)
AIR 0.0 bounds: (528,158),(548,154),(550,168),(531,172)
CHINA 0.0 bounds: (550,154),(577,149),(579,162),(552,167)
RAF 0.0 bounds: (921,271),(981,268),(982,286),(922,289)
e 0.0 bounds: (993,267),(1003,266),(1004,284),(994,285)
cdaching 0.0 bounds: (899,294),(970,286),(971,299),(900,307)
PUC 0.0 bounds: (921,307),(947,305),(948,316),(922,318)
CET 0.0 bounds: (958,306),(985,304),(986,312),(959,314)
malaysia 0.0 bounds: (547,272),(633,264),(635,285),(549,293)
T 0.0 bounds: (791,326),(796,325),(797,332),(792,333)
EALAA 0.0 bounds: (798,325),(816,323),(817,330),(799,332)
PG 0.0 bounds: (483,351),(501,348),(503,361),(485,364)
