విన్
VIDHAASDYA
BUS ST
SHESHADRI PURAM
VOLKEWASEN
POLC
 0.0 bounds: (217,227),(1023,227),(1023,636),(217,636)
విన్ 0.0 bounds: (221,229),(260,227),(261,240),(222,242)
VIDHAASDYA 0.0 bounds: (221,245),(318,240),(319,254),(222,259)
BUS 0.0 bounds: (218,288),(238,287),(238,296),(218,297)
ST 0.0 bounds: (246,284),(259,284),(259,296),(246,297)
SHESHADRI 0.0 bounds: (217,327),(276,326),(276,335),(217,336)
PURAM 0.0 bounds: (282,325),(319,324),(319,334),(282,335)
VOLKEWASEN 0.0 bounds: (549,599),(666,607),(665,617),(548,609)
POLC 0.0 bounds: (968,625),(1023,626),(1023,636),(968,635)
