HERMCES MAL
lasairal-e
(ete)
OWL
IDE ENTRANCE
个。
 0.0 bounds: (2,82),(647,82),(647,240),(2,240)
HERMCES 0.0 bounds: (599,82),(634,90),(631,106),(595,98)
MAL 0.0 bounds: (636,90),(647,92),(643,108),(632,106)
lasairal-e 0.0 bounds: (227,121),(285,127),(284,137),(226,131)
(ete) 0.0 bounds: (381,157),(357,158),(357,148),(381,147)
OWL 0.0 bounds: (380,158),(399,159),(399,170),(380,169)
IDE 0.0 bounds: (3,88),(16,90),(15,97),(2,95)
ENTRANCE 0.0 bounds: (18,91),(51,95),(50,101),(17,97)
个 0.0 bounds: (173,190),(173,230),(146,230),(146,190)
。 0.0 bounds: (173,232),(173,240),(146,240),(146,232)
