OF FERS
MATHSYA DARSHINI
CUBBON PARK
peos
MAT RSNINI
 0.0 bounds: (281,259),(914,259),(914,531),(281,531)
OF 0.0 bounds: (282,259),(292,260),(291,267),(281,266)
FERS 0.0 bounds: (292,262),(310,265),(309,269),(291,266)
MATHSYA 0.0 bounds: (842,461),(877,463),(876,470),(842,468)
DARSHINI 0.0 bounds: (881,462),(914,464),(913,474),(880,472)
CUBBON 0.0 bounds: (850,473),(883,475),(882,482),(850,480)
PARK 0.0 bounds: (887,476),(907,477),(907,482),(887,481)
peos 0.0 bounds: (810,467),(826,468),(825,475),(809,474)
MAT 0.0 bounds: (811,521),(822,521),(822,527),(811,527)
RSNINI 0.0 bounds: (826,519),(866,520),(866,531),(826,530)
