SUVARNA
BMTC
abdee do dato
:: : : :: : :: :
 0.0 bounds: (477,94),(803,94),(803,595),(477,595)
SUVARNA 0.0 bounds: (480,574),(505,574),(505,578),(480,578)
BMTC 0.0 bounds: (531,575),(558,575),(558,580),(531,580)
abdee 0.0 bounds: (477,581),(508,582),(508,592),(477,591)
do 0.0 bounds: (527,583),(535,583),(535,594),(527,594)
dato 0.0 bounds: (537,583),(562,584),(562,595),(537,594)
:: 0.0 bounds: (784,260),(783,215),(800,215),(801,260)
: 0.0 bounds: (789,202),(789,199),(800,199),(800,202)
: 0.0 bounds: (782,197),(782,187),(803,186),(803,196)
:: 0.0 bounds: (789,186),(788,167),(800,167),(801,186)
: 0.0 bounds: (790,154),(790,151),(801,151),(801,154)
:: 0.0 bounds: (782,138),(781,101),(800,100),(801,137)
: 0.0 bounds: (779,99),(779,96),(800,95),(800,98)
