ఇ
Kiran
POLICE STORES
Panasonic
Buaules an
SHIVA
ENTERPRISES
dpepal
POS
e
PI
89518 35458
SOT11 0854
SRINAS
LITS
 0.0 bounds: (236,81),(594,81),(594,714),(236,714)
ఇ 0.0 bounds: (402,87),(418,86),(418,93),(402,94)
Kiran 0.0 bounds: (404,101),(444,97),(445,110),(405,114)
POLICE 0.0 bounds: (408,111),(424,110),(424,117),(408,118)
STORES 0.0 bounds: (426,111),(443,110),(443,117),(426,118)
Panasonic 0.0 bounds: (236,232),(309,235),(309,245),(236,242)
Buaules 0.0 bounds: (288,260),(264,257),(265,249),(289,252)
an 0.0 bounds: (262,256),(251,255),(252,248),(263,249)
SHIVA 0.0 bounds: (372,316),(423,316),(423,325),(372,325)
ENTERPRISES 0.0 bounds: (364,327),(423,327),(423,337),(364,337)
dpepal 0.0 bounds: (378,339),(416,341),(416,349),(378,348)
POS 0.0 bounds: (369,352),(398,352),(398,361),(369,361)
e 0.0 bounds: (430,315),(380,315),(380,305),(430,305)
PI 0.0 bounds: (370,399),(384,399),(384,416),(370,416)
89518 0.0 bounds: (548,632),(573,633),(573,642),(548,641)
35458 0.0 bounds: (575,633),(594,633),(594,642),(575,642)
SOT11 0.0 bounds: (544,704),(566,703),(566,713),(544,714)
0854 0.0 bounds: (569,703),(591,702),(591,712),(569,713)
SRINAS 0.0 bounds: (307,81),(342,121),(331,131),(296,91)
LITS 0.0 bounds: (312,115),(337,146),(326,155),(301,124)
