Christmas goes jollien
w tfestas and fests
wait for Janary
ek HOME SERVICES odas
4AFOMIN ALEA
 0.0 bounds: (123,-4),(1022,-4),(1022,215),(123,215)
Christmas 0.0 bounds: (828,117),(918,116),(918,131),(828,132)
goes 0.0 bounds: (926,120),(964,119),(964,132),(926,133)
jollien 0.0 bounds: (972,114),(1022,113),(1022,130),(972,131)
w 0.0 bounds: (829,137),(838,137),(838,146),(829,146)
tfestas 0.0 bounds: (857,136),(906,135),(906,144),(857,145)
and 0.0 bounds: (908,138),(920,138),(920,142),(908,142)
fests 0.0 bounds: (937,136),(957,136),(957,141),(937,141)
wait 0.0 bounds: (158,-4),(174,6),(169,15),(152,6)
for 0.0 bounds: (175,7),(185,13),(181,21),(170,15)
Janary 0.0 bounds: (187,14),(215,30),(209,40),(181,24)
ek 0.0 bounds: (131,-3),(144,4),(136,18),(123,11)
HOME 0.0 bounds: (146,6),(165,17),(157,32),(138,21)
SERVICES 0.0 bounds: (167,18),(199,36),(192,49),(160,31)
odas 0.0 bounds: (204,38),(221,48),(214,62),(196,52)
4AFOMIN 0.0 bounds: (967,211),(998,211),(998,214),(967,214)
ALEA 0.0 bounds: (1002,209),(1019,209),(1019,215),(1002,215)
