tre
don d
OMBAY VADA PAV EAT EROO BOMBAY VADA PAY
 0.0 bounds: (728,187),(953,187),(953,388),(728,388)
tre 0.0 bounds: (931,193),(950,187),(953,197),(934,203)
don 0.0 bounds: (789,358),(824,355),(825,365),(790,368)
d 0.0 bounds: (826,355),(843,353),(844,362),(827,364)
OMBAY 0.0 bounds: (728,378),(747,375),(748,385),(729,388)
VADA 0.0 bounds: (750,375),(767,372),(768,381),(751,384)
PAV 0.0 bounds: (768,372),(779,370),(780,380),(769,382)
EAT 0.0 bounds: (787,369),(797,368),(798,377),(788,379)
EROO 0.0 bounds: (799,367),(817,364),(818,374),(800,377)
BOMBAY 0.0 bounds: (819,364),(844,360),(845,370),(820,374)
VADA 0.0 bounds: (847,360),(861,358),(862,368),(848,370)
PAY 0.0 bounds: (863,356),(873,355),(874,364),(864,366)
