4000
Galaxv S7 eage
HSBC
SAMSUNG
water Resistant
99000
Cow-Lignt Comera ()
HE SCREENS
IN LULY
n with
A-C
SA
 0.0 bounds: (145,58),(898,58),(898,336),(145,336)
4000 0.0 bounds: (478,176),(520,178),(520,190),(478,188)
Galaxv 0.0 bounds: (145,169),(176,170),(176,177),(145,176)
S7 0.0 bounds: (179,170),(187,170),(187,175),(179,175)
eage 0.0 bounds: (190,172),(207,173),(207,178),(190,177)
HSBC 0.0 bounds: (837,85),(888,58),(897,74),(845,101)
SAMSUNG 0.0 bounds: (262,173),(299,173),(299,177),(262,177)
water 0.0 bounds: (159,202),(188,202),(188,212),(159,212)
Resistant 0.0 bounds: (193,203),(232,203),(232,215),(193,215)
99000 0.0 bounds: (404,185),(460,179),(461,192),(405,198)
Cow-Lignt 0.0 bounds: (152,248),(185,247),(185,254),(152,255)
Comera 0.0 bounds: (189,247),(215,246),(215,254),(189,255)
() 0.0 bounds: (217,246),(234,246),(234,253),(217,253)
HE 0.0 bounds: (480,229),(506,222),(508,228),(482,235)
SCREENS 0.0 bounds: (509,221),(533,214),(535,221),(511,228)
IN 0.0 bounds: (496,232),(508,228),(511,237),(498,241)
LULY 0.0 bounds: (510,227),(527,222),(530,232),(513,237)
n 0.0 bounds: (154,322),(161,321),(162,332),(155,333)
with 0.0 bounds: (163,321),(185,319),(186,331),(164,333)
A-C 0.0 bounds: (362,290),(414,280),(418,298),(366,309)
SA 0.0 bounds: (332,327),(351,324),(352,333),(333,336)
