BMTC
Oonche Log,
Oonchi Pasand
ard ca ddra Driat Dot
RA CORPORAT
(A)
Join
RMD
RMD
ALMAY
PAN MASALA
S and Noe
KALE4S80S DRIVE SAFELu
 0.0 bounds: (23,232),(904,232),(904,509),(23,509)
BMTC 0.0 bounds: (233,338),(292,325),(294,336),(236,350)
Oonche 0.0 bounds: (255,382),(288,376),(290,386),(257,392)
Log, 0.0 bounds: (293,374),(311,371),(313,382),(295,385)
Oonchi 0.0 bounds: (265,395),(298,389),(300,397),(267,404)
Pasand 0.0 bounds: (301,386),(336,379),(339,393),(304,400)
ard 0.0 bounds: (777,281),(798,273),(800,277),(779,286)
ca 0.0 bounds: (802,272),(822,264),(824,272),(805,279)
ddra 0.0 bounds: (826,263),(847,255),(850,262),(829,270)
Driat 0.0 bounds: (852,252),(872,244),(875,250),(854,258)
Dot 0.0 bounds: (875,242),(900,232),(904,241),(879,251)
RA 0.0 bounds: (796,284),(826,273),(828,279),(798,291)
CORPORAT 0.0 bounds: (853,262),(881,252),(884,259),(856,270)
(A) 0.0 bounds: (23,447),(49,445),(50,466),(24,468)
Join 0.0 bounds: (85,437),(143,433),(144,456),(87,460)
RMD 0.0 bounds: (244,416),(361,394),(367,426),(250,447)
RMD 0.0 bounds: (186,440),(224,431),(227,445),(189,454)
ALMAY 0.0 bounds: (192,456),(213,450),(215,455),(194,462)
PAN 0.0 bounds: (262,445),(287,440),(288,448),(263,453)
MASALA 0.0 bounds: (293,439),(346,429),(348,439),(295,449)
S 0.0 bounds: (276,456),(281,455),(282,464),(278,465)
and 0.0 bounds: (300,451),(312,449),(314,459),(302,461)
Noe 0.0 bounds: (325,450),(346,446),(346,450),(326,454)
KALE4S80S 0.0 bounds: (250,498),(334,485),(336,496),(252,509)
DRIVE 0.0 bounds: (340,484),(360,481),(361,492),(342,495)
SAFELu 0.0 bounds: (362,480),(388,476),(389,487),(364,491)
