PORATE GIFT
available here
BIS
APPROVED
RS PLANNERS
BLE HERE pe,
DIARIES
Quality Assured N
Anupam
ACCOUNT BOOKS
BOX FILES
SPRING FILES
OFFICE
STATIONERY
COMPUTER
ONSUMABLES
FERENCE
FOLDERS
DReliance
 0.0 bounds: (278,0),(1024,0),(1024,749),(278,749)
PORATE 0.0 bounds: (359,0),(447,10),(446,22),(358,12)
GIFT 0.0 bounds: (456,10),(500,15),(498,31),(454,26)
available 0.0 bounds: (338,18),(431,30),(429,50),(335,38)
here 0.0 bounds: (436,31),(488,38),(485,58),(433,51)
BIS 0.0 bounds: (863,112),(982,44),(997,70),(878,138)
APPROVED 0.0 bounds: (843,162),(1005,75),(1023,108),(861,195)
RS 0.0 bounds: (423,358),(445,343),(455,357),(433,372)
PLANNERS 0.0 bounds: (449,340),(512,297),(521,311),(459,354)
BLE 0.0 bounds: (414,387),(445,368),(453,382),(422,401)
HERE 0.0 bounds: (446,366),(475,348),(484,363),(455,380)
pe, 0.0 bounds: (504,331),(516,324),(525,338),(513,345)
DIARIES 0.0 bounds: (433,317),(515,260),(532,284),(450,342)
Quality 0.0 bounds: (476,404),(497,405),(497,409),(476,408)
Assured 0.0 bounds: (509,403),(560,407),(559,417),(508,413)
N 0.0 bounds: (571,408),(578,408),(577,418),(570,418)
Anupam 0.0 bounds: (503,426),(562,429),(561,444),(502,441)
ACCOUNT 0.0 bounds: (473,458),(547,460),(546,490),(472,488)
BOOKS 0.0 bounds: (551,460),(608,461),(607,491),(550,490)
BOX 0.0 bounds: (478,499),(534,500),(534,523),(478,522)
FILES 0.0 bounds: (541,500),(605,501),(605,521),(541,520)
SPRING 0.0 bounds: (478,543),(553,542),(553,564),(478,565)
FILES 0.0 bounds: (560,541),(609,540),(609,560),(560,561)
OFFICE 0.0 bounds: (517,586),(585,584),(585,600),(518,602)
STATIONERY 0.0 bounds: (493,603),(612,598),(613,622),(494,627)
COMPUTER 0.0 bounds: (510,648),(602,643),(603,660),(511,665)
ONSUMABLES 0.0 bounds: (516,665),(619,657),(620,676),(517,684)
FERENCE 0.0 bounds: (544,708),(614,700),(616,718),(546,726)
FOLDERS 0.0 bounds: (558,726),(626,719),(628,742),(560,749)
DReliance 0.0 bounds: (278,258),(382,103),(424,131),(320,286)
