TCITAM
an M
A ag CD CREATORS &DESIGNERS
/B.Sdl INDIA'S BEST PERFORMING INSTITUTE
DIPLOMA/B.Sc in
INTERIOR DESIGN
ESIGN FOR HOUSE -WES STUDENTS EECUES INOR O
PH: 8050027999/944885osa/SS50
www.creatorsanddesirners.in
CD
8254
50502
CREATORS DESIGNERS
 0.0 bounds: (1,343),(465,343),(465,558),(1,558)
TCITAM 0.0 bounds: (251,343),(296,347),(294,362),(250,358)
an 0.0 bounds: (426,374),(448,375),(447,384),(425,383)
M 0.0 bounds: (454,371),(465,372),(464,387),(453,386)
A 0.0 bounds: (4,417),(6,417),(6,420),(4,420)
ag 0.0 bounds: (13,412),(29,412),(29,427),(13,427)
CD 0.0 bounds: (63,412),(85,412),(85,428),(63,428)
CREATORS 0.0 bounds: (87,415),(146,415),(146,426),(87,426)
&DESIGNERS 0.0 bounds: (151,413),(216,413),(216,429),(151,429)
/B.Sdl 0.0 bounds: (6,436),(49,435),(49,447),(6,448)
INDIA'S 0.0 bounds: (57,435),(93,434),(93,445),(57,446)
BEST 0.0 bounds: (95,433),(117,432),(117,444),(95,445)
PERFORMING 0.0 bounds: (121,432),(175,430),(175,442),(121,444)
INSTITUTE 0.0 bounds: (179,431),(215,430),(215,441),(179,442)
DIPLOMA/B.Sc 0.0 bounds: (70,445),(178,443),(178,454),(70,456)
in 0.0 bounds: (179,446),(188,446),(188,451),(179,451)
INTERIOR 0.0 bounds: (42,458),(146,456),(146,473),(42,475)
DESIGN 0.0 bounds: (157,455),(215,454),(215,472),(157,473)
ESIGN 0.0 bounds: (4,480),(39,479),(39,491),(5,492)
FOR 0.0 bounds: (49,478),(61,477),(61,489),(50,490)
HOUSE 0.0 bounds: (63,478),(83,477),(83,489),(64,490)
-WES 0.0 bounds: (85,477),(107,476),(107,488),(86,489)
STUDENTS 0.0 bounds: (109,476),(139,475),(139,487),(110,488)
EECUES 0.0 bounds: (141,475),(175,474),(175,485),(141,486)
INOR 0.0 bounds: (177,473),(195,472),(195,484),(178,485)
O 0.0 bounds: (197,473),(201,473),(201,484),(197,484)
PH: 0.0 bounds: (53,492),(72,491),(73,502),(54,503)
8050027999/944885osa/SS50 0.0 bounds: (74,490),(210,481),(210,493),(75,502)
www.creatorsanddesirners.in 0.0 bounds: (52,505),(217,492),(218,503),(53,516)
CD 0.0 bounds: (44,526),(64,524),(65,532),(45,534)
8254 0.0 bounds: (2,531),(27,530),(28,542),(3,543)
50502 0.0 bounds: (1,545),(26,543),(27,556),(2,558)
CREATORS 0.0 bounds: (41,542),(120,532),(122,544),(43,554)
DESIGNERS 0.0 bounds: (141,528),(209,519),(211,532),(143,541)
