జింగళణరు అంర
BANGALORE INTERNA
బిధానసౌధ
VIDHANA SOUDHA
HOSUR
个
KORAMANGALA
个
coriecas o
BRIGADE ROAD
జి.టి.2
G.P.O
 0.0 bounds: (667,164),(1023,164),(1023,234),(667,234)
జింగళణరు 0.0 bounds: (914,164),(960,165),(960,174),(914,173)
అంర 0.0 bounds: (964,164),(992,164),(992,175),(964,175)
BANGALORE 0.0 bounds: (913,177),(973,178),(973,184),(913,183)
INTERNA 0.0 bounds: (979,175),(1023,176),(1023,186),(979,185)
బిధానసౌధ 0.0 bounds: (913,189),(995,189),(995,199),(913,199)
VIDHANA 0.0 bounds: (913,201),(959,201),(959,207),(913,207)
SOUDHA 0.0 bounds: (964,203),(1008,203),(1008,209),(964,209)
HOSUR 0.0 bounds: (700,172),(760,171),(760,178),(700,179)
个 0.0 bounds: (668,185),(677,185),(677,199),(668,199)
KORAMANGALA 0.0 bounds: (699,194),(799,195),(799,201),(699,200)
个 0.0 bounds: (667,209),(676,209),(676,223),(667,223)
coriecas 0.0 bounds: (699,206),(758,207),(758,217),(699,216)
o 0.0 bounds: (766,208),(788,209),(788,218),(766,217)
BRIGADE 0.0 bounds: (698,215),(759,216),(759,226),(698,225)
ROAD 0.0 bounds: (764,216),(802,217),(802,227),(764,226)
జి.టి.2 0.0 bounds: (913,212),(950,210),(951,222),(914,224)
G.P.O 0.0 bounds: (908,222),(949,222),(949,234),(908,234)
