SURY
రే, రామరాజీ
K.KAMARAJ
TATA
IndigoS
60 00 100
 0.0 bounds: (427,409),(1017,409),(1017,745),(427,745)
SURY 0.0 bounds: (663,409),(698,409),(698,418),(663,418)
రే, 0.0 bounds: (970,502),(982,502),(982,514),(970,514)
రామరాజీ 0.0 bounds: (983,502),(1017,502),(1017,513),(983,513)
K.KAMARAJ 0.0 bounds: (953,513),(1005,513),(1005,524),(953,524)
TATA 0.0 bounds: (427,550),(445,550),(445,554),(427,554)
IndigoS 0.0 bounds: (504,549),(541,549),(541,557),(504,557)
60 0.0 bounds: (938,729),(953,726),(956,742),(941,745)
00 0.0 bounds: (962,725),(976,722),(978,735),(965,738)
100 0.0 bounds: (986,720),(1005,716),(1007,730),(989,734)
