SAL
9986520900
9886020900
BANARASI FANCY SAREES
BENGAL COTTON TANGAIL SAREES MAU HANDLOOM SAREES
Cont
KOLKATA DESIGNER SAREES
R
BOMBAY COTTON SAREES
BAJ
ANTHI
SONS
SERDINGSS
L KRISHNAAH SERN
wodafone
SuperNet
KA01
A7367
PAM
イ
 0.0 bounds: (0,10),(997,10),(997,652),(0,652)
SAL 0.0 bounds: (372,11),(428,10),(428,26),(372,27)
9986520900 0.0 bounds: (355,60),(482,59),(482,77),(355,78)
9886020900 0.0 bounds: (345,83),(483,83),(483,99),(345,99)
BANARASI 0.0 bounds: (549,80),(603,97),(601,105),(547,88)
FANCY 0.0 bounds: (607,100),(637,109),(635,115),(605,106)
SAREES 0.0 bounds: (642,110),(678,121),(676,128),(640,117)
BENGAL 0.0 bounds: (538,91),(576,103),(574,111),(535,100)
COTTON 0.0 bounds: (578,105),(614,116),(612,123),(576,112)
TANGAIL 0.0 bounds: (620,116),(655,127),(653,136),(617,126)
SAREES 0.0 bounds: (658,127),(687,136),(684,146),(655,138)
MAU 0.0 bounds: (700,142),(718,148),(716,153),(698,148)
HANDLOOM 0.0 bounds: (722,148),(766,161),(764,168),(720,155)
SAREES 0.0 bounds: (770,164),(798,172),(796,177),(769,169)
Cont 0.0 bounds: (294,61),(320,60),(320,76),(294,77)
KOLKATA 0.0 bounds: (699,128),(733,139),(731,147),(697,136)
DESIGNER 0.0 bounds: (735,140),(770,151),(768,158),(733,147)
SAREES 0.0 bounds: (773,153),(798,161),(796,166),(771,158)
R 0.0 bounds: (11,46),(51,54),(46,83),(5,75)
BOMBAY 0.0 bounds: (622,130),(661,142),(659,149),(620,138)
COTTON 0.0 bounds: (665,143),(702,154),(701,160),(663,149)
SAREES 0.0 bounds: (704,154),(736,163),(733,171),(702,162)
BAJ 0.0 bounds: (971,195),(997,206),(992,217),(966,206)
ANTHI 0.0 bounds: (342,222),(445,223),(445,247),(342,246)
SONS 0.0 bounds: (17,204),(43,208),(41,219),(15,215)
SERDINGSS 0.0 bounds: (351,245),(406,246),(406,253),(351,252)
L 0.0 bounds: (832,315),(836,316),(835,325),(831,325)
KRISHNAAH 0.0 bounds: (842,316),(880,321),(878,333),(840,328)
SERN 0.0 bounds: (882,321),(901,323),(899,335),(880,333)
wodafone 0.0 bounds: (574,307),(617,310),(615,328),(573,325)
SuperNet 0.0 bounds: (568,324),(632,327),(631,346),(567,343)
KA01 0.0 bounds: (568,618),(594,619),(593,632),(567,631)
A7367 0.0 bounds: (558,634),(605,637),(604,652),(557,649)
PAM 0.0 bounds: (0,605),(28,603),(29,612),(1,614)
イ 0.0 bounds: (55,19),(50,119),(25,118),(30,18)
