TO LET ROOMS.
ONE BED ROOM HOUSES
PH-93430901RA
UNCHE
Suno
 0.0 bounds: (48,26),(165,26),(165,129),(48,129)
TO 0.0 bounds: (52,26),(70,27),(70,42),(52,41)
LET 0.0 bounds: (74,26),(102,27),(102,41),(74,40)
ROOMS. 0.0 bounds: (112,28),(165,30),(165,45),(112,43)
ONE 0.0 bounds: (48,44),(66,44),(66,53),(48,53)
BED 0.0 bounds: (74,45),(91,45),(91,54),(74,54)
ROOM 0.0 bounds: (95,45),(126,46),(126,55),(95,54)
HOUSES 0.0 bounds: (125,45),(165,46),(165,56),(125,55)
PH-93430901RA 0.0 bounds: (48,55),(146,55),(146,66),(48,66)
UNCHE 0.0 bounds: (75,104),(115,105),(115,118),(75,117)
Suno 0.0 bounds: (83,117),(113,117),(113,129),(83,129)
