08 rlec
ామి దేలవన్ాన
SWAMY TEMPLE
WANA SWAMY TEMPLE
de deasan
KSHMI TEMPLE
3A11
 0.0 bounds: (1,395),(449,395),(449,611),(1,611)
08 0.0 bounds: (1,398),(15,396),(17,409),(3,411)
rlec 0.0 bounds: (16,398),(37,395),(38,403),(17,406)
ామి 0.0 bounds: (1,412),(21,409),(24,430),(4,433)
దేలవన్ాన 0.0 bounds: (31,410),(93,402),(96,422),(34,430)
SWAMY 0.0 bounds: (2,433),(44,427),(46,445),(5,451)
TEMPLE 0.0 bounds: (47,426),(100,418),(103,434),(49,442)
WANA 0.0 bounds: (1,474),(23,471),(25,489),(3,492)
SWAMY 0.0 bounds: (27,474),(69,468),(70,479),(29,485)
TEMPLE 0.0 bounds: (74,467),(117,461),(118,473),(76,479)
de 0.0 bounds: (1,493),(29,489),(32,513),(5,517)
deasan 0.0 bounds: (30,490),(99,480),(103,502),(33,513)
KSHMI 0.0 bounds: (2,516),(48,509),(51,527),(5,535)
TEMPLE 0.0 bounds: (51,509),(108,500),(111,516),(54,525)
3A11 0.0 bounds: (431,604),(448,603),(449,609),(432,611)
