RUSMI
E
THELER
1
Hatti Ka:
TATTOO
RUSMI
E 1992
onarch
USMI
EI O.
 0.0 bounds: (73,195),(1027,195),(1027,383),(73,383)
RUSMI 0.0 bounds: (80,195),(165,221),(158,244),(73,218)
E 0.0 bounds: (212,217),(220,217),(220,229),(212,229)
THELER 0.0 bounds: (268,229),(294,238),(290,248),(265,239)
1 0.0 bounds: (216,240),(217,240),(217,252),(216,252)
Hatti 0.0 bounds: (947,254),(994,241),(998,257),(951,269)
Ka: 0.0 bounds: (995,239),(1022,232),(1027,251),(1000,258)
TATTOO 0.0 bounds: (813,323),(859,323),(859,335),(813,335)
RUSMI 0.0 bounds: (178,307),(210,307),(210,311),(178,311)
E 0.0 bounds: (219,312),(224,312),(224,319),(219,319)
1992 0.0 bounds: (226,311),(241,311),(241,319),(226,319)
onarch 0.0 bounds: (440,333),(480,330),(480,339),(441,342)
USMI 0.0 bounds: (172,338),(204,340),(203,349),(171,347)
EI 0.0 bounds: (103,288),(102,348),(84,348),(85,288)
O. 0.0 bounds: (102,354),(102,383),(84,383),(84,354)
