har
Aublig hie
STAR ADVTBBMP NP
607 TAX RECEPT NO 36014 PERIODA E 08 to 31.05.09 A
WRATHAN
 0.0 bounds: (385,18),(894,18),(894,245),(385,245)
har 0.0 bounds: (521,34),(552,19),(559,32),(528,47)
Aublig 0.0 bounds: (516,47),(538,37),(544,50),(522,60)
hie 0.0 bounds: (539,36),(552,30),(558,43),(545,49)
STAR 0.0 bounds: (588,84),(607,83),(607,95),(588,96)
ADVTBBMP 0.0 bounds: (608,84),(638,83),(638,95),(608,96)
NP 0.0 bounds: (640,83),(664,82),(664,93),(640,94)
607 0.0 bounds: (686,81),(701,81),(701,93),(686,93)
TAX 0.0 bounds: (703,80),(712,80),(712,93),(703,93)
RECEPT 0.0 bounds: (714,79),(740,78),(740,92),(714,93)
NO 0.0 bounds: (743,80),(750,80),(750,92),(743,92)
36014 0.0 bounds: (753,79),(770,79),(770,91),(753,91)
PERIODA 0.0 bounds: (772,79),(801,78),(801,90),(772,91)
E 0.0 bounds: (803,78),(809,78),(809,90),(803,90)
08 0.0 bounds: (811,78),(818,78),(818,90),(811,90)
to 0.0 bounds: (820,78),(827,78),(827,90),(820,90)
31.05.09 0.0 bounds: (829,77),(853,76),(853,89),(829,90)
A 0.0 bounds: (881,77),(894,77),(894,89),(881,89)
WRATHAN 0.0 bounds: (385,238),(413,239),(413,244),(385,243)
