Sambbrumd Siks
అ జీర్టాజ్యిల్స్
SHA Yitiles
GajendradPER Siau
Wholesale & Retail Clother
SILK AND HI FANCY SAREES
NO. 668. CHICKPET, BENGALURU - 560 es3
Wholesale s Retail Cloffh Merchants Dart agl
Tat MOCE
IP
IRCE
PRADEEP
ABRICS
 0.0 bounds: (3,4),(1000,4),(1000,461),(3,461)
Sambbrumd 0.0 bounds: (761,103),(928,169),(904,231),(737,164)
Siks 0.0 bounds: (932,172),(1000,199),(976,259),(908,232)
అ 0.0 bounds: (34,4),(60,11),(51,46),(25,39)
జీర్టాజ్యిల్స్ 0.0 bounds: (122,29),(362,94),(353,130),(112,65)
SHA 0.0 bounds: (15,77),(181,103),(173,152),(7,125)
Yitiles 0.0 bounds: (171,101),(363,132),(355,181),(163,150)
GajendradPER 0.0 bounds: (410,157),(611,204),(599,253),(399,206)
Siau 0.0 bounds: (612,205),(652,214),(641,263),(601,254)
Wholesale 0.0 bounds: (195,150),(259,164),(257,170),(194,157)
& 0.0 bounds: (264,165),(271,166),(270,172),(263,171)
Retail 0.0 bounds: (276,167),(306,173),(305,180),(275,174)
Clother 0.0 bounds: (311,175),(348,183),(347,188),(310,180)
SILK 0.0 bounds: (6,123),(51,132),(48,148),(3,139)
AND 0.0 bounds: (57,136),(104,145),(102,155),(55,146)
HI 0.0 bounds: (113,148),(131,152),(129,160),(111,157)
FANCY 0.0 bounds: (141,153),(205,166),(203,176),(139,163)
SAREES 0.0 bounds: (213,168),(286,183),(284,191),(211,177)
NO. 0.0 bounds: (42,147),(67,152),(65,161),(40,156)
668. 0.0 bounds: (66,154),(86,158),(85,164),(65,160)
CHICKPET, 0.0 bounds: (89,159),(143,169),(142,174),(88,164)
BENGALURU 0.0 bounds: (146,169),(206,180),(205,185),(145,174)
- 0.0 bounds: (211,179),(214,180),(212,188),(209,188)
560 0.0 bounds: (216,183),(229,185),(228,190),(215,188)
es3 0.0 bounds: (233,186),(247,189),(246,194),(232,191)
Wholesale 0.0 bounds: (400,210),(444,220),(441,232),(397,222)
s 0.0 bounds: (446,220),(450,221),(447,233),(443,232)
Retail 0.0 bounds: (452,221),(479,227),(476,240),(449,234)
Cloffh 0.0 bounds: (481,227),(500,231),(497,244),(478,240)
Merchants 0.0 bounds: (499,232),(541,241),(538,253),(496,244)
Dart 0.0 bounds: (576,249),(598,254),(596,266),(573,261)
agl 0.0 bounds: (600,255),(629,262),(627,273),(597,267)
Tat 0.0 bounds: (921,366),(936,369),(933,381),(918,378)
MOCE 0.0 bounds: (937,370),(965,377),(963,388),(934,382)
IP 0.0 bounds: (897,384),(961,397),(954,430),(890,416)
IRCE 0.0 bounds: (169,245),(190,247),(189,253),(168,251)
PRADEEP 0.0 bounds: (897,419),(951,430),(947,449),(893,438)
ABRICS 0.0 bounds: (899,441),(940,451),(937,461),(897,451)
