Se
es s
POLO
Forelgn E
Indian Overseas Bank
Residency Road Branch
VA BANKC
VJAYA BANK
dusk इण्डियन ओवरसीज़ बैंक
et tr arar
ORAJAN
Residency
 0.0 bounds: (305,-7),(1025,-7),(1025,279),(305,279)
Se 0.0 bounds: (401,65),(408,65),(408,70),(401,70)
es 0.0 bounds: (402,73),(419,72),(419,77),(402,78)
s 0.0 bounds: (433,70),(446,69),(446,75),(433,76)
POLO 0.0 bounds: (739,10),(770,-1),(774,12),(743,22)
Forelgn 0.0 bounds: (742,25),(794,4),(799,16),(747,37)
E 0.0 bounds: (800,5),(813,0),(815,5),(802,11)
Indian 0.0 bounds: (847,53),(891,39),(896,55),(852,69)
Overseas 0.0 bounds: (897,35),(972,10),(978,27),(903,52)
Bank 0.0 bounds: (978,7),(1019,-6),(1024,11),(984,24)
Residency 0.0 bounds: (892,72),(926,61),(929,70),(895,82)
Road 0.0 bounds: (929,61),(948,55),(950,62),(931,69)
Branch 0.0 bounds: (950,55),(976,47),(978,53),(952,62)
VA 0.0 bounds: (478,158),(498,159),(498,165),(478,164)
BANKC 0.0 bounds: (496,158),(526,159),(526,166),(496,165)
VJAYA 0.0 bounds: (422,174),(448,173),(448,178),(422,179)
BANK 0.0 bounds: (452,172),(471,171),(471,177),(452,178)
dusk 0.0 bounds: (582,144),(638,124),(645,142),(589,163)
इण्डियन 0.0 bounds: (696,105),(733,92),(739,109),(702,122)
ओवरसीज़ 0.0 bounds: (736,90),(786,72),(792,90),(742,108)
बैंक 0.0 bounds: (790,71),(812,63),(818,80),(796,88)
et 0.0 bounds: (727,122),(750,116),(752,123),(729,130)
tr 0.0 bounds: (752,115),(761,113),(763,120),(754,123)
arar 0.0 bounds: (764,113),(780,109),(782,115),(766,120)
ORAJAN 0.0 bounds: (512,219),(545,217),(545,225),(512,227)
Residency 0.0 bounds: (306,263),(360,266),(359,279),(305,276)
