sotwcn Siyarams
MATHAJI SARER
Whoiesa Deer Ebo ANC
IP
ROYALE LINEN
BE IN COMMAND
premiym linen lob
JAI LAXMI TEX
PRABHAT DEWE
MFGS. OF GOLD JEWELLERYG
2,4,6,8
MAESTAO
4UENCTIONS
 0.0 bounds: (169,-7),(1027,-7),(1027,759),(169,759)
sotwcn 0.0 bounds: (653,-7),(718,10),(711,34),(647,16)
Siyarams 0.0 bounds: (744,17),(829,40),(822,64),(738,41)
MATHAJI 0.0 bounds: (933,73),(988,86),(985,103),(929,90)
SARER 0.0 bounds: (992,87),(1027,95),(1023,112),(988,104)
Whoiesa 0.0 bounds: (935,97),(958,102),(957,109),(933,104)
Deer 0.0 bounds: (961,103),(979,107),(977,114),(959,110)
Ebo 0.0 bounds: (988,108),(1008,113),(1007,120),(986,115)
ANC 0.0 bounds: (1011,113),(1023,116),(1021,123),(1009,121)
IP 0.0 bounds: (426,48),(626,70),(612,194),(412,172)
ROYALE 0.0 bounds: (686,87),(797,103),(793,128),(682,112)
LINEN 0.0 bounds: (813,110),(886,121),(883,141),(810,130)
BE 0.0 bounds: (748,131),(760,133),(759,139),(747,138)
IN 0.0 bounds: (766,133),(777,134),(776,141),(765,140)
COMMAND 0.0 bounds: (782,136),(836,143),(835,150),(781,143)
premiym 0.0 bounds: (759,151),(788,154),(787,161),(758,158)
linen 0.0 bounds: (791,154),(810,156),(809,163),(790,161)
lob 0.0 bounds: (811,157),(820,158),(819,165),(810,164)
JAI 0.0 bounds: (803,176),(821,178),(820,190),(802,188)
LAXMI 0.0 bounds: (825,180),(859,183),(858,193),(824,190)
TEX 0.0 bounds: (864,184),(885,186),(884,199),(863,197)
PRABHAT 0.0 bounds: (918,200),(992,210),(989,232),(915,222)
DEWE 0.0 bounds: (996,210),(1022,213),(1019,237),(993,234)
MFGS. 0.0 bounds: (921,232),(948,234),(947,245),(920,243)
OF 0.0 bounds: (950,234),(957,234),(956,245),(949,245)
GOLD 0.0 bounds: (959,234),(977,235),(976,246),(958,245)
JEWELLERYG 0.0 bounds: (979,236),(1019,239),(1018,250),(978,247)
2,4,6,8 0.0 bounds: (505,179),(608,187),(605,215),(503,207)
MAESTAO 0.0 bounds: (534,745),(635,744),(635,758),(534,759)
4UENCTIONS 0.0 bounds: (185,0),(186,71),(171,71),(170,0)
