1O-LET
LET
44 SA
ST PATRICK'S CHURCH
Setoron
ATM
 0.0 bounds: (66,101),(965,101),(965,484),(66,484)
1O-LET 0.0 bounds: (78,101),(154,147),(143,166),(67,120)
LET 0.0 bounds: (115,245),(144,255),(142,263),(112,254)
44 0.0 bounds: (114,255),(127,260),(125,266),(112,262)
SA 0.0 bounds: (130,262),(143,267),(141,273),(128,269)
ST 0.0 bounds: (890,475),(895,475),(895,482),(890,482)
PATRICK'S 0.0 bounds: (898,474),(930,475),(930,483),(898,482)
CHURCH 0.0 bounds: (933,475),(965,476),(965,484),(933,483)
Setoron 0.0 bounds: (184,335),(215,343),(214,348),(183,340)
ATM 0.0 bounds: (287,365),(300,367),(299,374),(286,372)
