CENTRAL
RESIGENCY As
G STREET SMA
98822
P
161
 0.0 bounds: (739,20),(933,20),(933,224),(739,224)
CENTRAL 0.0 bounds: (844,20),(908,30),(905,48),(841,38)
RESIGENCY 0.0 bounds: (845,48),(887,54),(886,59),(844,53)
As 0.0 bounds: (891,54),(910,57),(909,64),(890,61)
G 0.0 bounds: (859,77),(865,77),(864,87),(858,87)
STREET 0.0 bounds: (863,78),(895,80),(894,88),(862,86)
SMA 0.0 bounds: (900,80),(933,82),(932,92),(899,90)
98822 0.0 bounds: (877,87),(925,91),(924,101),(876,97)
P 0.0 bounds: (739,190),(746,189),(749,204),(742,206)
161 0.0 bounds: (742,206),(760,203),(763,220),(745,224)
