పెడజిి
LSP TH!
hatesale Oealers in Exclusive Fancy Sarees
PRATHANA CREATION
Dress Materials & Ready-made
Aradhana Gaments
SILA
 0.0 bounds: (394,-3),(920,-3),(920,700),(394,700)
పెడజిి 0.0 bounds: (669,378),(759,385),(757,406),(667,399)
LSP 0.0 bounds: (430,369),(641,401),(634,441),(424,409)
TH! 0.0 bounds: (717,413),(795,425),(789,465),(711,453)
hatesale 0.0 bounds: (500,423),(550,429),(548,439),(499,433)
Oealers 0.0 bounds: (555,429),(596,434),(595,444),(554,439)
in 0.0 bounds: (600,435),(611,436),(610,445),(599,444)
Exclusive 0.0 bounds: (614,436),(666,442),(664,452),(613,446)
Fancy 0.0 bounds: (671,444),(700,447),(699,454),(670,451)
Sarees 0.0 bounds: (706,448),(741,452),(740,457),(705,453)
PRATHANA 0.0 bounds: (397,483),(561,498),(558,533),(394,518)
CREATION 0.0 bounds: (569,499),(695,511),(692,546),(566,534)
Dress 0.0 bounds: (395,527),(444,531),(443,544),(394,540)
Materials 0.0 bounds: (453,530),(533,537),(531,551),(452,544)
& 0.0 bounds: (542,538),(553,539),(552,552),(541,551)
Ready-made 0.0 bounds: (563,539),(667,548),(665,565),(562,556)
Aradhana 0.0 bounds: (816,672),(874,666),(876,694),(819,700)
Gaments 0.0 bounds: (876,667),(917,663),(919,690),(879,694)
SILA 0.0 bounds: (803,26),(827,-2),(836,6),(812,34)
