hot
An tit torA
KAS CompetiveE ms
Mob: B1057 06475/9535
ST PAIRY
OLA
31205
fe ch.
JATI PARLOe
Ola Auto now at
29
for 4 km
Book now on the Ola App
brgng ed
 0.0 bounds: (628,82),(1024,82),(1024,671),(628,671)
hot 0.0 bounds: (759,82),(778,84),(777,93),(758,91)
An 0.0 bounds: (760,103),(776,103),(776,112),(760,112)
tit 0.0 bounds: (778,103),(794,103),(794,112),(778,112)
torA 0.0 bounds: (806,103),(828,103),(828,112),(806,112)
KAS 0.0 bounds: (766,112),(785,112),(785,118),(766,118)
CompetiveE 0.0 bounds: (795,112),(841,113),(841,120),(795,119)
ms 0.0 bounds: (855,114),(861,114),(861,120),(855,120)
Mob: 0.0 bounds: (764,130),(780,130),(780,136),(764,136)
B1057 0.0 bounds: (782,130),(798,130),(798,136),(782,136)
06475/9535 0.0 bounds: (800,130),(839,130),(839,136),(800,136)
ST 0.0 bounds: (765,157),(773,158),(773,162),(765,161)
PAIRY 0.0 bounds: (779,155),(796,157),(795,165),(778,163)
OLA 0.0 bounds: (987,318),(1021,313),(1023,327),(989,333)
31205 0.0 bounds: (899,349),(929,343),(931,350),(900,356)
fe 0.0 bounds: (630,377),(651,376),(652,406),(631,407)
ch. 0.0 bounds: (653,371),(682,370),(684,405),(655,406)
JATI 0.0 bounds: (628,403),(652,402),(652,409),(628,410)
PARLOe 0.0 bounds: (656,403),(674,402),(674,408),(656,409)
Ola 0.0 bounds: (825,404),(843,401),(844,409),(826,412)
Auto 0.0 bounds: (846,401),(877,396),(878,405),(847,410)
now 0.0 bounds: (881,398),(905,394),(906,402),(882,406)
at 0.0 bounds: (909,391),(921,389),(922,397),(910,399)
29 0.0 bounds: (820,416),(931,406),(938,488),(827,498)
for 0.0 bounds: (830,493),(862,491),(863,511),(831,513)
4 0.0 bounds: (869,492),(884,491),(885,509),(870,510)
km 0.0 bounds: (892,489),(929,487),(930,507),(893,509)
Book 0.0 bounds: (838,527),(854,527),(854,535),(838,535)
now 0.0 bounds: (858,527),(871,527),(871,534),(858,534)
on 0.0 bounds: (876,527),(885,527),(885,534),(876,534)
the 0.0 bounds: (888,526),(898,526),(898,533),(888,533)
Ola 0.0 bounds: (902,526),(914,526),(914,533),(902,533)
App 0.0 bounds: (918,525),(934,525),(934,532),(918,532)
brgng 0.0 bounds: (869,656),(906,659),(905,669),(868,666)
ed 0.0 bounds: (921,661),(933,662),(932,671),(920,670)
