SAMSUNG
Galaxy Note8
Do bigger things
BHIVE
 0.0 bounds: (121,86),(551,86),(551,257),(121,257)
SAMSUNG 0.0 bounds: (122,86),(178,92),(177,100),(121,95)
Galaxy 0.0 bounds: (283,105),(317,109),(316,118),(282,114)
Note8 0.0 bounds: (320,109),(348,112),(347,120),(319,117)
Do 0.0 bounds: (145,141),(187,145),(184,172),(142,168)
bigger 0.0 bounds: (184,147),(258,154),(256,177),(182,170)
things 0.0 bounds: (265,155),(331,161),(329,182),(263,176)
BHIVE 0.0 bounds: (520,248),(551,250),(550,257),(519,255)
