ns
EKE FUY LTD
SCHOOL
UNI
FOR
1000
DESIGN S
AMPSTEAL
Ranganatha Manion
1010
MEHTA
WHOCE SAL
LETS
D.A.NARASINHA MOONT
JEWELLERS
Maharaja
NSION
EHEW ARE WIR NO
JENELLERS
CURA
Hairtel d
O PARKING
PHORE AUROR
EYGLUSIVE
Y SAREES
FANCY
DRESS
MATERIA
MSTONES
 0.0 bounds: (-1,-1),(838,-1),(838,558),(-1,558)
ns 0.0 bounds: (170,-1),(184,12),(175,21),(161,9)
EKE 0.0 bounds: (24,0),(39,10),(35,16),(20,6)
FUY 0.0 bounds: (41,12),(56,22),(50,30),(36,19)
LTD 0.0 bounds: (57,26),(72,37),(68,44),(52,33)
SCHOOL 0.0 bounds: (596,64),(667,63),(667,102),(596,103)
UNI 0.0 bounds: (611,109),(666,112),(663,161),(608,158)
FOR 0.0 bounds: (591,159),(648,160),(647,207),(590,206)
1000 0.0 bounds: (807,493),(837,494),(837,504),(807,503)
DESIGN 0.0 bounds: (260,361),(278,364),(276,374),(259,371)
S 0.0 bounds: (279,364),(281,364),(282,373),(280,373)
AMPSTEAL 0.0 bounds: (259,39),(298,39),(298,47),(259,47)
Ranganatha 0.0 bounds: (6,119),(45,140),(38,152),(-1,131)
Manion 0.0 bounds: (46,141),(79,158),(72,171),(39,153)
1010 0.0 bounds: (80,126),(187,175),(158,239),(51,190)
MEHTA 0.0 bounds: (600,234),(636,234),(636,249),(600,249)
WHOCE 0.0 bounds: (439,296),(458,298),(457,301),(439,299)
SAL 0.0 bounds: (462,299),(471,300),(471,303),(462,302)
LETS 0.0 bounds: (1,300),(15,302),(13,312),(-1,310)
D.A.NARASINHA 0.0 bounds: (35,313),(92,323),(90,336),(33,326)
MOONT 0.0 bounds: (95,324),(118,328),(115,341),(93,337)
JEWELLERS 0.0 bounds: (41,332),(106,345),(103,358),(38,345)
Maharaja 0.0 bounds: (655,377),(715,373),(716,386),(656,390)
NSION 0.0 bounds: (1,335),(19,337),(18,347),(0,345)
EHEW 0.0 bounds: (40,351),(61,355),(60,359),(39,355)
ARE 0.0 bounds: (64,355),(83,358),(82,362),(63,359)
WIR 0.0 bounds: (87,359),(102,362),(101,366),(86,363)
NO 0.0 bounds: (103,363),(111,364),(110,367),(102,366)
JENELLERS 0.0 bounds: (138,365),(172,369),(171,378),(137,374)
CURA 0.0 bounds: (89,421),(109,421),(109,428),(89,428)
Hairtel 0.0 bounds: (769,507),(790,507),(790,515),(769,515)
d 0.0 bounds: (828,507),(838,507),(838,515),(828,515)
O 0.0 bounds: (807,522),(811,522),(811,529),(807,529)
PARKING 0.0 bounds: (813,522),(831,522),(831,530),(813,530)
PHORE 0.0 bounds: (681,511),(704,509),(704,516),(682,518)
AUROR 0.0 bounds: (706,509),(717,508),(717,515),(707,516)
EYGLUSIVE 0.0 bounds: (681,520),(725,517),(725,522),(681,525)
Y 0.0 bounds: (702,526),(708,526),(708,533),(702,533)
SAREES 0.0 bounds: (710,524),(736,522),(736,530),(710,532)
FANCY 0.0 bounds: (677,531),(702,530),(702,536),(677,538)
DRESS 0.0 bounds: (693,544),(719,543),(719,549),(693,550)
MATERIA 0.0 bounds: (684,551),(719,549),(719,556),(684,558)
MSTONES 0.0 bounds: (146,-1),(175,31),(165,40),(136,8)
