ఎం.జి.రే
beosoe mo Mayo Hall 1
Ulsoor
个
-A B-TRAC
BENGALUBO CITY TRAFTIC POLICE se
ONE BUY
TWO
HELMET FOR THE PILLION
IS MANDATORY
జిల్లటో కడ్ాయ
C CHERRY PIC
weue more
AMAZ E
 0.0 bounds: (67,-1),(1022,-1),(1022,550),(67,550)
ఎం.జి.రే 0.0 bounds: (596,13),(648,3),(652,24),(600,34)
beosoe 0.0 bounds: (596,38),(644,29),(647,44),(599,53)
mo 0.0 bounds: (651,30),(681,24),(684,36),(653,42)
Mayo 0.0 bounds: (687,22),(731,14),(735,31),(690,40)
Hall 0.0 bounds: (739,11),(770,5),(773,19),(742,25)
1 0.0 bounds: (783,2),(796,0),(798,13),(786,16)
Ulsoor 0.0 bounds: (688,46),(746,36),(749,51),(691,61)
个 0.0 bounds: (786,27),(799,25),(801,41),(788,43)
-A 0.0 bounds: (643,77),(668,72),(670,84),(645,89)
B-TRAC 0.0 bounds: (704,65),(751,56),(753,68),(706,77)
BENGALUBO 0.0 bounds: (861,206),(906,199),(907,204),(862,211)
CITY 0.0 bounds: (917,194),(933,191),(934,198),(918,201)
TRAFTIC 0.0 bounds: (935,192),(972,186),(973,193),(936,199)
POLICE 0.0 bounds: (969,188),(998,183),(999,189),(970,194)
se 0.0 bounds: (1009,182),(1021,180),(1021,184),(1010,186)
ONE 0.0 bounds: (907,238),(942,233),(944,252),(910,257)
BUY 0.0 bounds: (946,232),(976,228),(978,247),(949,251)
TWO 0.0 bounds: (918,255),(968,248),(970,266),(920,273)
HELMET 0.0 bounds: (891,282),(924,278),(925,287),(892,291)
FOR 0.0 bounds: (930,278),(946,276),(947,284),(931,286)
THE 0.0 bounds: (950,274),(966,272),(967,281),(951,283)
PILLION 0.0 bounds: (971,271),(1006,267),(1007,278),(972,282)
IS 0.0 bounds: (917,290),(923,289),(924,298),(918,299)
MANDATORY 0.0 bounds: (928,288),(983,282),(984,293),(929,299)
జిల్లటో 0.0 bounds: (906,325),(947,322),(948,340),(908,344)
కడ్ాయ 0.0 bounds: (956,321),(1004,317),(1005,335),(958,339)
C 0.0 bounds: (919,385),(931,384),(933,402),(921,403)
CHERRY 0.0 bounds: (933,383),(984,377),(986,395),(935,401)
PIC 0.0 bounds: (995,379),(1021,376),(1022,390),(997,393)
weue 0.0 bounds: (938,401),(988,398),(988,406),(938,409)
more 0.0 bounds: (998,397),(1019,396),(1019,404),(998,405)
AMAZ 0.0 bounds: (67,535),(137,537),(137,550),(67,548)
E 0.0 bounds: (163,538),(180,538),(180,550),(163,550)
