OPUTER BOCIETY OF INDIA
FAI
ade r
Sunn LIFESTTLE
 0.0 bounds: (854,266),(1000,266),(1000,449),(854,449)
OPUTER 0.0 bounds: (881,303),(903,293),(906,300),(884,310)
BOCIETY 0.0 bounds: (906,291),(929,280),(933,287),(909,298)
OF 0.0 bounds: (933,279),(939,276),(942,282),(936,285)
INDIA 0.0 bounds: (941,274),(957,266),(961,273),(944,281)
FAI 0.0 bounds: (854,384),(897,372),(904,395),(861,407)
ade 0.0 bounds: (960,406),(978,402),(978,405),(961,409)
r 0.0 bounds: (981,400),(996,397),(997,404),(983,408)
Sunn 0.0 bounds: (862,436),(896,429),(899,441),(865,449)
LIFESTTLE 0.0 bounds: (903,426),(997,406),(1000,420),(906,441)
