With flavourful fiestas and fuR
CHRISTMA
ELEDRATIONN
Th-agth Decamber
Ath Decamiber m pm
h Derember (o m m
For more information call,
91 Bo 6ya8 g999
 0.0 bounds: (864,-1),(1021,-1),(1021,159),(864,159)
With 0.0 bounds: (864,6),(886,5),(886,13),(864,14)
flavourful 0.0 bounds: (889,4),(931,2),(931,10),(889,12)
fiestas 0.0 bounds: (935,1),(963,0),(963,8),(935,9)
and 0.0 bounds: (967,0),(982,-1),(982,5),(967,6)
fuR 0.0 bounds: (986,0),(1000,-1),(1000,4),(986,5)
CHRISTMA 0.0 bounds: (877,22),(929,19),(930,29),(878,32)
ELEDRATIONN 0.0 bounds: (947,16),(1020,11),(1021,23),(948,28)
Th-agth 0.0 bounds: (878,52),(906,50),(906,57),(878,59)
Decamber 0.0 bounds: (910,50),(942,48),(942,55),(910,57)
Ath 0.0 bounds: (881,80),(895,80),(895,87),(881,87)
Decamiber 0.0 bounds: (898,79),(930,78),(930,86),(898,87)
m 0.0 bounds: (942,80),(960,79),(960,84),(942,85)
pm 0.0 bounds: (974,78),(992,77),(992,82),(974,83)
h 0.0 bounds: (894,109),(899,109),(899,116),(894,116)
Derember 0.0 bounds: (901,108),(934,106),(934,114),(901,116)
(o 0.0 bounds: (936,106),(954,105),(954,113),(936,114)
m 0.0 bounds: (956,105),(963,105),(963,112),(956,112)
m 0.0 bounds: (987,107),(995,107),(995,110),(987,110)
For 0.0 bounds: (879,142),(893,141),(893,147),(879,148)
more 0.0 bounds: (896,142),(917,141),(917,147),(896,148)
information 0.0 bounds: (921,139),(971,137),(971,144),(921,146)
call, 0.0 bounds: (974,136),(990,135),(990,143),(974,144)
91 0.0 bounds: (880,152),(893,151),(893,158),(880,159)
Bo 0.0 bounds: (897,151),(907,151),(907,156),(897,156)
6ya8 0.0 bounds: (910,149),(929,148),(929,155),(910,156)
g999 0.0 bounds: (932,150),(953,149),(953,155),(932,156)
