0A0A DIgital
Tiresione
WELLFIT
BESE NA B
CHACHING/T BLY
B.Tech /BEomA
RS/ DDS
6360618393 / 6360513545
 0.0 bounds: (33,199),(1023,199),(1023,445),(33,445)
0A0A 0.0 bounds: (922,261),(984,255),(985,268),(923,274)
DIgital 0.0 bounds: (993,257),(1022,254),(1023,264),(994,267)
Tiresione 0.0 bounds: (38,199),(87,222),(82,232),(33,209)
WELLFIT 0.0 bounds: (71,310),(122,317),(119,334),(69,327)
BESE 0.0 bounds: (594,378),(615,379),(615,386),(594,385)
NA 0.0 bounds: (617,379),(625,379),(625,385),(617,385)
B 0.0 bounds: (627,379),(629,379),(629,385),(627,385)
CHACHING/T 0.0 bounds: (586,386),(619,387),(619,394),(586,393)
BLY 0.0 bounds: (633,388),(641,388),(641,394),(633,394)
B.Tech 0.0 bounds: (544,397),(574,402),(572,412),(542,407)
/BEomA 0.0 bounds: (576,402),(634,412),(632,424),(574,414)
RS/ 0.0 bounds: (632,402),(660,405),(659,415),(631,412)
DDS 0.0 bounds: (663,405),(679,407),(678,417),(662,415)
6360618393 0.0 bounds: (549,426),(608,430),(607,442),(548,438)
/ 0.0 bounds: (612,430),(616,430),(615,441),(611,441)
6360513545 0.0 bounds: (620,430),(676,433),(675,445),(619,442)
