456
VVA DUM
OOTBALL KA
TSGLAE UP AND CHEER FOR ALL
 0.0 bounds: (159,252),(323,252),(323,412),(159,412)
456 0.0 bounds: (200,259),(251,252),(253,271),(203,278)
VVA 0.0 bounds: (172,349),(220,339),(224,358),(176,368)
DUM 0.0 bounds: (231,334),(313,317),(318,339),(236,357)
OOTBALL 0.0 bounds: (161,369),(271,343),(278,373),(168,398)
KA 0.0 bounds: (283,341),(316,333),(323,363),(290,370)
TSGLAE 0.0 bounds: (159,400),(201,391),(204,402),(162,412)
UP 0.0 bounds: (203,391),(215,388),(217,399),(205,402)
AND 0.0 bounds: (215,391),(235,386),(237,393),(217,398)
CHEER 0.0 bounds: (238,384),(266,378),(268,387),(240,394)
FOR 0.0 bounds: (271,375),(289,371),(291,382),(273,386)
ALL 0.0 bounds: (291,371),(306,368),(308,379),(294,383)
