e de
THE RERN
CITADEL HOTEL
ThE FERN
dADEL HOTEL
theFERN
TADEL HOTEL
THE FERN
KITADIL HOTIL
THI FERN
CITADEL HOTL
TH N
CONTACT
FOR
RTHDAY PARTY
CORPORATE
OCIAL EVENTS
CALL US
8444542/91
9108 42402
 0.0 bounds: (1,210),(101,210),(101,512),(1,512)
e 0.0 bounds: (16,218),(21,218),(21,221),(16,221)
de 0.0 bounds: (74,212),(101,210),(101,215),(74,217)
THE 0.0 bounds: (19,230),(49,229),(49,240),(19,241)
RERN 0.0 bounds: (61,228),(95,227),(95,239),(61,240)
CITADEL 0.0 bounds: (19,241),(58,239),(59,250),(20,253)
HOTEL 0.0 bounds: (63,239),(94,237),(95,249),(64,251)
ThE 0.0 bounds: (18,257),(46,257),(46,270),(18,270)
FERN 0.0 bounds: (39,257),(93,257),(93,270),(39,270)
dADEL 0.0 bounds: (18,272),(55,269),(56,280),(19,283)
HOTEL 0.0 bounds: (59,272),(87,270),(87,276),(59,278)
theFERN 0.0 bounds: (19,287),(82,285),(82,296),(19,298)
TADEL 0.0 bounds: (18,300),(51,298),(52,308),(19,310)
HOTEL 0.0 bounds: (55,299),(82,297),(82,303),(55,305)
THE 0.0 bounds: (19,315),(43,314),(43,323),(19,324)
FERN 0.0 bounds: (35,314),(76,312),(76,322),(35,324)
KITADIL 0.0 bounds: (12,325),(48,322),(49,331),(13,334)
HOTIL 0.0 bounds: (51,322),(76,320),(77,328),(52,330)
THI 0.0 bounds: (19,339),(42,338),(42,348),(19,349)
FERN 0.0 bounds: (46,338),(70,337),(70,347),(46,348)
CITADEL 0.0 bounds: (20,348),(45,347),(45,354),(20,355)
HOTL 0.0 bounds: (50,348),(69,347),(69,352),(50,353)
TH 0.0 bounds: (21,360),(37,360),(37,367),(21,367)
N 0.0 bounds: (54,362),(63,362),(63,368),(54,368)
CONTACT 0.0 bounds: (10,411),(63,409),(63,419),(10,421)
FOR 0.0 bounds: (24,425),(46,424),(47,433),(25,434)
RTHDAY 0.0 bounds: (1,438),(41,436),(42,449),(2,451)
PARTY 0.0 bounds: (46,438),(83,436),(83,445),(46,447)
CORPORATE 0.0 bounds: (7,452),(67,448),(68,462),(8,466)
OCIAL 0.0 bounds: (8,466),(36,464),(37,477),(9,479)
EVENTS 0.0 bounds: (38,466),(83,464),(83,473),(38,475)
CALL 0.0 bounds: (18,487),(30,486),(30,491),(18,492)
US 0.0 bounds: (33,488),(39,488),(39,491),(33,491)
8444542/91 0.0 bounds: (1,494),(42,493),(42,503),(1,504)
9108 0.0 bounds: (4,505),(22,505),(22,512),(4,512)
42402 0.0 bounds: (24,504),(46,504),(46,512),(24,512)
