DEEPAK TEX
ath Merchants Cu. legan
SOCIETY SILKS
SILKS
NOHE SIASIGHTING PALAC
Phrtminai Silks
ANA
PHILIPS
Over 170
YAMAHA
XL HEGYY
ఫపులి
 0.0 bounds: (-1,-10),(988,-10),(988,642),(-1,642)
DEEPAK 0.0 bounds: (738,10),(773,7),(774,18),(739,21)
TEX 0.0 bounds: (778,6),(790,5),(791,16),(779,17)
ath 0.0 bounds: (5,143),(17,148),(12,161),(0,156)
Merchants 0.0 bounds: (16,145),(52,160),(45,176),(9,161)
Cu. 0.0 bounds: (78,170),(100,179),(94,195),(71,186)
legan 0.0 bounds: (102,180),(117,186),(110,203),(95,197)
SOCIETY 0.0 bounds: (681,75),(713,70),(715,85),(684,91)
SILKS 0.0 bounds: (715,69),(734,66),(736,82),(718,85)
SILKS 0.0 bounds: (626,144),(674,138),(676,153),(628,159)
NOHE 0.0 bounds: (714,167),(759,135),(784,171),(739,203)
SIASIGHTING 0.0 bounds: (760,133),(896,36),(922,73),(786,170)
PALAC 0.0 bounds: (899,36),(963,-9),(987,26),(924,71)
Phrtminai 0.0 bounds: (666,222),(701,202),(710,219),(675,239)
Silks 0.0 bounds: (702,201),(726,187),(736,204),(711,218)
ANA 0.0 bounds: (418,260),(433,260),(433,266),(418,266)
PHILIPS 0.0 bounds: (831,208),(861,202),(863,210),(833,217)
Over 0.0 bounds: (920,286),(963,284),(964,317),(921,319)
170 0.0 bounds: (965,284),(986,283),(987,316),(966,317)
YAMAHA 0.0 bounds: (62,512),(93,513),(93,521),(62,520)
XL 0.0 bounds: (92,631),(108,631),(108,640),(92,640)
HEGYY 0.0 bounds: (117,631),(159,632),(159,642),(117,641)
ఫపులి 0.0 bounds: (245,-1),(310,72),(285,95),(220,22)
