BENGALURU
ARGOD
AU SMALL FINANCE BAN
PERIAL
vorks
 0.0 bounds: (-1,43),(309,43),(309,170),(-1,170)
BENGALURU 0.0 bounds: (257,43),(309,44),(309,56),(257,55)
ARGOD 0.0 bounds: (5,66),(38,87),(33,95),(0,74)
AU 0.0 bounds: (231,161),(238,161),(238,165),(231,165)
SMALL 0.0 bounds: (241,161),(259,162),(259,167),(241,166)
FINANCE 0.0 bounds: (262,162),(288,164),(288,169),(262,167)
BAN 0.0 bounds: (291,165),(307,166),(307,170),(291,169)
PERIAL 0.0 bounds: (6,89),(39,111),(33,121),(0,98)
vorks 0.0 bounds: (5,146),(29,156),(23,170),(-1,160)
