Custo oratars
flama
Oi WILLS Sheur Gel
FOR YOUTHEUE SKIN
SREE BALA
ART GALLÉR
BEST
HERITAGE
COLLECTION
Sree Balaji
NOO
Furmiture Denisnier
Interior D
m mode Fura
to Orde
PG
ATAS COLLE
 0.0 bounds: (596,287),(1023,287),(1023,528),(596,528)
Custo 0.0 bounds: (677,435),(702,433),(703,443),(678,445)
oratars 0.0 bounds: (719,427),(754,429),(753,440),(718,438)
flama 0.0 bounds: (596,291),(654,287),(655,305),(597,309)
Oi 0.0 bounds: (604,306),(625,306),(625,313),(604,313)
WILLS 0.0 bounds: (622,305),(649,304),(649,311),(622,312)
Sheur 0.0 bounds: (656,305),(682,305),(682,311),(656,311)
Gel 0.0 bounds: (684,304),(696,304),(696,310),(684,310)
FOR 0.0 bounds: (607,314),(622,314),(622,321),(607,321)
YOUTHEUE 0.0 bounds: (624,314),(658,313),(658,320),(624,321)
SKIN 0.0 bounds: (658,316),(672,316),(672,319),(658,319)
SREE 0.0 bounds: (968,326),(990,326),(990,336),(968,336)
BALA 0.0 bounds: (1001,326),(1023,326),(1023,337),(1001,337)
ART 0.0 bounds: (957,336),(982,336),(982,348),(957,348)
GALLÉR 0.0 bounds: (987,336),(1021,336),(1021,348),(987,348)
BEST 0.0 bounds: (618,346),(640,346),(640,362),(618,362)
HERITAGE 0.0 bounds: (903,356),(945,357),(945,364),(903,363)
COLLECTION 0.0 bounds: (898,366),(950,368),(950,377),(898,375)
Sree 0.0 bounds: (783,398),(814,391),(819,411),(788,418)
Balaji 0.0 bounds: (818,392),(860,382),(864,401),(822,410)
NOO 0.0 bounds: (630,409),(656,410),(656,418),(630,417)
Furmiture 0.0 bounds: (676,411),(714,414),(713,425),(675,422)
Denisnier 0.0 bounds: (718,414),(755,417),(754,428),(717,425)
Interior 0.0 bounds: (674,422),(707,425),(706,436),(673,433)
D 0.0 bounds: (709,426),(714,426),(713,436),(708,436)
m 0.0 bounds: (705,438),(711,438),(711,447),(705,447)
mode 0.0 bounds: (713,438),(731,438),(731,447),(713,447)
Fura 0.0 bounds: (734,438),(751,438),(751,447),(734,447)
to 0.0 bounds: (672,445),(684,446),(684,454),(672,453)
Orde 0.0 bounds: (690,445),(708,446),(707,456),(689,455)
PG 0.0 bounds: (800,465),(818,465),(818,475),(800,475)
ATAS 0.0 bounds: (831,512),(863,514),(862,527),(830,525)
COLLE 0.0 bounds: (865,514),(884,515),(883,528),(864,527)
