20%
OFF
ON LENSES
FOR EVERYONE
M Lawrence & Mayo
Dayce
Barton Centre, MG Road
Kanshak
 0.0 bounds: (269,-2),(862,-2),(862,282),(269,282)
20% 0.0 bounds: (728,26),(814,-1),(827,41),(741,68)
OFF 0.0 bounds: (799,33),(821,27),(825,40),(802,46)
ON 0.0 bounds: (743,62),(768,56),(772,73),(747,79)
LENSES 0.0 bounds: (771,59),(827,46),(829,56),(773,69)
FOR 0.0 bounds: (746,83),(766,79),(767,85),(747,89)
EVERYONE 0.0 bounds: (772,76),(832,63),(834,72),(774,85)
M 0.0 bounds: (732,114),(750,112),(752,128),(734,130)
Lawrence 0.0 bounds: (757,112),(808,105),(809,116),(758,123)
& 0.0 bounds: (812,105),(820,104),(821,115),(813,116)
Mayo 0.0 bounds: (824,103),(853,99),(855,113),(826,117)
Dayce 0.0 bounds: (269,250),(298,248),(298,253),(269,255)
Barton 0.0 bounds: (742,147),(773,143),(774,152),(743,156)
Centre, 0.0 bounds: (778,142),(812,138),(813,147),(779,151)
MG 0.0 bounds: (815,138),(833,136),(834,144),(816,146)
Road 0.0 bounds: (837,135),(861,132),(862,141),(838,144)
Kanshak 0.0 bounds: (375,276),(402,258),(406,264),(379,282)
