rSTREET SMAR
Phone
91 80 4093111
STREET S
 0.0 bounds: (961,214),(1023,214),(1023,272),(961,272)
rSTREET 0.0 bounds: (969,215),(1001,214),(1001,222),(969,223)
SMAR 0.0 bounds: (1004,216),(1023,215),(1023,218),(1004,219)
Phone 0.0 bounds: (980,233),(1005,232),(1005,236),(980,237)
91 0.0 bounds: (961,251),(974,251),(974,256),(961,256)
80 0.0 bounds: (979,251),(988,251),(988,255),(979,255)
4093111 0.0 bounds: (992,250),(1023,249),(1023,254),(992,255)
STREET 0.0 bounds: (983,265),(1004,264),(1004,271),(983,272)
S 0.0 bounds: (1006,265),(1011,265),(1011,271),(1006,271)
