HONDA
MORIO
ne Lye
Take thegh
SUN
THE
BURN.
magicbrickS
BANGA AC POLICE
anad
ANK
 0.0 bounds: (171,382),(986,382),(986,610),(171,610)
HONDA 0.0 bounds: (574,383),(606,382),(606,389),(574,390)
MORIO 0.0 bounds: (626,383),(666,383),(666,389),(626,389)
ne 0.0 bounds: (564,404),(592,404),(592,415),(564,415)
Lye 0.0 bounds: (594,404),(609,404),(609,414),(594,414)
Take 0.0 bounds: (936,405),(947,405),(947,410),(936,410)
thegh 0.0 bounds: (950,405),(973,404),(973,409),(950,410)
SUN 0.0 bounds: (680,415),(703,415),(703,425),(680,425)
THE 0.0 bounds: (682,437),(701,437),(701,444),(682,444)
BURN. 0.0 bounds: (680,447),(716,447),(716,456),(680,456)
magicbrickS 0.0 bounds: (923,490),(986,489),(986,500),(923,501)
BANGA 0.0 bounds: (337,546),(359,546),(359,556),(337,556)
AC 0.0 bounds: (410,546),(418,546),(418,555),(410,555)
POLICE 0.0 bounds: (421,546),(442,546),(442,554),(421,554)
anad 0.0 bounds: (171,595),(208,593),(208,605),(172,607)
ANK 0.0 bounds: (407,600),(432,600),(432,610),(407,610)
