DEEPAK TE
SOCIETY SILKS
అందా వ్యా
LKS
OSON
AKSHA
SRAE SUNAIGHTING PALACE
SPECIALIST IN LED DISPLAY
FANCY MIRRORS, DIVINE LAMPS, LAMINA
TANJORE PAINTING, SYNTHETIC&WOOD
No: 243, ADI COMPLEX, CHICKPET, BA
Use any
Padmini Silks
ICICI Bank
GM
LIGHTING PALACE
 0.0 bounds: (11,-8),(939,-8),(939,392),(11,392)
DEEPAK 0.0 bounds: (100,51),(134,53),(133,62),(99,60)
TE 0.0 bounds: (136,53),(146,54),(145,62),(135,61)
SOCIETY 0.0 bounds: (43,105),(79,103),(80,120),(44,122)
SILKS 0.0 bounds: (81,103),(102,102),(103,119),(82,120)
అందా 0.0 bounds: (193,92),(245,55),(268,86),(216,124)
వ్యా 0.0 bounds: (245,52),(271,33),(294,65),(268,84)
LKS 0.0 bounds: (11,171),(37,170),(38,186),(12,187)
OSON 0.0 bounds: (162,121),(188,101),(196,112),(170,131)
AKSHA 0.0 bounds: (521,14),(568,-7),(580,18),(533,40)
SRAE 0.0 bounds: (96,205),(140,175),(165,212),(121,242)
SUNAIGHTING 0.0 bounds: (143,173),(256,97),(280,134),(168,210)
PALACE 0.0 bounds: (257,96),(311,60),(336,97),(282,133)
SPECIALIST 0.0 bounds: (521,49),(558,30),(565,45),(528,63)
IN 0.0 bounds: (560,30),(568,26),(575,39),(567,43)
LED 0.0 bounds: (570,24),(585,16),(592,31),(577,38)
DISPLAY 0.0 bounds: (589,15),(621,-1),(628,12),(596,28)
FANCY 0.0 bounds: (514,67),(537,56),(545,72),(522,83)
MIRRORS, 0.0 bounds: (539,54),(571,38),(579,55),(547,70)
DIVINE 0.0 bounds: (573,39),(597,27),(605,43),(580,54)
LAMPS, 0.0 bounds: (599,26),(627,13),(634,28),(606,41)
LAMINA 0.0 bounds: (629,12),(659,-2),(666,13),(636,27)
TANJORE 0.0 bounds: (535,73),(567,58),(573,73),(542,88)
PAINTING, 0.0 bounds: (568,57),(604,40),(612,57),(575,73)
SYNTHETIC&WOOD 0.0 bounds: (606,40),(684,4),(692,21),(613,56)
No: 0.0 bounds: (538,88),(556,80),(561,91),(543,99)
243, 0.0 bounds: (558,80),(572,74),(577,85),(563,91)
ADI 0.0 bounds: (573,77),(586,71),(589,79),(576,84)
COMPLEX, 0.0 bounds: (589,68),(625,53),(629,62),(593,77)
CHICKPET, 0.0 bounds: (628,50),(668,33),(672,43),(632,60)
BA 0.0 bounds: (671,30),(687,23),(691,34),(676,41)
Use 0.0 bounds: (731,10),(753,3),(757,16),(735,23)
any 0.0 bounds: (753,6),(774,-1),(777,9),(756,16)
Padmini 0.0 bounds: (45,260),(81,241),(91,259),(54,278)
Silks 0.0 bounds: (84,240),(108,228),(117,245),(93,257)
ICICI 0.0 bounds: (737,62),(834,34),(845,73),(748,100)
Bank 0.0 bounds: (837,33),(927,7),(939,47),(848,72)
GM 0.0 bounds: (425,192),(464,180),(474,212),(435,224)
LIGHTING 0.0 bounds: (441,378),(473,378),(473,391),(441,391)
PALACE 0.0 bounds: (476,379),(501,379),(501,392),(476,392)
