MAHA
MRB
Icus
757155
mpny L
FICHER
SOUND
HORN
 0.0 bounds: (1,207),(936,207),(936,462),(1,462)
MAHA 0.0 bounds: (1,207),(28,208),(28,220),(1,219)
MRB 0.0 bounds: (1,256),(29,257),(29,273),(1,272)
Icus 0.0 bounds: (4,290),(29,290),(29,299),(4,299)
757155 0.0 bounds: (3,312),(31,313),(31,319),(3,318)
mpny 0.0 bounds: (41,316),(71,317),(71,323),(41,322)
L 0.0 bounds: (74,316),(78,316),(78,323),(74,323)
FICHER 0.0 bounds: (664,370),(936,381),(934,420),(662,409)
SOUND 0.0 bounds: (663,449),(703,449),(703,455),(663,455)
HORN 0.0 bounds: (887,454),(918,454),(918,462),(887,462)
