of de dadcoc
AIR TECH&MARKETING
d HOTEL T
TAJ
CR TAJ a
 0.0 bounds: (67,183),(298,183),(298,281),(67,281)
of 0.0 bounds: (78,183),(91,186),(88,196),(75,193)
de 0.0 bounds: (91,189),(102,192),(100,198),(89,195)
dadcoc 0.0 bounds: (113,192),(136,198),(133,209),(110,203)
AIR 0.0 bounds: (70,195),(83,199),(80,210),(67,207)
TECH&MARKETING 0.0 bounds: (85,199),(141,214),(138,226),(82,211)
d 0.0 bounds: (195,239),(216,241),(215,249),(194,247)
HOTEL 0.0 bounds: (225,244),(247,246),(246,255),(224,253)
T 0.0 bounds: (277,249),(285,250),(284,260),(276,259)
TAJ 0.0 bounds: (275,253),(298,255),(296,269),(274,267)
CR 0.0 bounds: (193,252),(217,256),(214,271),(191,267)
TAJ 0.0 bounds: (226,258),(249,262),(246,277),(223,274)
a 0.0 bounds: (251,262),(272,265),(269,281),(248,278)
