EMO
d le er
Phone SONYATCN
TA
MTC
Bodiao
9aitel 4G
TATA SIv
 0.0 bounds: (478,-8),(1026,-8),(1026,366),(478,366)
EMO 0.0 bounds: (833,59),(936,-8),(976,53),(873,120)
d 0.0 bounds: (962,78),(970,72),(975,79),(967,85)
le 0.0 bounds: (979,65),(993,55),(998,62),(984,72)
er 0.0 bounds: (1008,43),(1019,35),(1025,42),(1013,50)
Phone 0.0 bounds: (878,183),(904,168),(914,185),(888,200)
SONYATCN 0.0 bounds: (931,154),(1016,103),(1026,120),(941,170)
TA 0.0 bounds: (995,162),(1019,154),(1022,164),(999,172)
MTC 0.0 bounds: (481,353),(504,353),(504,356),(481,356)
Bodiao 0.0 bounds: (478,358),(508,358),(508,366),(478,366)
9aitel 0.0 bounds: (913,252),(940,241),(947,259),(920,270)
4G 0.0 bounds: (942,241),(950,238),(957,255),(949,259)
TATA 0.0 bounds: (905,300),(936,290),(941,304),(910,314)
SIv 0.0 bounds: (941,291),(955,286),(959,298),(945,302)
