Say
RATIONAL
SUPER DELUXE UMRAH
DISCOUNT PACKAGE 201
November a
017 N
54,999/-
A DISCOUNT OF
Rs. 10,000 Per Haj
INTERNATIONAL
& TRAVELS
AALA
9845001178 /
Millad UR Nabi
Bonda
Mor
 0.0 bounds: (1,-1),(339,-1),(339,614),(1,614)
Say 0.0 bounds: (19,-1),(58,0),(58,19),(19,18)
RATIONAL 0.0 bounds: (1,170),(38,152),(44,164),(7,182)
SUPER 0.0 bounds: (44,214),(65,203),(69,209),(47,220)
DELUXE 0.0 bounds: (71,199),(97,186),(100,193),(75,206)
UMRAH 0.0 bounds: (100,184),(127,170),(130,176),(103,190)
DISCOUNT 0.0 bounds: (47,227),(81,208),(84,214),(50,233)
PACKAGE 0.0 bounds: (84,202),(115,184),(121,195),(90,212)
201 0.0 bounds: (117,183),(128,177),(134,186),(122,193)
November 0.0 bounds: (90,218),(115,204),(118,209),(93,223)
a 0.0 bounds: (117,203),(117,203),(120,208),(120,208)
017 0.0 bounds: (83,227),(97,219),(100,225),(86,233)
N 0.0 bounds: (98,219),(101,218),(104,223),(101,224)
54,999/- 0.0 bounds: (71,256),(156,200),(174,227),(89,283)
A 0.0 bounds: (109,281),(115,278),(120,286),(114,290)
DISCOUNT 0.0 bounds: (121,274),(158,253),(163,261),(126,283)
OF 0.0 bounds: (160,250),(172,243),(178,253),(165,260)
Rs. 0.0 bounds: (108,295),(128,284),(133,292),(113,304)
10,000 0.0 bounds: (129,283),(152,270),(156,278),(133,291)
Per 0.0 bounds: (155,270),(166,264),(169,269),(158,275)
Haj 0.0 bounds: (172,262),(181,257),(183,260),(174,265)
INTERNATIONAL 0.0 bounds: (96,333),(193,279),(199,290),(102,344)
& 0.0 bounds: (126,337),(133,333),(137,341),(131,345)
TRAVELS 0.0 bounds: (137,329),(189,298),(195,307),(143,338)
AALA 0.0 bounds: (54,354),(93,337),(99,353),(61,370)
9845001178 0.0 bounds: (83,390),(145,356),(151,367),(89,401)
/ 0.0 bounds: (149,353),(151,352),(156,361),(154,362)
Millad 0.0 bounds: (33,484),(57,481),(58,492),(34,495)
UR 0.0 bounds: (61,482),(73,480),(74,489),(62,491)
Nabi 0.0 bounds: (77,477),(102,474),(104,487),(79,490)
Bonda 0.0 bounds: (145,500),(183,497),(183,503),(145,506)
Mor 0.0 bounds: (304,599),(331,585),(338,601),(312,614)
